آزمایش 11
آموزش 50
آیتم 49,50,51
ابتدا 11
ابتدای 4
اجباری 49,50,51
اختیاری 49,50,51
اخیر 49,49,50,50,51,51
ارجاع 49,49
ارنست 11
استراحت 5
استفاده 49,50
اشباع 5,5,5
اصلی 49,50,51
اطلاعات 49,50,50,51
اطلاق 49
افزایش 5
الأشعة 51
السينية 51
الگوهای 48,48
الگوی 48,50,50
امکان 49,50,51
انتخاب 5
انجام 49,5,5,50,51
اندازه 50
اواسط 11
اوایل 11
ایجاد 51
ایزو 48,48
ایکس 51,51
ایگون 11
بافت 5,5
باید 50
بدون 49,49,49,49
برابر 50,50
برای 11,2,4,48,49,49,5,5,5,50,50,50,51
برخی 5,50
برطبق 49
بزاوية 51
بسازید 49,50,51
بسته 50
بنیادی 11
بکرل 11
بیان 50
بیانیه 50
بیشتر 48,49,49,50,50,51
تابش 11,11,11
تجاری 48,49,50
تصادفی 49,50,51
تصاویر 49,50,51
تغییرات 49,50,51
تلفن 48,49,50
تماس 49
تمامی 49
توسط 11,11,51
توصیف 11
توضیح 11,50
تونل 11,11,11,11
تونلی 11
تکراری 5
جداول 5
جزئیات 48,49,50
جستارهای 2,49
جسمی 50,50
جلوگیری 4
حجمی 49
حرکت 50,50
حساب 49,49,49,50,50,50,51,51,51
خاصیت 11
خصوص 49,50,51
خودکار 50
داده 11,49,50,51
دارای 48,48,48,48,48,48,48,48,48,50,50,50
دارد 49,50,50,51
دانست 50
دانشنامهٔ 49,49,50,50,51
دربارهٔ 49,50,51
دسامبر 49
دسترس 48,49,50
دسته 49
دعوت 49,50,51
دقیقه 5,5
دلیل 50
دوگانگی 11
دیجیتالی 2
دیود 11
دیگر 49,49,50,50,51
ذرات 48,49
رادرفورد 11
راستای 50,50,50
رویدادهای 49,50,51
ریاضی 4
زبان 48,48,48,48,48,48,48,48,50
زمان 5,5
زمینه 50
زوایای 51,51
ساخت 49,50,51
ساده 50
سازمان 48,49,50
ساعت 48,49,5,5,50
سامانه 49,49,49,50,50,50,51,51,51
سیستم 50
شامل 49
شهریور 50
شوید 49,49,50,50,51,51
شویدلر 11
صعود 5
صفجه 49,50
صفحه 48,49,49,49,49,50,50,50,50,51,51,51
صفحهٔ 49,49,49,50,50,50,51,51,51
صورت 49,50,50,51
طبیعت 11,49
طراحی 5
ظاهر 50
عبارت 4,49,49,50,51
علامتی 48,49,50
عنوان 11
غواصی 5
غیرانتفاعی 48,49,50
فاصله 5
فشار 5
فیزیک 50
فیزیکی 11,50
قابل 49,49,49,50,50,51
قانون 50
قرار 49
قطعیت 11,11
قوانین 50
لطفاً 49
متصل 49,50,51
متعلق 48,49,50
متفاوت 5
متقارن 5
متوالی 5
مثال 50
محاسبه 4
محتوای 49,50,51
محتویات 49,50,51
محفظه 5,5,5,5,5
محلی 48,48
محیط 5
مخالف 50,50
مخزن 49,50,51
مسئله 11
مشابه 48,48
مطالب 49
مطالعه 11,11,2
معمولاً 11
معنی 5
مفاهیم 11,50
مفهوم 50
مقالات 50
ممکن 49
منابع 49
منابعی 2
منبع 49
منفی 50
موازی 5
موجود 49
مکانیک 11
میدان 11
نادرست 50,50
ناشناخته 48,48
نامیده 50
نخست 50
نسخه 49,50,51
نشانه 11
نشانی 49,50,51,51
نمادین 5
نوار 49,50,51
نوامبر 48
نوبل 11
نوشتار 49
نوین 50
نیرو 49,49,50,50,50,50,50
نیروهای 49
نیروی 49,50,50
نیروی_حجمی 49
نیرویی 49,50,50
نیست 49,50,51
نیمه 5
نیوتن 50
هالدین 5
هانری 11
هرچند 49,50,51
همان 50
همزمان 50
همهٔ 49,49,50,50,51,51
همچنین 50
همین 49,50,51
وابسته 11
وارد 49,49,49,49,50,50,50,50,50,50,51,51,51
واقع 11,49
واژگان 48,48,48,48,48,48
واکنش 50,50
واکنش_ 50
وجود 2,49
وقتی 50,50
ویرایش 48,49,50
ویژه 49,50,51
ویکی 49,50,51
پایدار 49,50,51
پایه 50
پدیده 11,11,11
پذیرفته 11
پراش_پرتو_ایکس_در_زوایای_کوچک 51
پرتو 51,51
پیرامون 49,49,49,50,50,50,51,51,51
پیشین 49,50
پیوند 48,48,49,49,50,50,51,51,51
پیوندهای 49,50,51
چالش 49
چگونگی 49,50,51
ژوئن 50
کاربری 49,49,50,50,51,51
کامل 5
کردن 49,50,51
کشیده 49
کم 5
کناری 49,50,51
کوانتومی 11
کوچک 51
گرانش 50
گردد 50
گرفته 5,50
گرچه 49,50,51
گسترش 11
یادکرد 49,49,50,51
یافت 11
یکسان 5
