AFC 9
Ahmad 60
Ajax 58
Allow 75
AppGallery 77
Authorization 75
Bamiyan 55
Buddhas 55
Conference 66
Demara 50
Deny 75
Developer 66
Doulos 59
EMUI 66,66,66
Emotion 66
Ferdinand 50
HDC 66
HMS 77
Hack 75
Huawei 66
LCD 71
LED 71
Le 59
Li 77
MONTEGRAPPA 51
Massoud 60
Mate 61
Minimum 75
Operation 58
Pro 61
Shah 60
UI 66
Waldo 50
Weibo 66
Zhankg 77
cooling 62
hi 79
kish 79
of 55
tower 62
آب 62,69,92,95,95,95,95,98,98,98,98,98
آبادان 100,100,100,100,100,100,100,100,100,100,86,95
آبادانی 18
آبان 99
آبزی 69,98
آبسرد 80
آبسردکن‌ 80
آبشخورها 99
آبفای 98
آبگرفتگی 82,92,95,95,95,95,95,95,95
آبی 98
آب‌بر 32
آتی 7
آتیلا 57
آثار 42,81,81,81,81,81,81,97,97,97,97,97,97
آجیل 26,26,26,26,26,26,26,26,26
آخر 84,85
آخرین 13,45
آداب 87
آذر 4,80,99,99
آذربایجان 4,44,44
آذرماه 87,94
آرام 48
آرامش 24
آرزوی 3,3
آرسنال 37,37,37
آرش 100,81,97
آره‌نای 33
آرژانتینی 35
آریا 63
آریایی 81,81,97,97
آزاد 2,22,94
آزادی 12,12,12,5,56,7
آزمایش 76
آزمایشگاهی 71,76
آس 15,35
آستانه 3,87
آسمان 86
آسیا 3,3,3,9,9
آسیب 72,72
آشفتگی 85
آشنا 69
آشنایی 62,62,62
آشوبگران 58
آشپزخانه 71
آشکارترین 71
آشیل 85
آغاز 17,19,30,33,38,64,79,79,80,88,91,91,94,99
آغازی 32
آفتابگردان 32
آفریقای 4
آقای 3
آل 23,3
آلایندگی 82,82,92,92
آلمان 13,29,29,29,33,45,45,45,45,47,47,47,47
آلمانی 45
آلن 58
آلودگی 72,98
آلیسون 37
آل‌کثیر 3
آماده 94
آمادگی 81,89,97
آمار 20,39,40,87,90,99
آمارهای 68
آمد 84
آمدند 35
آمده 34,36,48,68,72,9
آمریکا 4,42,53,68
آمریکای 11
آمریکایی 50
آموزان 96
آموزش 89
آموزشی 96,96,96
آمیز 29
آن 14,16,16,18,26,26,30,30,32,32,35,36,36,36,36,38,39,4,41,41,41,43,43,44,46,47,48,49,52,54,6,61,62,62,66,68,69,70,71,71,71,72,72,72,74,74,75,78,78,82,82,9,92,92,95,95,95,98
آنان 71,72
آنجا 16,49
آنجایی 24,28
آندره 27
آندوسکوپی 70
آنفولانزاها 76
آنلاین 74,76,77,79,79,79
آنها 61,71,71,71,71,71,72,72,72,75,77,99
آنهاست 71
آنچه 20,32,59,8
آنکه 45
آن‌ها 32,35,35,40,43,43,45,52,52,52,53,55,78,9
آهو 99
آورد 47
آوردن 99
آورند 93
آوری 99
آوریل 45
آژاکس 58
آکواریوم 69,69,69,69
آگاهی 32
آینده 14,32,34,6,6,6,86,90,90
ابتدای 16,16,30,36,94
ابتلا 76,78
ابتلای 9
ابر 86
ابراهیم 57
ابرتورم 47
ابری 86
ابزاری 71
ابطال 38
ابعاد 78
ابهر 73
ابوالفضل 94
ابول 87,87,87
اتحادیه 26
اتفاق 24,59,66
اتفاقاتی 10
اتفاقی 30
اتلتیکو 27,27,27,39,39,39
اتلتیکومادرید 15
اتمام 81,97
اتوبوس 69
اثبات 68
اثر 23,42,43,59,81,97,98
اثرات 85,98
اثری 78
اجازه 10,10,36,75
اجتماعی 100,38,41,66,73,73,77,93,93,93,93,93
اجرا 75,93,98,99
اجراهای 81,97
اجرای 16,32,34,98
اجرایی 18,36,73
اجناس 26,26
اجناسی 26
احترام 63
احترامی 3
احتمال 10,11,76,9
احتمالا 6
احتمالی 9
احداث 89
احساس 53
احمد 5,60,60
احمدزاده 57
احمدشاه 60
احمدی 26,57
اخبار 77
اختصاص 77,83,85
اختصاصی 64,84
اختلاف 25
اختیار 35,64,79,94
اخراج 11
اخیر 24,25,29,3,32,82,84,92,95,95,96,96,98
ادارات 100,100,62,78
اداره 88,93,96
ادارههای 100
اداره‌کل 90,90,93,93,93
اداری 80,95
ادامه 100,11,17,21,28,5,68,7,70,80,82,82,83,87,91,92,92,96
ادعا 76
اذعان 32
ارائه 13,32,75,84
اراده 68
اراده‌ای 95
ارایه 95
ارباب 100
ارتباط 24,85,85,85
ارتش 56,60
ارتقا 6
ارث 96
ارجاع 32
اردلان 57
اردن 4
اردوهای 94
اردوی 94
ارز 10,20,24,24,4,4,4,4
ارزانی 8
ارزش 2,22,22,22,22,85
ارزشمند 53
ارزشی 2
ارزشیابی 46,54
ارزش‌گذاری 4
ارزن 32
ارزیابی 65,65
ارسال 18,23,38,81,97
ارشد 52,53,73
ارقام 18,28,32,6,6
ارمنستان 4,44
ارمنی 44
اروپا 13,13,19,21,23,29,33,33,33,35,35
اروپایی 33,47
اروگوئه 11,15
اروگوئه‌ای 15,39
از 1,1,10,10,10,10,100,100,100,100,100,100,100,100,13,13,14,14,14,14,15,15,16,16,16,17,18,18,19,19,20,20,20,20,20,20,20,20,21,21,22,23,23,23,23,23,23,23,23,23,23,23,23,23,23,24,24,24,24,24,24,25,25,26,26,26,26,26,26,26,27,27,27,27,27,28,28,28,28,28,28,29,29,3,3,3,30,30,30,30,30,30,31,32,33,33,34,34,34,35,35,35,35,35,36,36,36,36,36,36,38,38,38,38,39,39,39,4,40,40,40,41,42,43,44,45,45,45,45,45,45,46,47,47,47,48,48,48,49,49,49,49,49,5,50,51,51,51,51,52,53,53,53,53,53,54,55,55,56,56,56,58,59,59,6,6,6,6,60,60,60,60,61,61,61,61,62,62,62,64,64,64,65,65,65,65,66,66,66,66,66,66,67,67,68,68,68,68,69,69,69,69,69,70,70,70,71,71,71,71,71,71,71,71,71,71,71,71,71,71,71,71,71,71,71,72,72,72,72,72,72,72,72,72,72,72,73,73,73,74,74,74,74,75,75,75,75,75,76,76,76,76,76,76,76,76,77,77,77,77,77,77,77,77,78,78,78,78,78,78,78,79,79,79,79,79,79,80,81,81,81,81,81,81,82,82,82,83,83,84,84,84,84,85,85,85,85,86,87,87,87,87,88,88,88,89,89,9,9,9,9,90,90,90,90,91,91,91,91,92,92,92,92,93,93,93,93,93,93,94,94,94,94,94,95,95,95,95,95,95,95,95,96,96,97,97,97,97,97,97,98,98,98,98,99,99,99,99,99,99,99,99
اساس 22,4,65,77,81,84,85,97,98,99,99
اساسنامه 7,7
اساسی 36,84,95,95
اسبق 60
است 1,10,100,100,100,100,100,11,11,14,14,15,15,15,18,18,18,18,18,20,20,20,22,24,24,24,24,24,24,24,24,24,25,26,26,28,28,29,29,3,3,3,3,30,30,30,30,32,32,32,32,34,34,34,35,35,35,35,36,36,36,36,36,38,38,38,39,39,40,40,40,42,42,46,46,48,48,48,48,49,49,49,51,52,53,54,54,55,59,61,61,63,64,64,66,66,66,66,68,69,69,69,7,7,70,70,70,71,71,71,71,71,71,71,71,71,71,71,71,71,72,72,72,72,72,72,72,73,73,74,75,75,76,76,76,76,76,77,77,77,77,77,78,79,8,8,8,80,82,82,82,82,82,83,83,83,84,84,84,84,85,85,85,85,85,85,85,87,87,87,88,89,89,9,90,90,90,91,92,92,92,92,92,92,92,93,93,94,94,95,95,96,96,96,96,96,96,98,98,98,98,98,99,99
استارتاپ 65
استان 41,69,79,81,81,81,81,82,82,82,82,82,82,82,83,83,83,84,84,85,85,85,85,86,86,87,88,88,88,90,90,90,90,91,92,92,92,92,92,92,92,92,92,92,93,94,95,97,97,97,97,99,99
استاندار 84,84,89,89,90,90
استاندارد 61
استانداردها 98
استانداری 84,84,84,84,85,85,85,85,85,85,85,85,85,85,90,93,93,93
استانداری‌ها 84
استانداری‌های 84
استانی 91
استان‌های 88
استخوان‌ها 72
استراتژیک 85
استرالیا 4,43
استرالیایی 43,43
استفاده 100,100,100,20,20,20,26,27,27,36,51,62,64,66,71,71,71,71,72,75,75,76,79,79,90,93,99
استقبال 61
استقلال 64
استیناف 9
اسرائیل 56,56,56,56
اسرائیلی 56
اسطوره‌ای 31
اسعدیان 57
اسلامی 18,18,18,18,30,34,7,82,88,92,95,95
اسناد 40
اسنپ 76,76,76,79,79,79,79,79,79
اسنپی‌شان 79
اسپانیا 13,13,21,29,29,29,33
اسکناس 47,47
اسیر 56
اشاره 100,100,16,20,36,82,82,91,92,92,93,95,95,95
اشتباه 17,27,27,27
اشتباهی 59
اشغال 47,60
اصلا 9
اصلی 24,55,72,74,77,87
اصلی‌ترین 71
اصناف 100,100
اصولا 71
اضافه 26,76,76,76,79,99
اضافه‌وزن 72
اضافی 33
اطلاع 69
اطلاعات 67,75,75,75,99,99
اطلاعیه 38
اطلاع‌رسانی 93
اطمینان 74,76,77
اظهار 10,100,100,20,28,6,83,86,90,91,93,94,95,99,99
اظهارات 26,7,85
اظهارداشت 82,92
اعتبار 79,83
اعتبارات 82,82,85,85,92,92,93
اعتباری 65,65,65,89
اعتراض 38
اعتراض‌های 9
اعترافات 53
اعتقادی 25
اعتماد 20
اعداد 18
اعدام 52
اعضای 52,52,53
اعظم 28,28
اعلام 10,100,15,18,24,24,26,30,34,36,38,38,4,4,4,44,52,65,66,7,73,81,83,84,87,97,99
اعمال 36,87,87,91
اغراض 18
اغلب 86
افت 24,4,98
افتاد 41
افتاده 24,59,66
افراد 72,72,74,76,76,93,93
افرادی 76,76,93
افزاری 77
افزایش 12,12,16,16,16,2,2,2,2,20,24,28,30,30,30,30,30,30,36,4,40,40,40,6,6,6,62,64,73,76,90,90,93,93,99,99
افزایش‌های 6
افزود 10,10,100,100,100,26,32,38,73,81,81,82,82,83,86,87,90,90,91,92,92,92,93,94,95,96,96,97,97,99
افزون 4
افسار 16
افشین 88,89
افغانستان 4,55,60,60,60
افغانی 4
افول 21
افکار 84
اف‌بی‌آی 53
اقتصاد 36
اقتصادی 10,10,20,30,30,32,32,32,34,38,38,41,67,67,8
اقدام 16,34,47,74,81,91,91,93,97
اقدامات 32,68,93
اقداماتی 10,51
اقساط 38,38,38
ال 27
الاسلام 82,82,92,92,95
البته 45,77,82,92,99
البرز 88
التحصیلان 65
التهاب 70
الحاق 77
الحسنه 34,34
الدین 48
الزام 91
الزامات 32,32
العاده 25
المقدس 48
المللی 63,81,97
النصر 9
الهامی 1,1
الهلال 9
الوندی 99,99,99
الکترونیکی 64,71
الی 26,65,65,81,97
ام 23,45
اما 100,17,17,20,24,28,3,36,43,46,49,50,54,60,68,84,88,88,94,98,99
امارات 35,4
اماراتی 35
امام 95
اماکن 100,100
امتیاز 13,21,25,25,25,27,85
امتیازات 39
امتیازی 5
امر 96
امروز 11,12,2,20,22,22,4,4,5,71,8,81,83,90,95,97
امروزه 62,71,72,72
امریک 37
امسال 20,20,28,40,87,99,99
امشب 27
امضا 35
امضاکنندگان 57
امضای 35
امنیت 91,91
امنیتی 52,75,75,75
امواج 86
امور 73,73,93,93,93
امکان 61,72,72,72,72,76,79,81,97
امکانات 89,95
امکان‌پذیر 99
امید 96
امیدوارم 7,73
امیدواریم 8,82,92
انباشته 92,92
انبساطی 28
انبوه 64
انتخاب 67,7,74,78,81,97
انتخابات 7,7,7,7,7,7,7
انتخابی 11
انتشار 28,28,28,36,77,87
انتصابات 85
انتظار 86,93
انتظارات 30,30,30
انتظامی 91,91,91,91,91
انتفاضه 41
انتقاد 84
انتقادات 88
انتقاداتی 6
انتقال 100,51,51,56,91
انتقام 94
انجام 10,10,10,10,28,28,36,48,58,70,71,72,78,79,89,90,95,99,99,99
انجمن 8
انحنا 61
انحنای 61,61
اند 14,24,94
انداخت 37
اندازه 3,61
اندازه‌ای 28
اندازه‌گیری 71,71,71
اندام 72
اندونزی 4
اندکی 99
انرژی 64,71
انریکه 13
انسان 76
انسانی 73
انسان‌ها 72
انسداد 70,70
انعکاس 50,85
انقدر 3
انقلاب 18,18
انقلابی 85
انواع 4,62,63,69,71,71,71,71,71,71,72,72,74,76
انگاری 87
انگلیس 35,37,37,4
انگیزه 96
اهالی 85
اهتمام 90
اهداف 62,78
اهمیت 62,96
اهواز 86,95,95,95,96,96,96,96
او 15,25,45,45,45,48,48,49,49,50,50,50,50,51,51,51,53,53,58,58,59,60,60,7
اواخر 8
اواسط 86
اوایل 95,95
اوبامیانگ 37
اوج 24,43,58
اوراق 2,20,28,28,28,28,28,28,28,36
اورژانس 90
اول 16,19,2,40,40,40,43,47,48,6,81,97,99
اولد 64,64,64
اولدترافورد 23
اولویت 10,76,93,93
اولویت‌ها 82,92
اولین 58,73,73,76,77,79,79
اولیه 22,28
اویارزابال 13
اپل 77
اپلیکیشن 76,76,76,77,77,79,79
اپلیکیشن‌ها 77
اپلیکیشن‌های 77,77,77
اپ‌استور 77
اپ‌گالری 77
اکبر 57
اکثر 44
اکسین 94,94
اکشن 42
اکنون 24,35,75
اکوادور 11
اکوسیستم 77,77,77,77
اگر 14,20,3,3,64
اگر‌های 28
ای 23,38,63,84
ایبِنا 10
ایتالیایی 53
ایجابی 91
ایجاد 28,28,36,49,58,70,85,98
ایدز 76
ایده 23,65,65,65
ایذه 90,94,94
ایران 11,20,23,32,34,36,41,46,5,54,58,58,60,69,69,78,79,9,94
ایرانی 9
ایرانیان 58
ایرج 57
ایرنا 94,96,99
ایروبیک 89
ایستاده 55
ایستکول 80,80,80,80
ایستگاه‌های 91
ایسنا 40,86,90,91,93
ایشان 32
ایفا 68,90
ایم 20
ایمنی 90,90,90
ایمو 43
این 1,1,10,10,10,100,100,100,100,11,11,11,12,13,13,13,14,14,14,16,17,17,18,19,20,20,20,21,22,23,23,23,23,23,23,23,24,24,24,24,24,24,24,24,25,25,26,26,26,26,26,26,27,27,27,27,27,27,27,27,28,28,28,28,29,29,3,3,30,32,32,32,32,32,32,32,32,33,33,35,35,35,35,36,36,36,36,36,36,36,36,37,38,38,4,40,40,41,42,43,44,44,44,46,46,47,48,48,49,49,5,50,51,51,51,51,52,53,54,54,55,55,55,56,57,58,58,59,59,59,59,6,60,61,61,61,64,64,64,65,65,65,65,65,66,66,66,66,67,68,69,69,69,69,7,7,73,73,73,73,73,73,74,74,74,75,75,76,76,76,76,76,76,77,77,77,77,78,78,78,78,79,79,79,79,8,8,8,8,80,80,80,81,82,82,83,83,83,83,83,84,84,84,85,85,85,85,85,85,85,86,87,88,88,88,89,89,89,89,9,9,9,90,90,90,91,91,91,91,91,92,92,92,93,93,93,93,93,93,94,94,94,95,95,95,96,96,96,96,96,96,96,96,96,96,97,98,98,98,99,99,99,99,99,99,99
اینترنت 67
اینترنتی 71,79
اینجا 3
اینطور 62
اینکه 10,20,24,24,36,53,80,9
این‌بار 17
این‌حال 17,75
ایوبی 48
با 1,1,1,10,10,10,10,100,100,11,11,11,12,12,13,13,13,14,14,14,16,16,17,18,18,18,18,18,19,19,2,2,2,2,2,2,2,20,20,20,21,21,21,23,23,23,24,24,25,25,26,26,27,27,28,28,28,28,28,28,29,3,3,3,30,31,32,32,32,33,34,34,34,35,35,35,35,35,36,36,36,36,37,37,38,38,38,4,40,40,40,42,43,44,44,45,46,46,47,47,49,49,5,5,50,51,52,54,54,56,58,58,59,6,6,6,6,6,6,6,6,60,60,60,61,61,62,62,62,62,63,64,65,65,65,66,69,69,69,69,69,70,71,71,71,72,73,73,73,74,74,74,74,74,74,74,75,76,76,76,76,78,78,78,78,78,79,79,8,8,8,80,81,82,82,82,82,82,83,83,83,83,85,85,85,85,86,86,86,86,89,89,9,90,90,91,91,91,91,91,91,91,92,92,92,92,92,92,93,93,93,93,93,93,93,93,94,94,94,95,95,95,95,95,96,96,96,96,96,97,98,99,99,99,99,99,99
بابا 69
بات 4
باخت 13,27
بادی 89,89
بار 16,16,23,25,25,26,33,46,48,54,87,88,88
باران 95,95
بارسایی 27
بارسلونا 15,19,21,27,27,27,27,35,39
بارسلونای 21
بارسلونایی 39
بارش 95,95
بارش‌های 86
بارندگی 99
بارها 95
باز 17,23,23,25,36,37,49,5,5,65
بازار 10,12,16,16,2,2,24,24,28,28,28,28,28,28,28,28,36,36,36,61,64,64,64,74,94,94
بازارسرمایه 28
بازارهای 24,63
بازاری 61
بازبینی 81,97
بازتفسیر 59
بازداشت 58
بازدید 67,73,95
بازرسی 82,82,91,92,92
بازسازی 72
بازماندند 13
بازمی‌گردد 46,54
بازمی‌گشت 55
بازنشسته 7
بازنشسته‌ها 7
بازنشستگان 7
بازنشستگی 93,93,93
بازنمایی 85
بازه 30
بازهم 2
بازپرداخت 34,34,38,38,38,38,38
بازگشایی 16
بازگشت 43
بازی 11,13,13,13,17,19,23,24,24,24,25,25,27,27,27,27,3,31,31,31,31,33,77,89,9
بازیکن 23,23,3,39
بازیکنان 3,9
بازیکن‌های 3
بازی‌ها 19
بازی‌های 39,39,9
باشد 21,26,28,28,3,33,35,64,68,71,78,78,95
باشم 59
باشند 35,44,88
باشگاه 35,72,72
باشگاهی 35,72,72
باشگاه‌ها 72
باشگاه‌هاست 72
باشگاه‌های 72,72
باشید 3,69
باشیم 32,6,7,73,76,8,8,87
باعث 23,29,30,36,41,44,44,47,62,88,9
باقی 72,96
بالا 20,23,96
بالاترین 74
بالاخره 21
بالادست 98
بالانس 89
بالای 33,73
بالایی 28,6
بالغ 20,40,62,82,89,92,95
بامداد 11
بامیان 55,55
بان 31,31
بانوان 89,93,93
بانوی 31
بانک 10,10,20,20,20,20,34,36,4,4,4,40,8
بانکی 34,38,38,65
بانک‌های 34
باپه 23
باکیفیت 63
باگ‌هایی 77
باید 100,15,28,32,6,6,62,68,7,76,82,85,85,87,92,94,94,95,96
بایرن 33,33
بایرنی‌ها 33
ببرد 45,7
ببرند 35
ببریم 99
ببندد 51
ببینید 67
بتوان 64,92
بتواند 28,3
بتوانم 96
بتوانند 58,76,76
بتوانیم 10,10
بحران 21
بحرین 4
بخش 16,20,20,24,24,28,28,28,28,36,43,74,77,77,79,82,82,82,90,92,92,92,92,95
بخشودگی 93
بخشی 28,6,82,82,85,92,92
بخش‌ها 73
بخش‌های 73,73,75
بخوبی 36
بخودی 21
بخورد 11
بد 27,68
بدانجا 59
بدانید 68
بدقولی 43
بدل 48
بدلیل 1
بدنامی 26
بدنسازی 89,89
بدنه 71,71
بدهی 26,28,36,36
بدهیم 87
بدون 20,34,34,36,36,36,4,67,71,77
بدوی 9
بدین 24
بدیهی‌ترین 71
بر 100,11,11,12,13,16,17,17,19,20,22,23,23,25,25,28,28,28,29,32,33,36,36,4,4,40,46,48,54,56,62,64,64,65,70,76,77,79,81,82,84,84,85,85,89,91,91,92,92,95,95,96,97,98,98,98,98,98,99,99
برآورد 96,99
برابر 12,15,29,29,37,41,52,78
برات 40,40,40,40,40
برادرخوانده 52
براساس 10,100,36,4,7,80
برانگیز 85
براي 28
برای 100,11,14,14,16,23,23,24,25,26,26,27,3,3,3,3,32,32,32,32,32,32,33,34,34,35,35,36,36,38,38,4,4,43,45,47,47,49,51,53,55,58,58,60,61,61,61,63,64,64,65,66,67,68,68,68,69,69,7,71,71,72,72,72,72,72,72,75,75,75,75,76,76,77,78,78,79,79,8,8,80,81,81,82,83,85,85,86,9,90,91,92,93,93,95,96,96,96,96,96,96,96,97,97,99,99,99
براین 40
برتر 35,5,77,94,94
برتری 37,5,5
برتری‌های 71,71
برج 62,62,62
برجام 28
برجای 48
برخورد 17,92,95
برخوردار 69
برخی 16,24,58,60,68,82,84,84,84,92,95,95
برد 20,21,21,27
بردار 94
برداری 94,94
برداشت 36,82,92
برداشته 32,76
بردم 3
بردن 72
بردند 33
بردهای 71
بررسی 100,16,28,65,73,95
بررسی‌ها 87
برزیده 57
برزیل 15
برساند 28
برسانند 76
برسد 31,37,66,82,92
برطرف 77,95
برق 71,73,86,98
برنامه 10,18,20,20,32,34,6,75,82,82,92,92,99
برند 63,63,71
برنده 35
برهم 59
برودتی 62
بروز 74
بروند 94
بروید 67
برپا 46,54
برکت 83,83,83,83,83
برکنار 1,1
برکناری 1
برگ 40,40
برگزار 11,23,33,33,38,7,73,81,90,94,94,97
برگزاری 3,46,54,7,7,94
برگشت 23,25,28,40,40
برگشتی 17
برگه 2
بز 99
بزرگ 21,27,28,28,35,43,62,64,69,71,71,79,94,94
بزرگتر 55,61
بزرگراه‌های 90,90
بزرگی 18,20,75,85
بزند 50
بزنگاه 84
بسترسازی 93
بستری 100
بستن 51
بسته 38,63
بسزایی 36
بسیار 11,25,29,68,71,96
بسیاری 14,32,53,62,66,69,71,71,71,71,72,73,74,85,94,96,96
بسیج 95
بشر 76
بشنوید 58
بشوند 74
بشکه 6,6
بعث 41,52
بعد 13,13,16,17,24,26,26,27,38,45,49,49,60,65,81,87,9,97
بعدی 45
بعضی 16
بـه 40
بفرستد 23
بفروشیم 20
بلاروس 4
بلاعزل 38
بلموندو 59
بلندی 55
بله 3,3
بلکه 24,35,71,78,85
بلیت 79
بلیط 69
بماند 15
بمانم 96
بمانند 76
بمانیم 87
بنابر 20,26
بنابراین 20,20,22,64
بنای 55
بنا‌های 55
بند 34
بندر 95
بندهای 34
بندی 63,82,84,92
بنزما 17
بنکداران 26
بنکدارانی 26
بنگلادش 4
بنیاد 18,18,83,83,83
به 1,1,1,10,10,10,10,10,10,100,100,100,100,100,11,11,12,12,12,12,12,12,13,13,13,13,15,15,15,15,16,16,16,17,17,17,17,17,17,17,17,18,18,18,18,18,18,18,19,19,2,2,2,2,2,2,2,2,20,20,20,20,20,20,21,21,21,22,22,22,23,23,23,23,23,23,23,23,23,24,24,24,24,25,25,25,25,25,25,26,26,26,26,27,27,27,27,27,27,27,28,28,28,28,28,28,29,29,29,29,3,3,3,30,30,30,30,30,30,30,30,30,30,31,31,32,32,32,32,32,32,33,33,33,34,34,34,34,35,35,35,35,35,35,35,35,35,35,36,36,36,36,36,36,36,37,37,37,38,38,38,38,38,38,39,39,39,4,4,4,40,40,40,40,40,40,41,41,41,43,43,43,43,43,43,44,45,45,45,45,45,45,46,46,46,47,47,47,47,48,49,49,5,5,5,5,50,50,50,50,50,51,51,51,51,51,51,51,52,52,53,54,54,54,55,55,56,56,56,58,58,59,59,59,6,6,6,6,6,6,6,60,60,61,61,61,61,61,63,63,63,64,64,64,64,64,65,65,65,65,66,66,66,66,67,67,67,67,67,68,68,68,68,68,69,69,69,69,69,7,7,7,7,7,70,71,71,71,71,71,71,71,71,71,72,72,72,72,72,73,73,73,74,74,74,74,74,74,74,75,75,75,76,76,76,76,76,76,76,76,76,76,76,77,77,77,77,78,78,78,78,79,79,79,79,8,8,8,8,80,80,81,81,81,81,81,81,81,81,81,82,82,82,82,82,82,82,83,83,83,83,84,84,84,84,84,85,85,85,85,85,86,87,87,87,87,87,87,87,87,88,88,88,88,88,88,88,89,89,9,9,9,9,9,9,90,90,91,91,91,91,91,91,92,92,92,92,92,92,92,93,93,93,93,93,93,93,93,93,93,94,94,94,94,94,95,95,95,95,95,95,95,95,95,96,96,96,97,97,97,97,97,97,97,97,97,98,98,98,98,98,98,98,98,99,99,99,99,99,99,99,99
به­شرح 18
بهادار 2
بهار 12,12,12,20,78
بهاروند 7,7
بهای 12
بهبهان 98,98
بهتر 76,76,85
بهتری 49,90
بهترین 71,71
بهداشت 100
بهداشتی 100,100,81,87,87,91,97
بهره 28,35,45,65,72,74
بهره‌برداری 72,83,83
بهره‌مند 93
بهره‌گیری 71
بهسازی 90
بهمن 46,54,57
بهمن‌ماه 88
بهینه‌سازی‌های 66
بهینه‌ی 64
به‌ 20,98
به‌دنبال 17
به‌روزرسانی 66
به‌زودی 73
به‌کارگیری 73
بوجود 84
بود 1,1,1,10,10,11,13,14,16,17,18,19,20,20,20,20,20,21,23,26,26,26,27,27,27,27,27,27,28,28,3,30,31,32,32,36,36,36,37,38,38,38,38,41,43,43,44,45,45,45,45,45,46,47,48,48,49,5,5,50,50,50,53,53,54,56,58,58,59,6,6,6,6,6,60,66,68,75,76,78,79,8,8,8,81,81,86,91,97,97,98,98,99,99
بودا 55
بوداپست 33
بودجه 14,14,18,18,18,18,18,18,18,20,20,20,20,20,28,28,28,28,28,32,34,34,36,36,36,36,36,36,36,36,6,6,6,6,6,6,6,6,6,6,82,85,92
بودجه­ای 18
بودجه‌های 6
بودم 96
بودن 18
بودند 17,44,47,55,55,78,86,91,95
بوده 18,20,22,24,39,62,69,75,84,90
بودیم 20
بورس 2,2,2,28,28,28,6
بورسی 22
بوفون 31
بولیوار 4
بوی 26,28
بویایی 70
بپیوندند 65
بکر 69
بکشد 53,70
بکند 74
بکنند 74,74,74
بک‌هایی 59
بگذارد 39
بگوییم 20
بگیر 38,38
بگیرد 17,30
بگیرند 47,64,93,93
بگیریم 91
بی 16,41,6,85,90
بیان 20,62,93,96,98
بیانگر 16,6
بیاورد 1
بیاورید 49
بیاید 24,32
بیت 48
بیرون 23,72
بیست 34,34,38
بیستم 1
بیش 24,64,70,72,77,79,79,83,85,94
بیشتر 25,28,49,62,71,72,77,77,84,9,90,96
بیشتری 24,76
بیشترین 95
بیش‌تر 35,69
بیمار 100,100,100,100,76
بیماران 78,87
بیمارستان 100,100,62
بیمارستان‌ها 87
بیماری 76,76,76,78,78,81,87,97
بیماری‌ای 76
بیمه 93,93,93,93,93,93,93,93,93,93
بین 28,35,44,52,58,61,63,65,81,85,86,94,97
بیننده 49
بیننده‌ای 69
بینی 20,28,46,54,6,70,70,70,70
بین‌شان 35
بیکاری 92
بی‌منت 92
تأثیر 36,36
تأمین 36,36,36,36
تئاتر 81,81,81,81,81,97,97,97,97,97
تئودور 58
تا 10,10,11,13,15,16,16,17,21,23,23,24,24,24,26,30,32,33,38,43,43,45,45,47,58,59,64,65,65,65,65,65,74,75,76,76,76,77,79,80,80,83,86,86,86,86,87,90,90,90,90,93,95,99
تابستان 20,26,26,30,30,30,30,78
تابناک 1,10,11,13,15,17,19,21,23,25,27,29,3,31,33,35,37,38,39,46,46,5,54,54,7,8,9
تاثیر 24,24,24,24,98
تاثیرگذار 28,90
تاثیرگذاری 24
تاثیری 28
تاجیکستان 4
تاخته 23
تاخیر 99
تاریخ 38,76,79,94
تاریخی 55,55,55
تاریکی 72
تازه 88
تازگی 39
تاسیس 74
تامین 32,32,32,32,64,8,98,98
تاورها 62
تاکای 4
تاکسی 79
تاکنون 100,32,36,68,75,98
تاکید 100,100,16,32,84
تاکیدات 32
تایلند 4
تایید 53,7
تباری 48
تبدیل 17
تبریز 1
تبریزی 57
تبصره 34
تبع 9
تبعیت 68
تبلیغ 74
تبلیغی 71
تجارت 10,71
تجاری 100,80
تجربه 25,36,73,73,75,95
تجلی 63
تجمع 46,54,99
تجمعات 100
تجهیز 96
تجهیزات 68,68,71,71,89,91
تحت 24,24,93,93
تحرکات 60
تحرکاتی 60
تحریم‌ها 32,36
تحریک 58
تحصیلی 78
تحقق 14,20,28,36,36
تحقیر 29
تحقیرآمیزی 13
تحلیل 30
تحولات 76
تحویل 51
تخصصی 65,74,74
تخصیص 82,82,82,92,92,92
تخفیف 79
تخفیف‌های 80,80
تخلیه 24,24
تدابیر 8
تدارک 23,26,8
تداوم 87
تدوین 49
ترابی 3
ترازو 71,71,71
ترازوهای 71,71
ترازوی 71,71,71,71,71,71,71,71,71,71,71,71,71,71,71,71,71
تراشتگن 27,27
تراکتور 1,1,1,1
تراکم 96,99
ترتیب 11,27,35,40,86
ترتیکاله 32
تردد 91
ترددهای 100
تردمیل 72,72,72,72,72
ترسیم 100
ترشتگن 27
ترشحات 70,70
ترغیب 96
ترمیم 90
ترک 78
ترکمنستان 4
ترکیب 31
ترکیه 4
تریلری 42
ترین 46,54,74,85
تزریق 28
تستش 15
تسریع 95
تسلیم 11
تسهیلات 34,38,38,38,38,38,38,38,38,38,65,65,65,65
تسهیل‌گران 93
تشخیص 70
تشدید 100
تشریح 65
تشکر 20
تشکیل 24,71
تصادفات 90
تصاویر 48,48
تصفیه‌ 80
تصمیم 1,24,64,82,92,94
تصور 71,71
تصویب 18
تصویر 59,64
تعامل 85
تعاون 38,73,73,73,73
تعاونمعاون 73
تعاونی 73
تعجب 29
تعداد 31,38,40,40,40,61,66,66,75,81,83,83,90,97
تعریف 70
تعزیرات 100
تعطیل 24
تعطیلی 26,26,87
تعطیل‌بردار 78
تعمیق 36
تعیین 4,77,82,92,94
تعیین‌کرده 68
تعیین‌کننده 78
تغییر 23,38,38,4,76,76,88,88
تغییرات 66,86
تفاوت 14,71
تفاوتش 46,54
تفاوت‌های 46,54
تفرقه 44
تفریح 69,78
تفریحات 69,78
تفریحی 78
تفسیر 99
تقابل 19,85
تقدیر 50,93
تقدیم 32,83
تقریبا 66
تقویت 43,43
تقی 57
تلاش 58,61,85,85,90,91,96,96
تلاش‌هایش 50
تلاطم 24
تلخ 16
تلفات 90
تلنبار 92
تلویحی 7
تلویزیون‌هایی 64
تل‌آویو 56
تماشا 59
تماشاگران 46,54
تمام 12,12,3,45,49,52,59,63,68,72,76,78,78,91,91
تمامی 3,65,65,81,81,81,84,88,93,96,97,97,97
تمام‌کننده 3
تمایل 30,74
تمرکز 91
تمرینش 49
تمرین‌های 72
تن 29,32,59,9
تناسب 72
تنخواه 20,20,20,36
تنخواهی 36
تندیس 55,55
تندیس‌های 55
تنش‌های 35
تنظیم 67
تنفس 38,65
تنه 3
تنها 1,100,17,25,35,45,66,78,82,92
تنوع 74,99
تنگ 23
تنگه 4
تهران 33,40,40,40,40,69,82,92
تهویه 62
تهیه 100,100,91
تو 51
توان 47,82,92
تواند 74
توانست 36,36,37,45,66,66
توانستند 35
توانسته 1,1,63,68,68
توانسته‌اند 77
توانستیم 73
توانید 67
توجه 24,26,26,30,61,69,71,72,77,82,90,92,99
توجهی 75,82,92
توجه‌ای 68
توحیدی 57
تور 69,69
تورس 13
تورم 10,10,20,30,30,30,30,36
تورمزای 30
تورمی 10,10,30,30,30
توریستی 69
توزیع 100,100,63
توزین 71
توسط 17,19,23,25,32,41,48,5,64,64,65,75,81,88,97,98,99
توسعه 34,36,68,77,82,90,92,93,96
توسعه‌دهندگان 66
توسعه‌ی 77
توصیه 78
توضیح 18,24
توطئه 52
توطئه‌ای 52
تولید 16,32,36,49,61,64,64,71,73,73,81,81,97,97
تولیدات 16
تولیدکنندگان 16,16
تومان 10,12,12,12,12,12,12,12,12,14,20,20,20,20,20,20,20,20,22,22,22,22,22,28,28,28,28,28,28,36,38,38,40,40,40,40,40,40,6,6,6,6,6,6,8
تومانی 22,22,34,34,38,38,38,38,65
توپ 17,23,23,23,23,25,25,35
توییتی 87
تک 23,25,25,27
تکذیب 88
تکرار 17,18,9,94
تکراری 61
تکریت 48,48
تکمیل 65,76
تکنولوژی 76
تکنولوژی‌های 71
تکیه 36
تیرماه 38
تیره 21
تیرک 17
تیم 1,11,11,15,17,23,27,29,29,29,3,3,3,3,3,31,37,37,39,39,5,5,5,65,73,85,9,9,9,9,94,94,94,94,94,94,94,94,94,94
تیمش 31,37
تیم‌ها 35
تیم‌های 33,35
ثابت 31,4
ثانویه 28,28
ثبت 100,100,100,19,24,39,77,81,81,97,97
ثمر 13,17,27,5
جا 39,50
جاده‌ها 90,90
جاذبه 67,67
جاذبه‌های 55,69
جاری 14,14,16,16,16,22,28,34,38,38,38,6,6,8,9,90,94
جالب 26
جام 1,11,3,33,33,35
جامعه 63,76
جامه 59
جامپ 89
جانشین 88
جانشینی 1
جانوران 99,99
جاهایی 67
جای 30,69,71,8,85
جایگزین 32
جبار 6
جبران 47
جدا 39
جدال 94
جداول 18
جدول 25
جدی 100,84,84,88
جدید 100,100,12,24,32,32,33,4,4,4,61,66,73,75,75,76,88,88,93,93,96
جدیدترین 61,71,87
جدیدی 9
جدی‌ترین 1
جذب 28,28,45,96
جراح 50,50
جراحی 50
جرج 49
جرحی 90,90
جره 98
جریان 28,60,60,66,77,95
جریان‌های 85
جریمه 23,23,23,23,23,23,25
جزء 30,30
جزئیات 28,38,58,65
جزو 42
جزیره 69,69,69,69
جزیره‌های 69
جزییات 65
جست 85
جستجو 67
جسمانی 72,89
جشنواره 46,46,54,54,80,80,80,80,80,80,81,81,81,81,81,81,81,81,81,97,97,97,97,97,97,97,97,97
جعل 50
جغرافیایی 72
جلال 5
جلب 61,96,96
جلسات 91
جلسه 38,52
جلسه‌ای 52
جلوی 77
جماهیر 44,44
جمع 39,99
جمعه 16,94
جمعی 89
جمعیت 58,96,99,99
جمعیتی 95
جمعیت‌ها 99
جمع‌آوری 77
جمله 60,78
جمهور 16,38
جمهوری 32,34,44,93
جنبه 24
جنجال 85
جنوب 100,100,100,100,100
جنوبی 11,4,4,48
جنگ 32,32,41,43,44,45,45,47,50,50
جنگی 35
جنگ‌های 60,60
جهاد 32,32,8,95
جهان 68,76,94
جهانی 11,43,45,47,66,76,76,77,77,77,77,93
جهت 76,94,96
جهش 8
جو 8,85
جوان 73,94
جوانان 65,88,88,88,88,88,88,89,94,94,94
جور 3
جوی 99
جُست 85
جیانلوئیجی 31
جیمی 53
حاتمی 57
حاج 18,18,18,18
حاد 70,95
حادثه 95,95
حاشیه 28,61
حاصل 14,14,14,36,39,47,6,78
حاضر 3,52,76,77,9
حافظ 57
حال 10,10,15,18,24,3,3,35,64,77,78,78,8
حالا 25,76,78,79,9
حالت 61
حالی 20,21,30,39,40,66,8
حامی 65
حامیان 51
حباب 24,24
حبیب 57
حتی 20,36,50,62,78,8,82,92
حجت 82,82,92,92,95
حجت‌الاسلام 73,95
حجم 28,28,62
حد 3,72,75
حداقل 16,32,76
حداکثر 34,65
حداکثری 91
حدود 16,24,28,28,36,40,91,91
حدی 47
حذف 9
حذفی 1
حرفه‌ای 58
حرکات 51
حرکت 51
حریف 21,23
حریفان 94
حریم 75,75
حزب 45,52
حزب‌الله 56,56,56
حس 49,70
حساب 16,38,38,47,6
حساس 15,94,99
حسب 92
حسرت 35
حسن 57,73,82,92
حسگر 71
حسگرهای 71
حسین 38,48,52
حسینی 5,92
حسینیه 96
حضور 3,50,7,7,73,73,73,77,84,89,90,91,96
حضوری 76
حفاظت 99,99
حفظ 75,75,91
حق 82,82,92,92,93,93
حقیقت 76
حقیقی 30,57
حل 36,36,82,92,95
حمایت 16,45,60,73,84,96
حمایتی 38
حمله 23,23,3,5,56
حواشی 85
حوالی 23
حوزه 65,85,89,91,96
حوزه‌‌های 73
حکم 38
حکومت 44,58
حکومتی 100
حیات 99,99,99,99
حیدر 7
حیدری 88,88,88,89
حین 67
حیوانات 99
خاتمه 27
خارج 21,24,27,47,52
خارجی 10
خاص 63,69,75
خاصی 28,96
خاطر 50,76,9
خاطرنشان 28,28
خالص 14,14
خالی 18
خانه 21,24,24,25,26,27,72,72,72,72,76
خانه‌ها 72,82,92
خانواده 18,93,93
خانواده‌های 34
خانوادگی 87
خانوار 38,38,38,38,38,93,93,93
خانوارهای 34,34
خانوار‌های 38
خانگی 16,16,16,16,16,39,39,71,72,72,80
خاوازی 32,8
خاک 56,56
خبر 24,27,50,73,83,90,91
خبرنگار 94,96
خبرهای 73
خبرچین 53
خبرگزاری 85,85
خبری 10,9
خداوند 96
خدمات 24,72,74,74,74,76,79,79
خدماتی 74
خدمت 20,92,96
خدمت‌رسانی 79
خراسان 5
خرد 93
خرداد 10,10,16,38,38,85
خردادماه 32,38
خرمدره 73
خرمشهر 100,100,100,100,100,100,100,100,95
خروج 10,10,27
خروجی 91
خرید 24,47,61,61,61,71,71,72,79,79
خریداران 62,80
خریدوفروش 71
خزانه 20
خزانه‌داری 36
خسارات 47
خساراتی 95
خسارات‌ها 95
خسارت 95
خستگی 67
خشکبار 26,26,26,26,26
خصوص 26,36,73
خصوصی 20,75,75,78
خط 3,5
خطای 17,25,85
خطر 75,87,9
خطه 90
خفاش‌ها 17
خلاصه 92
خلاقیتی 42
خلق 42
خلیج 35,41
خلیج‌فارس 69
خمینی 95
خنک 62,62,62,62
خنکترین 86
خوار 26
خواستار 17,88,95
خواند 25
خواندن 52
خواهد 10,14,15,28,32,36,38,38,38,38,6,65,65,80,80,81,81,83,86,88,89,92,94,94,94,97,97,99
خواهند 65,75,79,81,97
خواهیم 10,32
خوب 15,17,25,49,84,87
خوبی 28,7,73,75,75
خود 11,13,16,23,24,24,26,26,30,33,35,35,38,38,39,43,44,44,44,45,45,47,50,51,52,52,59,60,61,61,61,65,68,69,69,71,71,76,76,76,79,79,85,88,92,93,93,94,94,96,96
خودرو 34,5,73,73,73,73,73,79
خودرو‌هایی 34
خودشان 74,74,77
خودمختار 44
خودنویس 51,51,51
خودکشی 45,45
خودکفایی 32
خوراک 32,32
خوراکی 98
خوراکی‌های 72
خورد 19,21,23,27,29,4,4,41
خورده 11,24,40,40,75
خوزستان 100,100,100,100,100,32,81,81,81,82,82,82,83,83,83,84,84,84,84,84,85,85,85,85,85,86,86,86,87,87,88,88,88,88,88,89,90,90,90,90,90,90,91,91,91,92,92,92,92,92,92,93,93,93,93,93,94,94,94,94,95,95,95,95,96,97,97,97,98,98,98,99,99,99
خوزستانی 94,94
خوش 42
خوشبختانه 36,73,90,96
خیابانی 16
خیالی‌راحت 78
خیانت 53
خیرآباد 90
خیران 96,96
خیرساز 96
خیره 39
خیره‌کننده 68
خیره‌کننده‌ای 69
خیلی 26,3,49,67
داخل 25
داخلی 53,60
داد 100,15,16,2,23,24,24,27,27,28,29,43,48,51,7,76,83,90,91,91,96
دادن 18,51,58,71,75
دادند 16,16,26,32,56
داده 10,23,26,3,30,36,38,43,44,69,76,8,82,82,83,85,9,92,92,98
داده‌هایی 77
دار 9
دارای 63,93
دارد 10,24,24,28,3,3,3,30,31,35,4,46,51,51,52,52,53,54,61,62,63,69,69,71,71,73,73,74,75,75,75,77,79,82,92,93,94,96
دارم 3
دارند 24,35,35,61,64,64,65,69,73,73,74,74,76,77,77,78,96,96,98
دارو 76
دارویی 70
دارید 67
داریم 20,32
داستان 42
داشت 10,100,100,20,20,25,3,36,36,40,52,53,6,6,60,80,83,86,94,95,99,99
داشتم 96,96
داشتن 75
داشتند 89,95
داشته 21,24,24,28,30,30,35,35,64,68,7,84,85,88,95
داشته‌ایم 90,91
داشتیم 24,91
داغ 24
دالس 58
دام 32,32,32
دامن 82,92
دامنه 48
دانست 3,30,64,7
دانش 71,73,96,96
دانشجویان 65,73,78
دانشکده 100,100
دانشگاه 73,73,94
دانشگاهی 73,73
دانش‌آموزان 83
دانش‌آموزانی 96
دانلود 75
دانمارک 4
دانه 8
دانه‌های 32,32,32
داودی 57
داور 17,17,25
داوران 81,97
دایی 3,3
دبستان 96
دبل 19
دبیرخانه 81,81,81,97,97,97
دبیری 46,54,81,97
دجله 48,48,48
دختران 93,93
دخیا 23,23
دخیایی 23
در 1,10,10,10,10,10,10,100,100,100,100,100,100,100,100,100,100,100,100,100,100,100,100,100,100,100,100,100,100,100,100,100,100,100,11,11,11,12,13,13,13,14,14,14,15,16,16,16,16,16,16,16,16,17,17,17,18,18,18,18,18,19,19,19,19,2,2,2,20,20,20,20,20,21,21,21,21,21,22,23,23,23,23,23,23,24,24,24,24,24,24,24,24,24,24,24,24,24,24,24,24,25,25,25,25,25,26,26,26,26,26,26,26,27,27,27,27,27,27,27,27,28,28,28,28,28,28,28,28,28,28,28,28,28,28,28,29,29,3,3,3,3,3,3,3,3,3,30,30,30,30,30,30,30,30,30,31,31,31,32,32,32,32,32,32,32,32,32,32,32,32,32,33,33,34,34,34,34,34,35,35,35,35,35,36,36,36,36,36,36,36,36,36,36,36,36,37,37,37,37,38,38,38,38,38,38,38,38,38,39,39,39,4,40,40,40,40,40,40,40,40,40,40,40,41,41,41,41,42,42,43,43,43,45,45,45,46,46,47,48,48,48,48,48,48,48,49,49,49,49,5,5,5,5,5,5,5,50,50,50,50,51,51,52,52,52,53,53,53,53,54,54,55,55,55,55,55,55,55,56,56,58,58,58,59,6,6,6,6,6,6,6,60,60,60,60,60,61,61,61,62,62,62,62,63,64,64,64,64,64,64,64,64,65,65,65,65,65,66,66,66,66,66,66,66,67,67,67,67,67,68,68,68,68,69,69,69,7,7,7,7,7,7,7,71,71,71,71,71,71,71,71,71,71,71,71,71,71,71,72,72,72,72,72,72,72,72,72,72,72,73,73,73,73,73,73,73,74,74,74,74,74,74,75,75,75,76,76,76,76,76,76,76,76,76,76,76,76,76,76,76,76,77,77,77,77,77,77,77,78,78,78,78,78,79,79,79,79,79,79,79,79,8,8,8,8,8,8,8,8,80,80,80,80,80,80,81,81,81,81,81,82,82,82,82,82,82,82,82,82,82,83,83,83,83,84,84,84,84,84,85,85,85,85,85,85,85,85,85,85,85,86,86,86,86,86,87,87,87,87,87,87,87,88,88,88,88,89,89,9,9,9,9,90,90,90,90,90,90,90,90,90,90,91,91,91,91,91,91,91,91,91,92,92,92,92,92,92,92,92,92,92,92,92,92,93,93,93,93,93,93,94,94,94,94,94,94,94,94,94,94,94,94,95,95,95,95,95,95,95,95,96,96,96,96,96,96,96,96,96,96,96,96,96,96,96,97,97,97,97,97,98,98,98,98,98,98,98,98,98,98,98,98,98,98,99,99,99,99,99,99,99
درآبادان 100
درآمد 77,82,92
درآمدهای 36,36,36,36
درآمدی 6
درآمد‌های 14,14,14,6
درآورده 45
درام 4
درایور 64,64,64,64,64,64
درباره 10,16,18,24,26,3,69,7,8
دربازدیدهایی 96
دربردارنده 74
دربرگرفت 76
دربند 56
درج 18
درجه 61,86,86
درجه‌ای 61
درحالی 85
درخشان 19
درخواست 38,65,65,75,75,79
درخواست‌های 56
درد 70
درز 75
درس 83,83,96
درصد 100,100,100,100,100,16,2,2,2,2,2,2,2,20,20,20,22,22,24,24,24,3,30,30,38,38,40,40,40,40,40,40,40,40,6,6,62,64,65,65,77,77,82,92
درصدی 10,10,14,14,6,6,6
درمان 100,100,70,76
درمانی 76,76,78,80
درنتیجه 87
دره 55
درهم 13,4
درو 33
دروازه 17,17,23,23,23,23,25,31,31,37
دروازه‌شان 17
دروضعیت 87
دروغ 20
درون 23
درون‌سازمانی 91
درویشیان 82,82,92,92,95,95
درک 53,91
درگیر 26,44,91
دریافت 38,65,76,76,80
دریافتی 65,65
دریایی 69
دست 1,13,15,17,23,25,27,3,3,35,39,41,47,48,51,66,68,70,78,9,93,99
دسترس 72
دسترسی 75,76
دسترسی‌های 75
دسته 82,92
دسته‌های 80
دستور 32,36
دستورالعمل 100
دستورالعمل‌های 91
دستکش 63,63
دستگاه 18,85,85,92
دستگاهی 72,72
دستگاه‌های 89
دستیابی 10
دشوار 41,72
دعوت 94
دغدغه 71
دغدغه‌ها 82,92
دغدغه‌ی 65
دفاع 60
دفتر 98
دفع 25
دقت 3,71,71,71
دققه 5
دقیق 16
دقیقه 17,17,25,25,37,39,5
دقیق‌ترین 71
دل­ها 18
دلار 10,10,20,4,4,4,4,4,4,6
دلارهای 35
دلایل 98
دلایلی 68
دلیل 100,24,26,26,36,41,61,71,71,78,85,96,98,99
دلی‌خوش 78
دمارا 50,50,50
دمای 86
دنبال 35,35,63,74,76,94
دنباله 9
دنیا 48,66,71,71,72,72,72,76,89
دنیای 74,74,74
دنیلو 23
ده 4
دهد 24,24,28,30,38,49,51,6,61,64,67,70,84
دهدز 86
دهستان­ها 18
دهن 7
دهند 38,67,77
دهنده 30
دهید 79
دهیم 73
دو 18,18,18,2,2,26,26,28,28,28,32,32,32,35,35,35,35,37,38,4,41,55,56,61,71,71,71,71,71,72,72,73,75,88,90,91,91
دوازده 70,70
دور 13,71,76,87
دوران 41,43,71,76,78,78
دوره 10,40,40,43,65,94,94
دورهمی 87
دوست 3,51,59
دوش 3
دوشنبه 12,5,95,95
دولت 14,20,28,28,28,28,32,34,34,34,36,36,36,36,38,43,43,43,47,50,58,6,73,84
دولتی 100,28,28,28,28,6
دولوپر 77
دولوپرهای 77,77
دوم 2,2,23,28,28,38,45,77
دومین 11,33
دوهفته 26
دوی 71
دویدن 49,72,72,72
دپارتمان 77
دچار 5,95
دکتر 10,100,73,87
دکتری 73
دی 79,81,94,97
دیالو 23
دیجیتال 71,71,71,71,71,71,71,71,71,71,71,71
دیجیتال; 71
دیجیتالی 71,71,71,71,71,71,71,71
دید 61,67,78
دیدار 11,13,15,19,23,27,33,37,5,94,94,94,94,94
دیداری 27
دیدم 96
دیدن 26,81,95,96,97
دیدند 23
دیدنی 42,69,69
دیده 3,32
دیده‌ایم 53
دیروز 99
دیرکرد 82,92
دینار 4,4,4,4,4
دیگر 19,23,24,25,27,4,46,54,58,64,69,71,72,72,72,72,76,78,78,83,84,89,94
دیگری 21,63,71,75,79
ذاتی 92
ذخیره‌ 75
ذرت 32,32,32,32
ذهن 18,71
ذوق 96
ذکر 64
رئال 17,17,21,21,25,25
رئیس 100,16,20,26,32,38,58,73,8
رئیس‌جمهور 32
را 1,10,10,10,100,100,100,13,13,14,14,14,14,15,16,16,16,17,17,17,17,20,23,23,23,23,23,24,25,25,25,25,26,26,26,27,27,27,27,28,28,28,28,28,28,3,3,3,3,3,3,30,30,30,32,32,32,32,32,33,33,33,33,35,35,36,36,36,36,37,38,38,38,38,39,4,40,40,40,41,43,43,43,44,45,45,47,47,48,49,49,49,5,50,50,51,51,51,52,52,52,53,53,53,56,56,58,58,58,58,58,59,59,6,6,60,61,61,61,63,63,64,64,64,64,64,64,64,65,65,65,65,67,67,67,67,68,68,68,69,69,7,7,7,70,72,72,72,72,72,73,73,74,74,74,74,74,74,74,75,75,75,76,76,76,76,76,76,76,77,77,77,78,78,78,78,79,79,79,79,79,8,8,80,82,82,84,85,85,85,85,85,88,88,91,92,92,92,93,93,93,94,94,95,95,95,95,96,96,96,96,96,98,99,99
رابط 66,66,66
رابطه 28,32
راحتی 23,23,74,74,76
راس 99,99,99
راست 51,51
راستا 36,91
راستای 32,91,93
راستین 63
راعی 57
رافائل 17
رافینیا 23,23
رامهرمز 90,98
راند 4
راه 24,24,3,71,71,72,72,76,81,90,90,96,96,97
راهداری 90
راهنمای 72
راهکار 100,36
راهکارها 36,36
راهکارهاست 76
راهکارهای 76
راهکاری 36
راهی 13,25,76
راه‌انداز 64
راه‌اندازی 65
راه‌های 90,90
راه‌کارهای 75
رای 81,9,97
راینوساینوزیت 70,70,70
رایگان 79,79
ربایی 25
ربط 18
ربع 12
رتبه 85,85
رجوع 100
رحمتی 28,28,28,5
رحیم 99
رخ 24,30,49,76
رد 49,56,6,75,9
رده 84,84
ردیف 18,18,18,18,18,82,92
ردیف­های 18,18,18
رزرو 69,79
رزمی 89
رساند 17,27
رساندند 13,33,5
رسانه 85,85,85
رسانه‌ای 18,84
رسانه‌ها 45,98
رسانه‌های 48,9
رسم 79
رسما 38
رسمی 36,38,4,4,66,7,85,85
رسول 57
رسید 18,2,21,22,23,23,27,43,5,5,80,83
رسیدن 13,35,35,45,51,72,8
رسیده 20,25,66,83
رسیدگی 18
رشته‌های 73,89
رشد 10,14,14,14,16,20,20,20,20,30,30,30,30,30,30,30,34,36,6,6,6,6,6,86
رشفورد 23,23,23
رضا 57
رعایت 100,100,100,81,87,87,90,91,97,99
رعد 86
رغبت 61
رغم 84
رفاه 38,73,73
رفاهی 80
رفت 16,17
رفتار 51
رفتن 70,72,88,9
رفتند 37
رفته 39
رقابت 35
رقابت‌ها 11,9
رقابت‌های 23,33
رقم 100,100,11,14,14,28,28,29,36
رقمی 14,20,82,92
رقیبش 11
رقیق 86
رنگ 28,78
ره 95
رهایی 48
رهبر 52
رهبری 32,32,52,58,60
رو 47
روابط 85,85,85
رواج 71,76
روایت 16
روبرو 74,74
روبل 4,4
روبه‌رو 36
روبه‌روست 72
روحانی 16,38
روحیه 73
رود 48,89,98
رودری 13
رور 47
روز 12,16,22,25,38,4,4,45,6,6,66,67,67,72,82,87,89,92,93,94,94,95,99
روزانه 91
روزمره 49,78
روزه 67
روزهای 87,95
روزولت 58,58,58
روزی 21,5
روستایی 83,93,93
روستاییان 93,93,93
روسیه 4,51
روش 11,11,67
روش‌های 99
روش‌هایی 36
روغنی 32,32
رونالد 27,27
رونالدو 19
روند 10,28,30,42,67,73,76,76,76,87
روندی 10
رونمایی 14
روپیه 4,4,4,4,4
روی 24,25,27,27,47,98
رویداد 46,46,54,54
رویدادها 46,54
رژیم 41
رکود 43,43
رکورد 31,66
رکورددار 31
ریاست 88,93
ریال 2,34,34,4,4,4,4,4,4,4,4,4,4,4,4,4,4,4,4,4,4,4,4,4,4,4,4,4,4,4,4,4,4,4,4,4,4,4,4,4,4,65,65,80,80,82,82,82,83,89,92,92,92,96
ریالی 4
ریخته 13
ریسکی 78
رینگیت 4
رییس 10,20,20,77,82,82,92,92,92,95
رییسه 7,7,7
زئیر 49
زا 72
زاده 100
زاویه 23
زای 30
زباله 63,63
زبان 58
زد 23,36
زدن 59
زده 19,21
زراعی 32
زمان 38,45,91
زمانی 10,15,43,55,66,68,72
زمستان 1,26,26,78
زمستانه 87
زمین 21,21,23,24,25,76
زمینه 14,32,36,68,72,73,76,90,90,91
زمینه‌ای 76
زمینی 23,56
زمین‌های 43
زمین‌هایی 43
زنان 93,93,93,93,93,93,93,93
زنجیره 100,63,91
زندانیان 56
زندگی 48,49,71,72,72,75,76,76,78,78
زنی‌ها 53
زودی 88,88,88
زیادی 30,74,75,87,96
زیان 47
زیبا 37
زیباترین 69
زیباشناسی 61
زیبایی 69
زیبایی‌هایش 78
زیدان 21
زیر 18,85
زیرا 99
زیربنایی 66,83
زیرساخت 90
زیرساخت‌های 68
زیست 98,99,99,99
زیستگاه‌های 99
زینب 89,93
سئوالات 84
سابق 11
ساخت 42,71,71,73,83,83,96,96,96,96,96,96,96
ساختمان 24,62
ساخته 49,55,64,71,72,72,72,72,96,96,96
سارس 76
ساز 53,96
سازمان 16,18,20,20,32,38,46,53,54,82,82,92,92,98,98
سازنده 85,85,85
سازنده‌ای 71
سازوکارهای 36
سازی 94,96,96
ساعت 100,100,19,23,33,5,51,51,86
ساعت‌های 72
سال 14,14,14,14,16,16,16,16,18,18,18,18,20,20,20,26,26,26,27,28,29,30,30,32,33,34,34,34,35,38,38,38,38,40,40,40,40,45,45,48,52,55,55,59,6,6,6,6,6,66,74,74,79,8,84,85,85,85,87,88,90,90,90,90,93,93,93,94,95,96,98,99,99,99
سالانه 85,99
سالجاری 40,40
سالخورده‌اش 5
سالم 95
سالن 89,89,89,89,89
سالن‌های 46,54
ساله 30,34,34,38,65,69
سالگی 48,93
سال‌جاری 36,36
سال‌ها 35,35
سال‌های 34,35,71,84,92,98
ساماندهی 16
سامانه 100,100,100,69,79
سانتیگراد 86,86
ساکت 1
ساکنین 44
سایت 74,74,8,81,97
سایر 18,24,24,24,51
سبب 26
سبز 34
سبزه‌زاری 86
ستاد 18,18,38,38,91,91
ستاره 35
ستدهای 2
ستوان 50
سخت 68,74
سختی 25
سختی‌های 41
سخت‌تر 99
سخنگوی 38
سد 23,98,98,98,98,98
سدها 98,98
سدهای 98,98
سدهایی 98
سر 27,33,39,9,96
سراسر 63,68,76,79,81,97
سراغ 9
سرافراز 18
سرباز 56
سربازان 43
سرخپوشان 3,9
سرد 26,87
سردار 18,18,48,91
سرسخت 94
سرش 31
سرشماری 99,99,99,99,99,99,99,99,99,99,99,99
سرعت 23,24,45,71,71,71,71,95
سرلک 5
سرما 72
سرمایه 10,10,24,28,28,36
سرمایه‌گذاری 65,65
سرمربی 1,1,11,11,29,29
سرنگون 58
سرنگونی 58
سرویس 76,77
سرویس‌های 77
سرپایی 100
سرپرست 16,38,7,7,93,93,93,93,93
سرپرستان 38
سرکش 17
سرکوب 41
سرگرم 42
سرگرمی 77
سری 31,31
سریع 16
سریعی 23
سریلانکا 4
سطح 77,82,92,98
سعودی 4,9
سعی 91
سفارش 79
سفته 24,24,24,40,40,40,40,40
سفر 67,67,67,69,78,78,79,79
سفرتان 79
سفره 63,63
سفرها 78
سفرهای 67,78
سفره‌های 32
سفید 23
سفیدپوشان 17
سقف 65,65
سلامت 100,100,100,76,91,91,91
سلامتی 72,87
سلب 85
سلبی 91
سلطان 48
سلطانی 88
سلطانیه 73
سلف 28
سلمان 100
سلیمانی 18,18,18,18,18
سمت 23,43
سمتش 1,1
سن 23,23,23,23,23,23,35,35
سناریو 32
سنتی 67
سنجش 71,71,71
سند 38
سنوات 82,92
سنگاپور 4
سنگین 11,29,41
سنگین‌ترین 29
سه 100,100,16,16,16,21,24,24,25,26,27,36,4,56,67,67,92,95,96
سهام 20,22,22,22,22,28,28,28,28,28,28,28,6
سهرابی 81,97
سهل 87
سهم 20,30,64,96
سه‌شنبه 100
سوءاستفاده 18
سوئد 4
سوئیس 4
سواحل 43
سوارز 39,39
سوارس 15
سود 30,33,38,65
سورگوم 32
سوریه 4
سوسیالیست 45
سولر 17,17
سوم 28,34,34,34,52,77
سومونی 4
سومین 25,36
سوپر 26
سوپراپلیکیشن 79
سوپرجام 33,33,37,37
سوپرمارکت 79
سوی 23,4,56,72,81,84,95,97,98
سویا 21,32,32
سویاست 8
سویای 33
سویل 13,21
سُکانداری 85
سپاه 18,18,18,18
سپتامبر 66
سپرد 60
سپرده‌های 34
سپری 25
سپس 23,25,76
سکان 7
سکانسی 49
سکه 12,12,12,12,12
سی 45,50,81,97
سیاست 36,44,51
سیاست‌مدار 45
سیاسی 18,35,84
سیاسی‌اش 60
سیال 30,30
سیانور 45
سید 5
سیدمحمد 91
سیدکریم 92
سیستم 62,64,77
سیمئونه 27,27
سینا 94,94,94
سینما 46,54
سینمای 42
سینمایی 46,54
سینوس 70
سینوپرت 70
سی‌آی‌ای 58,58
سی‌ودومین 81,81,81,97,97,97
شائبه 7
شاخص 2,2,2,2,2,2,24,30,99,99
شاخص‌ 2
شاخص‌های 84
شادگان 100,100,100,100,100,100,95,95,95,95,95
شامل 100,100,89,99
شان 27
شانس 3,3,94
شاه 58,60,60
شاهد 21,24,6,8,8
شاهسواری 57
شاگردان 13,13,27,5
شاید 46,50,54,64,95
شایسته 3,92,94
شایسته‌ای 93
شایسته‌سالاری 85
شایعات 53
شایعه 88,88,88
شب 19,21,23,26,26,31,33,72
شباز 72
شبانه 72,72
شبانه‌روز 86
شبانه‌روزی 90
شبه 30,30,30
شبهات 18
شبکه 66
شبکه‌های 77
شبیه 49
شتاب 24
شتابدهنده 65
شترمرغ‌های 43
شجاعی 73
شخص 50,88
شخصی 75,75
شخصیت‌ها 85
شد 1,1,10,100,11,11,12,12,12,12,14,17,17,17,17,17,19,19,19,19,2,2,20,22,23,23,23,25,25,26,26,26,26,27,31,32,33,34,36,36,36,38,38,38,38,4,4,4,40,40,40,40,44,44,45,47,48,5,50,50,53,58,58,6,65,65,66,66,68,7,73,76,76,81,88,89,9,9,90,91,94,94,94,95,95,95,95,95,95,96,97,99,99
شدت 30,30,30
شدن 24,26,36,56,77,78,79,90,90,98
شدند 100,100,100,13,26,26,47,5,60,95
شده 1,10,10,100,15,15,18,18,18,18,20,22,24,24,24,26,28,28,28,29,30,30,34,36,36,36,38,39,39,41,43,48,55,55,6,64,66,7,71,71,72,77,77,78,80,82,83,84,89,90,91,92,92,92,93,94,94,95,96,96,98,98,98,99,99
شده‌اند 71,78,84
شده‌ایم 59
شدید 27,36,36,41,47,95,95
شدیدی 6,88
شدیم 36
شرایط 41,68,76,81,88,90,91,97,98,99,99,99
شرایطی 72
شرب 98,98,98
شرح 58
شرط 93
شرق 86,9
شرقی 98
شروع 43,49,52,74,99
شرکت 28,49,68,7,73,90,94
شرکتی 74
شرکت‌ها 28
شرکت‌های 28,28,28,28,28,64,64,73,78
شرکت‌کنندگان 65
شریعتی 85,89,90,90
شش 35,45
ششم 13,34,55,82,92
ششمین 79
شصت 48
شعار 91
شعبانیه 41
شفاف 85
شلوغی 71
شما 67,67,72,75
شمار 29,89
شماره 88
شمال 48,86,98,98
شمایلی 53
شمردن 87
شنا 48,48,48
شناخت 69
شناخته 58
شناسایی 100,32,93,95,99
شناور 2
شنبه 22,31,4,7,81,95,97
شنید 78
شهادت 18
شهدای 18
شهر 13,21,33,37,40,40,40,48,5,67,69,79,79
شهرخودرو 5
شهرسازی 24,24,90
شهرستان 100,100,100,100,95
شهرستان‌ها 93
شهرستان‌های 100,100,100,100,100
شهرها 91
شهرهای 79,95,95
شهرک‌های 96
شهری 48,67,87
شهریورماه 30,30,8
شهید 18,18,18,18
شواهدی 76
شوت 17,23,23,23
شوتی 37
شود 1,15,17,23,24,25,3,36,37,44,44,64,70,70,73,74,76,78,82,82,87,9,92,92,94,96,96
شودکمپانی 63
شورای 18,18,30,32,7,7,82,88,92,95,95
شوروی 44,44,44,60,60
شوقی 96
شوند 13,24,32,34,35,68,69,81,88,93,97
شویم 10,10
شک 85
شکایت 9
شکراله 100
شکست 11,11,13,19,21,21,23,25,27,27,27,27,29,29,29,41,41,45,47,5,94
شکسته 24,24
شکل 76
شکلی 25
شگفت‌انگیزی 80
شیاد 50
شیادی 50
شیلات 98
شیوع 100,26,76,76,78,78,78,78,91,91
صاحب 27,34,34
صاحبان 65
صادرات 14,14,14,14,14,6
صادراتی 63
صادق 56,96
صاف 86
صالحی 91,91
صبح 7,86
صبحگاهی 49
صحبت 3
صحبت‌های 20
صحیح 77
صخره‌ای 55
صد 74
صدام 41,48,48,52,52
صدر 25
صدراعظم 45,45
صدرعاملی 57
صدرنشینی 9
صدور 76
صرفه‌جویی 36
صعود 94
صفحات 18
صفحه 74
صفحه‌نمایش 61,61,61
صفر 11,13,19,29,5,74
صلاح 48
صمت 16,8
صنایع 28,62
صندوق 93
صندوق‌های 93
صنعت 32,62,68,71,73,73,73,73,74,94,94,94
صنعتی 47,62,71
صنف 26,26,26,26,26,26,26
صنفی 100,100,100,8,91,91
صورت 10,100,24,32,32,32,38,47,66,7,7,70,75,76,8,8,8,81,81,85,85,90,94,94,97,97,99
صورتی 75
صیانت 91
ضد 23,23
ضدحمله 25
ضدعفونی 91
ضرب 23
ضربات 37
ضربه 17,25,25
ضرر 26
ضرورت 16,78
ضعف 3,75,85,85
ضعیف 1,1,86
ضمانت 65
ضمن 80,81,97
طائرپور 57
طارمی 3
طاعون 76
طالبان 60
طالقانی 100
طالقانیتحت 100
طباطبایی 46,54
طبع 26
طبق 26,40
طبیعی 69,99
طراحان 62
طراحی 61
طراحی‌های 61,61
طرح 12,12,18,32,32,32,32,65,65,65,73,80,82,92,93,93,93,93,93,95,98,98,98,98,98
طرحی 32
طرح‌ها 98
طرح‌های 98
طرف 61,72,76,95
طرفداران 58
طریق 28,28,28,34
طلا 12,12,35
طلای 12
طلسم 27,27
طور 23,30,91
طوری 24,59,67
طول 49,70,76
طولانی 27,55,78,96
طی 26,49,6,65,76,8,96
طیف 46,54
طیور 32
ظاهر 19
ظاهری 66
ظرافت‌های 51
ظرفیت 82,92
ظرفیت‌ها 93
عاجل 16
عادت 8
عادی 76
عالم 71
عالی 32
عامل 34,72,93
عبادی 98
عبارت 64,79
عبارتند 71,71
عبدالحمید 57
عبدالناصر 10
عبور 66,86
عجیب 14,27,27,29
عجیب‌ترین 29
عدالت 22,22,22,22
عدد 66
عدم 36,41,85,85
عده­ای 18
عراق 4,41,41,41,41,41,48,52,52
عربستان 9,9,94
عربستانی 9
عربی 35,4,60
عرصه 23,74
عرصه‌های 68
عرضه 63,74
عرضه‌های 28
عرضه‌ی 66
عزم 95
عسگرپور 57
عشایر 93,93,93,93,93,93
عشایری 93,93,93,93
عضو 6
عطاری 26
عظیم 68
عظیمی 76
علائم 70,70,70,90
علائمی 70
علاقه 51,69
علاقه‌مندان 72,72
علامت 30
علاوه 12,25,36,40,79
علایمی 70
علت 1,30,85
علف‌خوار 99
علل 30
علم 73,96
علمی 65
علوم 100,100
علی 3,49,49,57,69,73
علیرضا 1,94,94
علیه 36,52,58
علیپور 3
عمان 4
عمدتا 70
عمده‌ 98
عمده‌ای 60
عمرانی 83
عمل 50,64,65,93
عملا 13,72
عملکرد 14,20,20,68,73,77,84,88
عملیات 36,56,58,58,58
عموم 18
عمومی 100,100,15,6,7,84,84,85,85,85
عنوان 1,14,16,18,18,3,30,30,43,45,46,50,50,50,50,54,64,65,68,70,71,78,88,93,99
عهده 46,52,54,64,64,85
عوارضش 76
عوامل 70
عیار 12
عیب 77
عیسی 3
غارت 43
غبارآلود 48
غذا 79
غذایی 100,100
غرامت 47,47
غرب 100,100,100,100,100,43
غربی 43,48,48
غریب 14
غلامرضا 85,89,90
غلبه 92
غیبت 3
غیر 24
غیردیجیتال 71
غیرضروری 100,6
غیرقابل 14
غیره 50,62,79
غیرواقعی 14
غیزانه 90
فاتح 35
فاحش 23
فاخر 63
فارس 35,41
فارغ 65
فاسد 26
فاصله 100,30
فاضلاب 92
فاقد 34,34
فتح 33,35
فجر 46,46,54,54,81,97
فجیع 41
فدراسون 7
فدراسیون 7,7,7,7
فر 88
فرآوری 26
فراتر 35
فراموش 77
فرامی‌خواند 52
فرانتیانو 53,53,53
فرانسه 35
فرانسوی 17
فرانسوی‌ها 47
فرانک 4
فراهم 61,72,72,72,72
فراوان 66
فراوانی 46,54
فردشان 61
فردوسی 65
فردیناند 50
فرزند 34,34,34,45
فرزندآوری 34
فرستادند 47
فرشته 57
فرصت 27,35,35,58,85
فرض 75
فرغون 47
فرم 65
فرمانده 91,91
فرماندهان 60
فرمول‌های 42
فرناندز 23
فرنگی 94,94
فرهاد 57,57,87
فرهنگی 18,46,54,89
فروخت 28
فروخته 12,40,40,40
فروردین 38,38
فروش 28,28,28,28,28,36,6,6,72,80,80
فروشان 26,26,26
فروشند 26,26
فروشندگان 16
فروشگاه 63,71,71,71,72,89
فروشگاهی 71
فروشگاه‌های 71
فروشی 26
فروپاشی 44
فرید 57
فریزر 63,63,80
فزاینده 30
فست 72
فشار 32,32,36,70
فشرده 71
فصل 1,30,33,33,9,94
فصلی 78
فضای 23
فعال 72,76,77,77
فعالان 30,84,84
فعالی 91
فعالیت 50,58,73,79,79,79,88
فعالیت‌های 72,72
فعالیت‌هایی 72,78
فعلی 49
فقر 92
فقط 53,7
فلاح 73,73
فلز 71
فلش 59
فناوری 64
فنی 73,94,94
فهرست 84
فهرستی 84
فوتبال 15,17,29,29,33,37,39,5,7,7,7,7,7,7,7,9
فوتی 100,90
فوتی‌ها 90
فودهاست 72
فورمن 49
فوروارد 3
فورواردهایش 3
فورواردی 3
فوق 25,38
فولاد 94,94
فکر 3,3
فیتنس 89,89
فیلم 46,46,49,54,54,81,81,97,97
فیلمساز 42
فیلمی 59
فیلم‌های 42
فیلم‌هایی 53
فیلیپین 4
فینال 3,3,9,94
فیوژن 89
قائلم 3
قائم 57
قائمیان 57
قابل 26,30,38,68,75,82,82,82,92,92,92,95
قابلیت 75,75
قاسم 18,18,18,18
قاعده 76
قالب 28,65
قانع 84
قانون 18,34,36,6,6,82,92
قانونی 92
قبل 11,26,26,4,40,40,40,40,40,40,48,64,67,67,90,94
قبلا 28
قبلاً 59
قبله 48
قبلی 78
قبولی 95
قدرت 21,51,51,51,60,60
قدرتم 51
قدرتمند 35
قدردانی 81,97
قدم 76
قدمت 55
قدمی 23,32
قدیریان 57
قدیم 12
قدیمی 67,71,71
قرار 100,14,24,25,26,26,31,31,32,36,58,62,67,69,75,79,81,84,84,85,87,93,93,94,95,96,97,98
قرارداد 35,35
قرص 47
قرض 34,34
قرض‌الحسنه 38
قرمز 2,87
قرن 55
قرنطینه 15
قره‌باغ 44,44
قریشی 94
قزاقستان 4
قسمت 71,71
قسمتی 51
قسمت‌های 71
قصد 25,52,53,69,74
قصوری 95
قضا 95
قضایی 100,38,92
قطر 11,35,4
قطری 35
قطع 100
قطعات 64
قطعاً 14
قطعه 12,73
قطعه‌سازی 73
قفس 98,98
قلمروی 59
قهرمان 1,3,33,37
قهرمانان 19,23,3,33,35,35,9
قهرمانی 3,3,3,3,3,3,33,35,9,94
قوانین 7
قوت 11,78
قول 43
قوه 95
قوچ 99
قیام 41
قیمت 12,12,12,16,16,16,2,2,22,24,24,24,24,24,24,24,24,24,24,24,24,24,24,24,24,30,4,4,4,6,63,69,74,8,8,8,8,8,8
قیمت‌ها 16,16,16
كرد 28
لاری 4
لازم 18,58,64,75,91
لالیگا 17,21,25,27,27,27
لالیگای 21
لایحه 14,18,18,34,34
لبنان 56,56,56,56
لبنانی 56
لبنیاتی 26
لبه‌های 61
لحاظ 40,40,40,40,66,98
لحظه 45,9
لذا 18
لزوما 28
لزوماً 59
لطف 27
لندن 37
لو 13
لوازم 16,16,16,16,16
لودسل 71,71
لوکاس 17,25
لوکس 63
لوییس 15,39
لی 77
لیبی 4
لیتر 69
لیر 4,4
لیورپول 37,37
لیونل 35
لیکن 28,28
لیگ 1,13,13,19,23,29,3,33,35,35,35,35,5,9,94,94
ما 26,26,3,32,69,73,73,73,73,74,75,75
ماتادور‌ها 13
ماجرای 9
ماجرایی 9
ماحصل 85
مادربزرگ‌ها 87
مادرید 17,17,21,21,25,25,27,39,39
ماده 18,34
مارس 41
مارسیال 23
مارون 98,98,98
مارک 27
مارکت 26
مارکی 47
مارکینیوش 23,23
مازندران 88
مازیار 57
ماساژ 89
ماسک 100,100,100,100,91
مافیا 53,53,53
مافیای 53
مالدینی 31
مالزی 4
مالکان 35
مالیاتی 36,6
ماموریت 95
مان 42
ماند 4
ماندن 76
مانده 48
مانع 68
مانند 26,32,32,51,70,75,75,79
ماه 16,20,24,24,26,26,26,38,38,38,38,38,38,4,40,40,40,40,40,40,46,54,65,66,66,66,77,78,81,94,97,99
ماهانه 38,38,77,77
ماهشهر 95
ماهه 14,16,16,20,38,40,90
ماهی 98,98,98
ماهیچه‌ها 72
ماهی‌ها 98
ماهی‌های 69
مایکل 42
مبادله 12
مبادی 91
مبارزه 52
مبتلا 100,15,15,87
مبتنی 70
مبدل 62
مبلغ 28,34,38,38,40,40,40,40
مبلغی 40
مبنی 56
متأثر 78
متأسفانه 26
متاسفانه 26,3
متحدان 68
متحده 4
متحمل 13,95
متخصص 76
متخلفان 92
متر 55,55,89
متضرر 26
متعادل 36
متعهد 83
متغیرها 10
متغیر‌های 30
متفقین 47
متقاضیان 65
متمرکز 91
متناسب 30,92
متنوع 79,80
متهم 52
متوالی 11,25,38
متوقف 16
متکی 32
متین 74,74,74,74,74,74
مثبت 100,100,20,20,85
مثقال 12
مثل 32,64,64,77
مثلاً 49
مجارستان 33
مجاز 20,20
مجازی 81,81,97,97
مجاهد 96
مجاهدین 60,60,60
مجاور 67
مجبور 78
مجتبی 57,95
مجدد 25
مجذوب 69
مجرد 93,93
مجری 93
مجسمه 55
مجسمه‌های 55,55
مجلس 14,18,18,30,6,7,73,82,88,92,95,95
مجمع 7,82,92,92
مجموع 36,38,64,77,83
مجموعه 55,84,89,89,89
مجموعه‌ای 55
مجهز 89
مجوز 98,98
مجوزی 98
مجید 57,95
مجیدی 57
محاسبات 6
محافظت 75
محاکم 38
محدود 75,80
محدودیت‌ها 68,87,87
محدودیت‌های 78,91
محروم 3,82,83,92,93
محسن 28
محسوب 31,42,42,70
محصول 73
محصولات 26,71,74,80
محصولی 74,80
محض 61
محقق 43
محل 34,38,55,79,94,99
محمد 57,83,86
محمدجعفر 73
محمدحسین 57
محمدعلی 57
محمدمهدی 57
محمدی 5,57
محمودزاده 24,24
محمودی 57
محور 90,90
محوطه 23,23,23,23,23,23,25
محکومیت 53
محیط 99,99,99
محیطی 72,98
مخابراتی 68,68,68
مخازن 98,98
مخاطب 16
مخاطبان 81,97
مخاطی 70,70
مختلف 50,62,62,68,72,73,73,75,84,85,85,96
مخزن 98
مخفی 53
مخوف 53
مدارس 83,83,96
مدافع 23,5
مدافعان 23
مدت 3,38,59,66,80,85,86,90,92,96,99
مدتی 60,76
مدت‌ها 88
مدد 71
مدرس 16
مدرسه 83,83,83,83,96,96,96,96,96,96,96,96,96,96,96,96
مدعی 9
مدل 65,71,80
مدیر 50,77
مدیرآموزش 96
مدیران 1,73,93
مدیره 73,73
مدیرکل 86,88,88,88,88,89,89,98
مدیریت 64,85,99
مدیریتی 85
مذکور 18,38
مراجع 100,82,92
مراجعات 76,87
مراجعه 69,93
مراسم 89
مراقب 87
مراقبت‌های 87
مراکز 100,100,100,76
مربع 89
مربوط 18,81,97
مربی 27
مرتبط 28,82,92
مرحله 13,13,13,16,19,49,62,65,81,81,81,9,94,94,94,94,97,97,97
مرداد 58
مردان 88
مردم 100,100,18,20,26,32,41,45,58,71,72,72,72,73,78,82,82,82,87,90,92,92,92,92,95,95,95
مرز 56,66
مرز‌بندی‌های 44
مرسوم 42
مرغ 32,8,8,8,8,8
مرغداران 8,8
مرغی 8
مرکز 20,30,74,74
مرکزی 10,10,20,20,20,20,34,36,4,4,40,64,8
مرکزیت 62
مزایای 93,93
مزمن 70
مسئله 75
مسئول 41
مسئولان 8
مسئولین 32
مسائل 36,72
مسائلی 78
مسابقات 11,13,94,94,94
مسابقه 49
مساحت 89
مساعدت‌هایی 43
مسافت‌های 96
مسافران 67,69,79
مسافرانی 69
مسافرت 67
مساله 99
مساله‌ای 28
مساوی 17
مستثنی 76
مستقر 48
مستقل 44
مستقیم 99
مستمر 91
مستند 9
مستندسازی 85
مسعود 60,60,60,88
مسلم 32
مسلمانان 48
مسموم 45
مسکن 24,24,24,24,24,24,24,24,34,34,34,34
مسکونی 96
مسی 19,21,27,35
مسیحیان 48
مسیر 59,76,90
مسیرها 67
مسیری 23
مشابه 18,40,40,40,40,61,90
مشارکت‌ها 87
مشاهده 42,96,99
مشاور 76
مشاوره 76,79
مشترک 18,18,73,82,92
مشتمل 28
مشخص 14,59,65,66
مشغولند 71
مشغولیت 72
مشمول 80,93,99
مشهد 5,67,67
مشهدی 52
مشهود 85
مشکل 24,36,36,5,74,95,95
مشکلات 82,82,82,82,84,92,92,92,92,92,92,92,92,95,95,95
مشکلاتی 35,36,75
مشکوک 76
مصاحبه‌ای 59,8
مصادف 43
مصارف 18,20,20,36
مصاف 17,94
مصالح 24
مصدق 58,58
مصدومیت 25,27
مصر 48
مصرف 20,20,30,63,64
مصنوعی 69
مصوب 7
مصوبات 91
مطابق 87
مطالب 81,97
مطبوعات 50
مطرح 1,53,82,92,94,98
مطلوب 82,92
مطمئنا 3,3
معادل 2,2,2,2,2,2,2,22,38,40,40,40,40
معادلات 76
معاملاتی 2
معامله 12,12,2
معانی 51
معاون 100,24,24,46,50,54,73,89,99
معاونت 83,85,93
معتبر 69
معترضین 41,41
معتقدند 35
معدل 24
معدوم 26,26
معرفی 100,24,45,66,66,68,71,78,81,81,88,93,94,95,97,97
معزز 18
معضل 82,92
معظم 32,32
معلوم 50
معمول 61
معمولا 24,75,99
معیار 7
معیشتی 41
مغازه 26
مغذی 98
مغلوب 17,23
مفید 26,26
مقابل 11,11,13,23,27,27,27,31,37,5,94,94
مقابله 100,76,91
مقاطع 73
مقام 32,32,45
مقامی 57
مقایسه 14,14,40,40,40,6,6
مقدار 64
مقداری 26
مقدس 96
مقررات 90
مقرهای 91
ملاک 67,7
ملت‌های 13,13,29
ملزوم 91
ملل 65,65,65
ملویل 59
ملک 24
ملکی 57
ملی 11,11,15,29,29,46,46,54,54,73,73,82,92,94,94,94,94,94
ممنوع 98
ممنوعیت 7
ممنوعیتی 7
ممکن 25,25,49,70,71,8
من 3,51,96,96
منابع 18,20,20,20,20,28,36,53,6,9,98
منات 4,4
مناسب 63,78,93
مناسبت 93
مناطق 24,24,24,24,24,24,24,24,24,55,82,82,83,83,86,86,92,92,93,93,95,95,96,96
مناطقی 24,24,32
منبع 98
منتخب 80,81,97
منتشر 18
منتظر 8
منتقدان 36
منتقل 20
منتهی 10,10
منتور 65
منجر 36,72
منحصر 61
منزل 76
منصوب 88
منصوری 94
منصوریان 1,1,1
منطقه 100,100,11,24,24,24,24,44,44,47,9,96,96,96,99
منظور 73,91
منظوره 89
منفی 15,2,2,20,20,20,36,98
منوط 87
منوچهر 57,57
منچستر 23
منچسترسیتی 35,35
منچستریونایتد 23,23,23,23
مه 86,86
مهاجرت 43
مهاجم 15,15,17,23,35
مهجوری 83
مهدی 46,5,54
مهر 38
مهرداد 57
مهرماه 40,40,90
مهم 32,32,69,71,72,84,88,91
مهمان 23,79
مهمترین 19,23,30,36,50,62
مهمی 36,53,68,75,82,92
مهم‌ترین 30,46,54,61,64,69,71,71,71,71,76
مهندس 50
مهندسی 73
مهیا 81,97
مواجه 28,36,6
مواد 100,100,91,98
موارد 100,65,90,90,96
مواردی 78
موبایل 66,77,77,77,77
موثر 3,72,76
موثری 3,85
موجب 17,26,26,87
موجود 77,8
موراتا 13
مورد 100,100,100,100,14,24,53,64,71,74,75,81,82,82,84,85,92,92,97
موسسه 65,65,65
موضوع 30,34,35,36,66,7,87,91,91,95,95
موضوعات 84
موضوع‌های 82,92
موظفیم 7
موفق 19,25,27,31,36,36,39,50,58,96
موفقیت 3,90
موقع 84
موقعیت 25,27,69
مولا 99
مونته‌گراپا 51
مونتگراپّا 51
مونیخ 33,33
مُبرهن 85
مُبهم 85
مُفرط 85
مچ 51,51
مکان 67,89
مکانیکی 71,71,71
مکلف 34
مک‌کنی 19
مگر 32,48
می 100,24,24,24,24,25,26,26,26,26,30,38,49,62,63,63,67,67,67,67,67,70,70,74,74,81,82,82,89,92,92,94,94,94,96,97
می­ 18
میان 33,33,77,77,88
میانمار 4
میانگین 100,91
میت 61
میدان 37,39
میدانی 84,95
میدهیم 74
میرزایی 38
میرکریمی 57
میری 57
میزان 20,20,32,34,6,67,8,90,90
میزبان 13,17,17,19,27,5
میزبانش 17
میش 99
میعانات 14,14
میلاد 5
میلادی 55,55
میلیارد 14,2,2,20,20,20,20,20,20,20,20,28,28,28,28,28,28,34,36,40,40,40,40,40,40,47,6,6,6,6,6,65,65,82,82,83,89,92,92
میلیون 12,12,12,12,12,12,12,2,2,2,2,2,2,22,22,22,22,32,34,34,38,38,38,38,38,38,40,40,40,40,40,40,6,65,66,66,66,66,77,77,77,79,80,80
میلیونی 34
میلیون‌ها 76
میهمان 11
می‌آورد 42
می‌آید 29
می‌برند 71
می‌بینید 3
می‌توان 30,64,78
می‌تواند 28,28,28,3,3,35,61,64,75
می‌توانند 32,65,80,93,93,93,93
می‌توانید 58,79
می‌توانیم 20,73,99
می‌جنگید 60
می‌خواست 51
می‌خواهند 35
می‌دانستند 41
می‌دانید 3
می‌دهد 14,30,32,34,36,39,40,40,40,59,65,68,77,79,9
می‌دهم 51
می‌دود 49,49,49
می‌رسد 64,7,88
می‌رسید 88
می‌رود 49,93
می‌روند 69,71
می‌ریزند 76
می‌شد 88
می‌شنویم 73
می‌شود 28,28,28,31,33,34,38,41,42,46,49,54,58,6,61,72,72,81,82,86,88,88,9,92,96,97,99,99,99,99,99
می‌شوند 34,52,64,72,99
می‌فروشیم 20
می‌نماید 49
می‌کرد 53,96
می‌کردند 36
می‌کشید 3
می‌کند 49,52,52,59,59,61,65,69,72,79,90
می‌کنم 3
می‌کنند 100,100,51,59,61,64,65,66,69,76,96
می‌کنید 3
می‌کنیم 10,10,75
می‌گفتم 3
می‌گویند 9
می‌گیرد 81,97,99
ناامید 17
ناتوانی 47
ناجا 91
ناحیه 96,96,96,96,96,96,96
ناخوشایندی 26
ناراحت 29
ناراحتی 29
نارضایتی 43
نازل 74
نازی 45,45,45
ناسیونال 45
ناشی 100,95,95
ناصر 81,97
ناصری 95
نام 1,100,100,100,18,18,3,52,52,56,58,71,71,72,72,75,77,81,81,97,97
نام­گذاری 18
نامرئی 61
ناممکن 71
نامنظم 13
نامه 45,57,65
نام‌گذاری 91
نان 47
نانومتری 64
ناواس 23
ناپایدار 86
ناگورنو 44
نایب 77,8
نباشد 10,28
نباید 38,87
نبودن 71
نبوی 57
نتایج 1,1,29,68
نتوانست 17,28
نتوانستند 27,68
نتوانسته 84
نتوانستیم 20
نتیجه 11,11,13,17,19,27,29,33,82,92,95,98
نجفی 57
نحوه 38
نخبگان 65,84
نخست 1,17,37,91,94
نخستین 27,27
ندادن 98
ندادند 95
نداده 98
ندارد 28,3,36,48,7,87,95,95
ندارم 59
ندارند 78,85
نداشت 25,47
نداشتن 96
نداشتند 32
نداشته 24
ندید 1
ندیده 78
نرخ 10,20,24,28,30,30,30,36,38,4,4,4,4,4,4,65,65
نرسانده 35
نرسیدن 95
نرم 77
نرم‌افزار 73
نروژ 4
نزدیک 10,10,84
نزدیکان 88
نزولی 87
نسبت 12,20,28,30,30,34,4,4,40,40,40,71,71,83,88,90,99
نسخه 66,76,76
نسخه‌ی 66,66
نشات 35
نشان 14,16,24,30,30,30,36,40,40,40,59,61,70,9
نشانگر 73
نشان‌دهنده 75,90
نشد 100,25,43
نشدن 8
نشدند 17
نشده 20,27,82,82,92,92,95,98
نشده‌اند 68
نشده‌ای 49
نشست 32,82,90,92,92,95
نشستی 73
نشود 75
نصب 75,79,90
نصوریان 1
نظارت 16,46,54
نظارت‌ 100
نظام 34,38
نظامی 41,60
نظر 14,28,28,3,31,34,38,61,7,80,88,90,96
نظمی 41
نظیر 69
نفت 14,14,14,20,20,28,34,36,6,6,82,92
نفتخیز 82,92
نفتی 28,35
نفر 100,65,66,66,76,91,95
نفراتی 3
نفس 88
نفسگیر 94
نفع 17,17
نفوذ 58,63
نقاط 69,69,86
نقاطی 49
نقد 14,81,85,97
نقدی 38,80,80
نقدینگی 28,30,30,30,30
نقش 25,35,53,60,68,77,90
نقشه 67
نقطه 32,58,91
نقل 10,15,29,35,90,93
نمادین 51,51
نماند 60
نماید 34,38
نمایش 64
نمایشگر 64,64,64,64,71,71
نمایشگرها 64
نمایشگرهای 64
نمایشی 81,81,81,81,81,97,97,97,97,97
نمایند 18,62
نماینده 73,94,94,94,95,95
نمایندگان 14,82,82,84,88,92,92,92,94
نمره 84
نمود 65
نمودار 30
نمودارهای 100
نمودن 65
نمودند 81,97
نموده 65
نمونه 73,73,78,78
نمی‌توان 78
نمی‌دهم 10,10
نمی‌رود 92
نمی‌شد 3,47,78
نمی‌شود 42,42
نمی‌کند 28
نمی‌گذارد 72
نه 23,44,78,85
نهاد 73
نهاده 32,32,8
نهاده‌ها 32
نهاده‌های 32
نهایت 27,28
نهایتا 52
نهایتاً 26
نهایی 77,81,94,94,94,97
نهم 17
نهمین 81,97
نوآوری 74
نوامبر 77
نوبت 2
نوبخت 34
نوراللهی 5
نوسازی 96
نوسان 86
نوسانات 30
نوع 46,54,71,71,71,72,72,74,99
نوعی 71
نوه 58
نوید 57
نویسنده 59
نپال 4
نژاد 46,54,95
نژادیان 87,87,87
نکته 28
نکرد 20
نکردن 100
نکرده 78
نکنیم 77
نگاه 59,6
نگرانی 8,84,9
نگرانی‌های 82,92
نگرفته 32,75
نگهبان 7
نگهداری 26,30,89
نیا 81,81,97,97
نیاز 73,74,74,76,82,82,92,92,96
نیازش 64
نیافتن 82,92
نیافته 82,92
نیافته‌اند 35
نیرو 98,98
نیروهای 73
نیروی 91,91
نیرو‌های 52,56,56
نیز 100,100,100,12,12,12,16,18,24,26,26,26,26,28,30,34,4,4,40,48,51,6,77,78,82,88,90,92,92,92,95,95,95,95,96,96
نیزاعتباری 82,92
نیست 24,38,50,68,76,76,78,9,99
نیستند 78,99
نیسی 96,96,96
نیم 66,93
نیمار 23,23,23,23
نیمایی 10,10
نیمه 2,23,24
نیم‌سکه 12
نیوجرسی 90
نیوزیلند 4
نیوکمپ 19
نیکوکاران 96,96
ها 23,24,24,24,24,26,26,27,38,39,62,62,7,74,74,80,84,85,85,85,85,85,98
هازارد 25,25,25
های 21,24,25,26,26,27,33,62,63,63,67,67,70,71,74,81,81,84,85,85,85,85,85,85,87,94,94,94,94,95,97,97
هایش 28,67
هایپرجیم 72
هایپرمارکت 71
هایی 26,82,92
هتل 69,78,79
هجدهم 38,4
هجمه 36
هدایت 1,11,3,59,60,60,7
هدف 35,44,63,77,77,77,77,78,98,99
هدفمندسازی 38
هدفگذاری 10,10,10
هدف‌شان 35
هدف‌هایی 68
هدف‌گذاری 10
هدیه 65,80,80,87
هر 12,12,12,16,32,32,32,33,35,38,38,4,4,4,4,59,65,69,69,7,71,71,71,71,71,72,74,74,76,8,8,88,9,91,99
هررا 23
هرمزگان 69
هرچند 42,42,84
هرچه 62
هرگز 59
هزار 10,12,12,12,12,12,12,12,12,14,2,2,2,2,2,2,2,2,2,20,20,20,20,20,20,22,22,22,22,22,22,28,28,28,28,28,28,34,34,36,38,38,38,4,4,4,4,4,4,4,4,4,4,4,4,4,4,4,4,4,4,4,4,4,4,4,4,4,4,4,4,4,4,4,4,4,4,6,6,6,69,8,89,91,91
هزارتومانی 12
هزارمیلیارد 28
هزاره‌جات 55
هزینه 20,35,36,67,96
هزینه‌ها 36
هستند 100,24,26,32,35,35,57,61,63,74,76,78,80,82,91,92,92,93,94,98
هستیم 24,36,8,81,97
هشت 5
هشدار 8
هفت 14,40,40
هفته 1,100,13,17,19,22,23,5,70,70,91,91,95,95
هم 1,11,2,2,23,23,25,25,26,27,27,3,32,32,33,35,37,38,39,49,5,61,64,71,71,71,72,73,73,75,76,76,76,76,77,82,87,87,92,96
هم­زمان 18
همان 16,46,54,6,64
همانطور 96
هماهنگی 32,41,95
همایون 57
همت 8
همتی 10,20
همراه 36,45,46,6,69,70,86
همراهی 65
همزمان 76,79
همسایه 63
همسرش 45
همه 3,33,49,69,71,72,72,72,74,74,82,92
همه‌ 69
همه‌گیری 76,78,99
همه‌گیری‌های 76
همواره 76,78,78,84,84,85
همچنین 12,20,27,32,4,4,40,58,73,79,84,89,90,90,90,90,91,99
همچون 90
همکاران 26,73
همکاری 73,87,93,96
همگی 27
همیشه 61,67,79
همین 24,71
هند 4
هنرمندانی 81,97
هنوز 10,67,95,95
هنگام 43,44,51,61,70
هنگامی 51,70
هنگ‌ 4
هوآوی 61,61,61,64,64,64,66,66,66,68,68,68,68,68,75,77
هوا 72,80
هوازی 89
هواشناسی 86
هواوی 68,75,77,77,77
هواپیما 69,79
هوای 78
هوشمند 61,64,75,75,75,77
هومی‌شود 61
هویت 50
هک‌شدن 75
هیئت 73,81,97
هیات 7,7,7,81,97
هیتلر 45,45
هیچ 48,76,85,87,98
هیچکدام 98,98
هیچ‌وقت 43
وابسته 32
واحد 100,100,100,100,2,2,2,2,2,2,2,2,2,2,2,2,2,91
واحده 18
واحدهای 91
واخواست 40
وادار 76
واران 17
وارد 17,17,23,34,36,44,56,60,64,79,91,95,95
واردات 10,32,32,32,34,8
واریز 20,38
واسطه 68
واسکس 17
واقع 50,59
واقعه 50
واقعی 22,24,53
والدو 50
والنسیا 17,17,17
وام 34,34,38,38,65,65,65
واکنش 16
واگذاری 28,28,28,28
وبا 76
وثیقه 42
وجود 20,28,3,35,35,36,36,7,71,73,74,75,82,86,9,95
وحش 99,99,99,99
وحشتناکی 8
وحشیانه 60
وحوش 99
وخشکبار 26
ودیعه 34
ورزش 88,88,88,88,88,88,88,88,88,89,89
ورزشکار 89
ورزشکاران 72
ورزشگاه 33,37,5
ورزشی 1,11,13,15,17,19,21,23,25,27,29,3,31,33,35,37,39,5,7,72,72,72,72,89,89,89,89,89,9
ورزش‌دوستان 72
ورزش‌ها 72
ورشکستگی 26
ورود 32,61,74,74,87,96
ورودی 91
وزارت 100,24,24,45,73,73,8,82,84,84,92,98,98
وزرات 38
وزن 2,71,71
وزنه 94,94,94
وزنی 2
وزن‌کشی 71
وزیر 24,32,45,60,8,88,88,88
وسایل 90
وسیعی 36,46
وسیله‌های 72
وصیت 45
وضع 68
وضعیت 16,24,85,85,99
وظایف 62
وظیفه 64
وظیفه‌ی 64
وعده 56
وعده‌ها 8
وفادار 45
وقت 23,33,58,84
وقتی 50
وقت‌های 33
وقفه‌ای 90
ولاغیر 7
ولی 26,3,3,3,84,88,95,95
ومبلی 37
ونزوئلا 4
وهشت 100
وون 4
وکالت 38,38
وکیل 50
وگو 99
وی 10,100,100,100,26,51,81,82,83,86,87,88,90,91,92,93,93,94,95,95,96,96,97,97,98,99,99,99
ویدیو 58
ویران 47
ویروس 100,15,26,87,87,91,99
ویژه 10,61,80,85,93,98,98,98,98
ویژه‌ای 90
ویژگی 63
ویژگی‌های 75,84
ویژگی‌هایی 61
١٠ 24
٢٠ 24,24
پائولو 31
پاداش 43
پارانازال 70
پارسافخر 93
پارسال 99
پاری 23,23,23,23,23,23,35,35
پاریسی 23
پاس 23,23
پاسخ 18,7,84
پاسداران 18,18,18
پاندمی‌ها 76
پانورامایی 49
پانیذ 63,63,63
پاول 45
پاچکو 25
پاکستان 4,60
پای 82
پایان 10,33,38,38,5,65,97
پایانی 13,19
پایتخت 21,24,24,24,24,24,24,33
پایه 30
پاییز 30,78,8
پاییزه 99
پاییزی 80,80,80
پایین 24
پتانسیل 3
پدربزرگ‌ها 87
پدرخوانده 53,53
پر 8
پراکنده 86
پرتغالی 11
پرخطر 91
پرداخت 34,34,38,38,47,47,58,65,65,93,95
پرداخته 30,95
پرداختی 20
پررنگی 77
پرز 25
پرستاره 1,9
پرستویی 57
پرسش 32
پرسپولیس 3,3,3,3,3,3,3,5,5,5,5,9,9
پرطرفدار 72
پرناک 63,63
پرهیز 100,78
پرو 61
پروتکل 81,97
پروتکل‌ها 99
پرورش 32,96,98,98
پرورش‌ 98
پروری 98
پرونده 38
پروپاگاندا 45
پرویز 57
پرچمدار 61
پرکاربرد 72
پرکالری 72
پرگل 13
پریرا 23
پزشک 50,76,76
پزشکان 76
پزشکی 100,100,50,71,76,76,79
پزوی 4
پس 17,20,23,23,23,35,43,45,45,47,51,53,56,65,66,76,76,82,88,92
پستانداران 99
پست‌های 91
پسند 74
پسندان 74
پسیانی 57
پشت 23,23,27,31,39,9
پلاست 63
پلاستیک 71
پلتفرم 73,73,77
پلمب 91
پلکانی 80
پلیس 90,91,91
پلی‌استور 77
پنالتی 17,17,25,37
پنج 100,100,17
پنجشنبه 86
پنجم 23
پنل 64,64
پنل‌های 64,64
پوتین 51,51,51,51
پور 57,94
پورتفوی 22
پوشان 23
پوشش 77,93,93
پول 30,30,30,30,30,30,30,35,58
پولی 30,36,36,36,47
پولیپ 70,70
پوند 4
پویش 65
پژوهش‌های 30
پی 24,99
پیاده‌روی 72,72
پیامک 38
پیاپی 56,9
پیدا 3,50,66,90
پیر 37,59,59
پیروزی 1,13,21,25,27,3,94
پیروی 51
پیش 10,23,33,37,42,46,54,6,60,7,78,82,88,98
پیشبرد 68
پیشتازان 68
پیشتازی 68
پیشنهاد 98
پیشگیرانه 90,90
پیشگیری 95
پیشین 54
پیش‌بینی 10,10,36,83,86
پیچ 10
پیک 87
پیکه 27
پیگیری 73,82,82,82,84,91,92,92,95
پیگیری‌های 50
چاره‌اندیشی 75
چاقی 72
چالش 8
چاپ 47,74,74,74,74,74,74,74
چرا 3,3,30,32,32,61,8
چراغ 34
چرب 72
چشم 59
چشمگیر 24
چشمگیرتر 14
چشمگیری 64
چشم‌نوازی 69
چند 16,22,23,26,27,3,3,32,32,35,38,64,72,89,9
چندین 50
چنین 47,72,72
چه 24,34,67,9,9
چهار 100,12,12
چهارخطه 90
چهارشنبه 11,86,92,95
چهارم 81,97
چهارپایان 99,99
چهره‌های 53
چون 28,53,96
چک 67
چکاد 73,73
چگونه 78
چیز 49,69
چین 4
چینی 64,64,77
چیپ 25,64,64
چیپ‌های 64,64,64
چیپ‌هایی 64
ژان 59,59
ژانویه 77
ژانگ 77
ژرمن 23,23,23,23,23,35,35
ژرمن‌ها 13
ژوئیه 56
کابل 60
کادر 94,94
کادرفنی 3
کار 20,3,31,35,36,38,44,47,53,65,67,71,73,73,90,90,91,91
کارآفرینی 65
کاراسکو 27
کاربر 66,66,77,77,79
کاربران 61,61,61,66,75,75,75,75,76,76,76
کاربرانش 79
کاربرانی 66
کاربردی 72
کاربری 62,66,66,66
کارت 80
کارخانه‌های 71,71
کارشناس 28
کارشناسان 14,26,99
کارشناسی 65
کارلوس 11,11
کارمندان 100
کارهایی 90
کارون 98
کارکنان 78,91,91
کارگردان 59
کارگزاری‌های 93
کاری 55,62,78
کاریز 21
کاسته 76
کاشت 32
کاظم 8
کافی 79,8
کالاها 71
کالاهایی 10
کالای 63,63
کالا‌ها 16
کالج 50
کامران 57
کاملینا 32
کانون 8
کانون‌های 87
کاهش 2,2,24,24,32,36,4,40,8,87,90,91,99
کاهش‌ها 90
کاپیتان 5
کتاب 16,6
کثیر 3
کجاست 16
کجی 7
کد 79,79
کدام 71,76
کرد 10,100,100,100,15,17,17,17,17,18,20,23,23,25,25,26,28,3,30,32,33,37,38,4,44,45,45,45,48,50,50,50,53,53,60,62,66,68,7,85,85,87,87,88,90,91,92,93,95,96,96,99
کردستان 48
کردن 36,36,71,76
کردند 100,13,16,26,38,43,47,48,77,97
کردنش 48
کرده 16,20,21,23,24,25,27,3,33,36,42,46,48,48,50,52,54,72,74,76,85,98
کرده‌اید 75
کرده‌ایم 59
کردید 36
کردیم 91
کرمیت 58
کرنر 25
کره 4,50,50,50,76
کرونا 100,100,26,26,38,76,76,78,78,78,87,87,9,99
کروناویروس 91
کرونایی 38
کریم 17
کس 7,74
کسانی 65,95
کسب 25,25,3,65,85,85
کسب‌وکار 65,65
کسر 38
کسری 20,36,36,36,36,36,36,6,6
کشاورزان 43
کشاورزی 20,32,32,8
کشت 32,43
کشتی 94,94,94
کشور 18,32,34,35,35,36,36,6,6,62,63,77,8,82,82,84,84,84,85,85,88,92,92,98,99
کشورهای 63
کشوری 58
کشور‌های 60
کشید 8
کل 28,36,6,6,82,82,88,92,92,96,99
کلاس 83,83,96
کلاسه 96
کلاسیکو 27
کلان 18,35
کلانتر 50
کلاه 59
کلماتش 59
کلمبیا 11,11
کلیات 6
کلیدی 35,54
کلیه 65
کم 3,32,61,72,9
کمال 57
کمبودها 74,96,96
کمتر 36,64,66,78
کمتری 78
کمپین 65
کمک 72,87,96,96
کمک‌ها 43
کمی 61
کمیسیون 90
کم‌نقص 42
کن 80
کنار 36,87
کنترلی 64
کنجد 32
کند 17,23,25,28,36,49,50,61,63,63,64,66,68,75,95
کنفرانس 66,66
کنند 100,100,35,64,76,76
کننده 38,62,62,62,63,98
کننده‌ای 39,61
کنگوی 49
کنید 67,67,67,67,69,75,79,79
کنیم 28,36,7
که 10,100,14,17,17,19,21,24,24,24,26,26,26,26,26,28,28,28,32,32,33,36,36,37,38,38,38,38,38,38,39,39,39,4,40,40,40,50,50,51,51,54,58,60,61,61,61,62,62,62,63,63,64,66,66,67,67,67,68,68,69,69,69,69,69,7,7,71,71,71,71,72,72,74,74,74,75,75,75,75,82,82,82,82,82,84,85,85,87,9,90,90,90,92,92,92,95,95,95,95,95,96,99
کوتاه 92
کودتای 58
کولینگ 62
کووید 100
کوچک 69,87
کیا 57
کیات 4
کیسه 63,63
کیش 69,69,69,69,69,69
کیفیت 64
گاردریل‌ها 90
گاز 14
گازی 14,14
گالری 75
گام 76
گتوند 86
گجت‌های 64
گذاشتن 9
گذاشته 56
گذر 10
گذشته 1,100,4,66,92
گرانی 16
گردشگری 67
گرفتند 100,60
گرفته 11,14,38,64,71,90
گروه 9,9
گروهی 13,19
گزارش 10,100,13,19,21,23,25,37,39,40,9,9,99
گزینه 1,75
گسترده‌تری 61
گفت 100,38,51,64,90,92,92,92,93
گل 17
