آتیک 13
آثار 14,14
آخری 17
آخرین 38
آدامار 52
آرام 34
آرامي 9
آرامی 43
آرایش 13
آرمانی 6
آرگومان 1,1,1,29,29,29,53,53,53
آزاد 20,30,4
آزمون 54,54,54,54
آسان 12
آسانی 12
آشوب 43
آغاز 43,43,43,43,43
آفست 22,22,22,22
آفین 59,59,59,59
آفینی 59,59,59,59,59,59,59
آلبانیای 47
آلمانی 13,24,43,47
آمار 58,58
آمارگیر 58
آمده 30,34,36,37,37,38,41,46,49,6,8
آموخت 43
آموخته 17
آموزش 13,18,47,54
آنالیز 1,1,1,1,1,43,43,43,43,43,43
آنالیز_ریاضی 1
آنان 13,14,14
آنتی 49
آنجا 54,54
آندرس 32
آنسون 42
آنگاه 32,53,54,58,8,8,8,8,8,8,8,8
آوانگاری 47
آورد 54
آوردن 10,54
آورده 54,6
آورند 23
آورید 6
آوریل 15,4,5,51,57,58
آکادمی 58,58
آگاهی 49
آگوست 10
آیتم 1,10,11,12,13,14,15,16,17,18,19,2,20,21,22,23,24,25,26,27,28,29,3,30,31,32,33,34,35,36,37,38,39,4,40,41,42,43,44,45,46,47,48,49,5,50,51,52,53,54,55,56,57,58,59,6,60,7,8,9
آیسبرگ 34
آینده 20,20
أوليان 9
ابتدا 20,36,43,43,43,54,58
ابتدایی 13,8
ابجد 13
ابداع 13,13
ابراهیم 2,2,2
ابزاری 43
ابعاد 43
ابعادشان 59
ابن_سهل 2
ابوعبدالله 2
اتحاد 54,54,54
اتحادهای 28,28,28,28
اتحادیه_جهانی_ریاضیات 3
اتروسکی 13
اتصال 42,6,6,6,6,6,6,6,6
اتصالی 6
اتفاقی 43
اتمام 18,20
اتونوموس 39
اثبات 12,12,12,20,31,32,32,32,32,35,43,43,43,43,43,43,43,43,51,52,52,52,9,9
اثباتی 31
اثری 47
اجازهٔ 43
اجباری 1,10,11,12,13,14,15,16,17,18,19,2,20,21,22,23,24,25,26,27,28,29,3,30,31,32,33,34,35,36,37,38,39,4,40,41,42,43,44,45,46,47,48,49,5,50,51,52,53,54,55,56,57,58,59,6,60,7,8,9
اجتماع 30,4,4,4,59,7,8,8,8
اجتماع_ 4
اجتماعی 1,59
اجرا 34
اجرای 34
اجزاء 39,39,39
اجزای 56
اجسام 43
احتمال 52,52,58,8,8,8,8,8,8,8,8,8,8,8,8
احتمالات 58,8
احتمالاتی 8
احتمالاً 21,43
احتمالی 8
احمد 2,2,2,2,34
اختراع 47
اختراق 2
اختصار 39
اختلاف 43,6
اختیار 12
اختیاری 1,10,11,12,13,14,15,16,17,18,19,2,20,21,22,23,24,25,26,27,28,29,3,30,31,32,33,34,35,36,37,38,39,4,40,41,42,43,44,45,46,47,48,49,5,50,51,52,53,54,55,56,57,58,59,6,60,7,8,9
اخلاقی 43
اخوان 2
اخیر 1,1,10,10,11,11,12,12,13,13,14,14,15,15,16,16,17,17,18,18,19,19,2,2,20,20,21,21,22,22,23,23,24,24,25,25,26,26,27,27,28,28,29,29,3,3,30,30,31,31,32,32,33,33,34,34,35,35,36,36,37,37,38,38,39,39,4,4,40,40,41,41,42,42,43,43,44,44,45,45,46,46,47,47,48,48,49,49,5,5,50,50,51,51,52,52,53,53,54,54,55,55,56,56,57,57,58,58,59,59,6,6,60,60,7,7,8,8,9,9,9
اخیراً 41,43
اداره 54
ادامه 36,38,43,43,43,46,49
ادوین 41
ارائه 14,14,32,43,43,54,58,59,6
ارتباط 41,43,43,43,59,59
ارتباطات 43,43
ارتباطاتی 43,43
ارتباطش 43
ارتباطشان 43
ارتباطی 59
ارجاع 15,15,17,17,17,18,18,27,27,31,31
اردیبهشت 2
ارزش 20,38,38,38,38,38
ارزی 10,22,22,52
ارزیابی 41,41,41,60,60
ارشیا 54
ارضا 6
ارضای 6
ارقام 13,13,15
ارمن_لوران 5
اروپا 13,13,43,47,47
اروپائی 14
اروپائیان 47
اروپایی 13,14,47
اروپاییان 13
ازآن 18
ازای 12,4,41,46
ازین 43,43,43
اساس 13,13,13,23,32,43,43,43,43,43,47,54,54
اساسی 12,12,16,17,17,21,28,50,7
استاد 53
استادیار 58
استانبول 2
استاندارد 1,17,28,29,29,29,30,43,43,43,43,43,43,44,47,52,54,56,59,59,60
استثنایی 41,41
استخراج 14,8
استدلال 43,43
استراوس 51,51
استفاده 1,10,11,12,13,13,13,13,14,15,15,16,17,18,19,19,2,20,20,20,21,22,23,24,25,26,26,27,28,28,28,28,28,28,29,3,30,31,32,33,34,34,35,35,36,36,36,37,37,37,37,37,38,38,38,39,39,39,4,4,40,40,41,41,41,42,42,42,43,43,43,43,43,43,43,43,43,43,43,43,43,43,43,43,43,43,44,45,46,46,46,47,47,48,49,5,50,50,51,52,52,52,52,53,54,54,55,55,56,56,57,58,59,59,59,6,6,6,6,6,6,60,60,60,7,8,8,8,8,9
استم 40,41,41
استناد 20
استوار 43,43
استوکاستیک 20
استکهلم 58,58
استیون 42
اسفند 55
اسلام 2,2,2,43
اسلامی 14,14,2,2,43,43,43,43
اسناد 43
اسپلاین 42,6,6,6,6,6,6,6,6
اسپکتروم 10
اسپیلاین 6
اسکندریه 21
اسکولم 43
اشاره 13,13,13,16,27,38,43,43,48,5,58,59,9
اشتباه 34
اشتراک 10,30,4,43
اشتراکی 43
اشتغال 20
اشتقاق 41
اشکال 43
اشیاء 43,43,43,43,43,43,59
اشیای 43
اصطلاح 13,14
اصطلاحات 14,20
اصطلاحاتی 14
اصطلاحاً 26
اصل_جمع 7
اصلی 1,1,1,10,11,12,13,14,15,16,17,18,19,2,20,21,22,23,24,25,26,27,28,29,29,29,3,30,30,31,32,33,34,35,36,36,37,38,39,4,40,40,40,41,41,41,41,41,41,41,42,43,43,43,43,43,44,45,46,47,48,49,5,50,51,52,53,54,55,56,57,58,58,59,59,6,60,7,8,9
اصول 43,43,43,43,43,43,43,43,43,43,43,43,43,43,7,8,8,8
اصول_احتمال 8
اضافه 20,41,41,43
اضافهٔ 20
اضافی 20
اضلاع 43
اطراف 40,40
اطلاع 14
اطلاعات 1,1,1,10,11,12,12,13,14,15,16,17,18,19,2,20,21,22,23,24,25,26,27,28,29,3,30,31,31,32,33,34,35,36,37,38,39,4,40,41,42,43,43,43,44,45,46,47,48,49,5,50,51,52,53,54,55,56,57,58,59,6,60,7,8,9
اطلاعاتی 43
اطلاق 30
اطمینان 6
اظهار 14
اعتبارسنجی 1
اعتقادی 43
اعتماد 14
اعداد 10,10,10,10,10,10,10,10,10,11,11,11,11,12,12,12,12,12,13,13,13,13,13,13,13,13,14,14,14,14,14,14,14,18,18,18,18,22,22,22,23,23,23,23,23,23,23,23,30,32,32,32,32,33,33,33,33,33,35,35,35,35,38,38,38,38,38,43,43,43,43,43,43,43,43,43,43,43,43,43,43,43,43,43,43,43,43,43,43,47,47,47,47,47,47,48,48,48,48,5,52,52,52,52,52,52,52,52,52,52,52,52,52,52,52,53,53,53,55,55,55,55,55,55,55,57,58,59,8,9,9,9,9,9,9
اعداد_اول_دوقلو 9
اعداد_اول_فیبوناتچی 10
اعداد_اول_ویلسون 11
اعداد_زائد 12
اعداد_عربی 13
اعداد_متعادل 14
اعدادی 14,30
اعراب 13,47
اعشار 43
اعشاری 38
اعضای 3,4,4
اعلام 59
اعمال 33,43,43
اغلب 29,38,43,43,43,59
افتادن 1
افتخار 11,24,46
افرادی 13
افزایش 19,20,20,20,26,26,43,45
افزوده 43
افلاطون 21
افنا 43
افکار 15
اقتباس 13
اقتصاد 20,20,20,20,20,20,20,20,20,20
اقتصادی 20,20,20,20,20,20,20,20,43
اقساط 20,20
اقلیدس 26
اقیانوس 43
الأعداد 52
الاقوامی 3
الامینی 10
التكامل 22
الحاق 30,4
الخوارزمی 43
الدوال 49
الدولي 3
الدین 43
الزامات 43
الزاماً 43,46
الطب 2
العد 47
العلاء 2
الفبای 13,47,47
الفروق 39
القزوینی 53
الله 18
المشتاق 2
المعدة 23
النفیس 43
الهازن 2
الهام 13
الهندي 47
الکساندر 20
الگو 1,1,1,13,13,16,16,17,17,2,2,20,21,21,28,28,28,28,29,29,29,29,3,3,30,34,34,39,39,4,4,43,43,43,43,43,43,47,47,47,47,47,47,47,49,49,50,50,53,56,8,8
الگوریتم 36,41
الگوهایی 43
الگوی 1,10,10,10,11,11,13,13,17,17,2,2,21,21,22,22,23,23,23,24,24,26,26,27,27,32,32,33,33,34,34,35,35,36,36,37,37,38,38,40,40,40,41,41,42,42,42,48,48,48,49,49,5,5,5,51,51,53,53,53,56,56,56,57,57,58,58,7,7,9,9
امروز 20,43,43
امروزه 13,13,15,43
امروزی 47,55
املا 14
امنیت 1
امور 3,3
اموی 2
امپراتوری 13
امکان 1,10,11,12,13,14,14,15,16,17,18,19,2,20,21,22,23,24,25,26,27,28,29,29,3,30,31,32,33,34,35,36,37,38,39,4,40,41,42,43,43,43,43,43,44,45,46,47,48,49,5,50,51,52,53,54,55,56,57,58,59,6,60,7,8,9
امیل 39
امین 33,45,52,53,58
ان_رقمی 15
انبار 47,47,47
انتخاب 20,34,34,4,54,59
انتخابی 42
انتروپی 43
انتشار 43
انتشارات 44,47,60
انتظار 20
انتظاری 20
انتقال 19,43
انتهای 6,6
انتهایی 41,41,6
انتگرال 16,16,16,17,17,17,17,22,22,22,22,22,22,22,22,22,23,28,28,28,28,28,28,43,43,43,49,49,49,49,49,50
انتگرال_حجمی 16
انتگرالگیری_جزء_به_جزء 17
انتگرالی 17
انجام 1,10,11,12,12,13,14,15,16,17,18,19,2,20,20,21,22,23,24,25,26,27,28,29,3,30,30,30,30,31,32,33,34,35,36,36,36,37,37,38,39,4,40,41,41,42,43,43,43,43,44,45,46,47,48,49,5,50,51,52,53,54,55,55,56,57,58,58,59,6,6,60,7,8,9
انجمن 27,27,27,43,53
انحنا 6,6
انحنای 6
اندازه 40,43,43,46,52,56,6
اندلس 13,47
انسان 1,43
انشا 14
انواع 29,45,54
انگارش 43
انگلستان 10
انگلیسی 27,27,27
اهالی 21
اهمیت 43,54,54
اوایل 14,29,43,43,58
اوریه 47
اولند 12
اولی 17,9
اولین 15,26,38,38,43,43,43,58
اولیه 13,43,43,8,8,8,8
اوّل 33,33,54
اویلر 33,39
اکتبر 31,31,32,34,39,48,52,57,58,60
اکتشافات 43
اکثریت 43
اکنون 43,43,43,43
ایتالیایی 47,47,47
ایجاد 13,29,29,31,37,40,41,41,42,42,43,43,6,6
ایده 13,13,52,52,59,59,59,59,59
ایران 13,13,2,2,2
ایرانی 13,13,15,2,47,47
ایرانیان 47
ایست 20
ایسنا 9
ایشان 13
ایفا 22
ایلامی 47
اینجا 22,43,46,8
اینحال 13
اینطور 20
اینچنینی 52
اینکه 17,43,48
اینگونه 36,59
بابت 20,20,20
بابلی 13,2
بابلیان 43
باره 13
باریک 6
باریکی 6
بازار 20
بازبینی 1,1,1
بازه 18,18,18,18,18,18,18,18,54
بازپرداخت 20,20
بازگشت 34,43,43,47
بازگشتی 17,40,40,41,41,41,43
باستان 20,21,21,43,43,43
باستانی 13
باشد 10,12,12,12,12,12,12,14,15,17,20,20,22,25,32,33,33,4,43,43,43,43,44,46,48,48,52,52,52,53,53,54,54,54,54,54,58,59,59,59,59,59,59,6,7,8,8,8,8,8,9
باشند 10,12,12,12,12,14,17,30,30,43,43,43,43,45,46,46,48,6,8
باشید 6
باشیم 20,4,59,59
باعث 12,31,6
باقی 41
بالا 20,20,34,4,46,6,8,8,8,8
بالاتر 43
بالیایی 47
بامقداری 26
بانک 20
بانکی 20
باهم 46
باور 14
باید 10,11,12,12,20,20,20,20,20,28,34,34,52,54,54,54
بایک 26
ببرید 41
بتوان 11,43,43,54
بتوانیم 6
بجای 47
بحران 43
بخشالی 43
بخشی 20,34,34,34,6
بخصوص 17,26,43,43
بخواهیم 20
بدست 10,10,34,36,36,36,36,37,37,37,38,40,41,43,43,46,46,46,54,59,6,6,6
بدنهٔ 6
بدهند 41
بدهی 20
بدهیم 12
بدون 1,1,1,12,14,15,15,15,15,18,18,18,18,27,27,27,27,31,31,31,31,31,40,41,43,44,44,45,53,53
بدین 52,7
بدیهی 59,8
برآورده 1
برابر 10,12,14,20,20,20,22,26,26,38,44,44,46,54,54,54,54,54,6
براساس 13
براهمی 47
برای 1,1,10,10,10,10,11,11,12,12,12,13,13,13,13,14,14,14,14,15,15,15,16,16,16,17,17,17,17,18,18,18,18,18,18,18,19,19,2,2,20,20,20,20,20,20,21,21,22,22,23,23,23,23,23,23,23,24,24,25,25,26,26,26,26,27,27,28,28,28,28,29,29,29,3,3,3,30,30,30,31,31,31,32,32,32,32,33,33,33,33,33,34,34,34,35,35,35,36,36,36,37,37,37,37,38,38,38,39,39,39,39,39,39,4,4,4,4,40,40,40,41,41,41,41,41,41,42,42,42,42,42,43,43,43,43,43,43,43,43,43,43,43,43,43,43,43,43,43,43,43,43,43,43,43,44,44,45,45,46,46,46,46,47,47,47,48,48,48,49,49,49,5,5,50,50,50,50,51,51,52,52,52,53,53,53,54,54,54,54,54,54,54,54,55,55,55,55,55,55,56,56,57,57,58,58,59,59,59,59,59,59,59,59,6,6,6,6,6,6,6,6,6,6,60,60,60,60,7,7,7,8,8,9,9,9
برجسته 20
برحسب 20,20
برخط 43
برخوردار 54
برخی 14,14,43,43,43,59
بردار 43,43,46,46
بردارهای 6
برداری 29,54
برده 43
بردیم 12
بررسی 1,23,32,43,43,52,54
برروی 30,4
بررّسی 33
برسند 43
برطبق 15,18,27,31
برقرار 23,23,59,59,6
برنارد 52
برهم 46
برهمی 13
بروز 43,43
برویم 7
برپایه 47,47
برچسب 14
بزرگ 11,12,12,32,4,43,43,47,47,52,52,59,9,9
بزرگتر 12,12,12,12,12,38
بزرگی 26,35,56
بسازید 1,10,11,12,13,14,15,16,17,18,19,2,20,21,22,23,24,25,26,27,28,29,3,30,31,32,33,34,35,36,37,38,39,4,40,41,42,43,44,45,46,47,48,49,5,50,51,52,53,54,55,56,57,58,59,6,60,7,8,9
بسامانی 4
بسامد_فضایی 19
بستر 59
بسته 20,59,59,59,59,59,59
بسیار 17,17,22,38,52,58
بسیاری 1,13,22,43,43,43,43,43,43,43,58,58
بشری 43
بشمرند 43
بعبارتی 26,26
بعدی 12,36,37,58,6
بغداد 47
بفهمیم 34
بلکه 13,26,59
بنابر 12
بنابراین 11,12,12,33,44,46,46,52,6,6,6,6
بندی 43
بنگالی 47
بنگاه 20,20
بنیادی 28,29,43,59
بنیادین 34,59
بنیادینی 43,43
بنیان 43
بنیانی 43
به 17,54,54,54
بهای 20
بهایی 8
بهبود 37,45,45,47,9
بهتر 14,20,6
بهره 20,20,20,20,20,43
بهشتی 53
بهمن 47
بهینه 40
بودجه 20
بودن 12,32,43,43,52,59,59,6
بودند 43
بوده 31,35,43,43,48
بولی 43
بچسبند 6
بکار 13,26,42,47
بگوییم 46
بگیرد 20
بگیرید 55
بگیریم 12,43,54
بیاد 6
بیافزائید 55
بیان 11,18,18,18,19,20,20,23,29,32,33,43,52,52,6
بیانگر 54,54
بیرون 43
بیزانس 13
بیستم 29,43
بیش 46
بیشتر 1,1,10,10,11,11,12,12,13,13,14,14,15,15,16,16,17,17,18,18,19,19,2,2,20,20,21,21,22,22,23,23,24,24,25,25,26,26,26,27,27,28,28,29,29,3,3,30,30,31,31,31,32,32,33,33,34,34,35,35,36,36,37,37,38,38,39,39,4,4,40,40,41,41,42,42,43,43,43,43,44,44,45,45,46,46,47,47,48,48,49,49,5,5,50,50,51,51,52,52,53,53,54,54,55,55,56,56,57,57,58,58,59,59,6,6,60,60,7,7,8,8,9,9
بیشینه 46
بیضوی 35,35,35
بیضویِ 35
بیضی 25
بیمه 58
بینهایت 15
بیژن 2
بیکاری 20,20
بیکران 18
تأثیر 43
تأسیس 43,43,43
تئائتتوس 21
تئوری 58,58,58
تابع 16,16,17,22,22,22,22,22,22,22,29,29,29,36,37,37,39,39,39,45,46,46,46,52,52,52,52,52,54,6,6,6
تابع_انتگرال_لگاریتم 22
تابع_شمارش_اعداد_اول 23
تابع_منگولد 24
تابعی 23,43,43,43
تاخیر 39
تاریخ 1,1,1,20,20,21,21,31
تاریخی 43,43
تامی 12
تامیلی 47
تانسوری 30,4,43
تاکنون 9
تایلندی 13
تبادل 43
تببین 43
تبتی 47
تبدیل 17,25,25,28,38,41,54,54
تبهگنی 25,25
تبهگنی_ 25
تجارت 20,20
تجاری 1,10,11,12,13,13,14,15,16,17,18,19,2,20,21,22,23,24,25,26,27,28,29,3,30,31,32,33,34,35,36,37,38,39,4,40,41,42,43,44,45,46,47,48,49,5,50,51,52,53,54,55,56,57,58,59,6,60,7,8,9
تجربی 43
تجرید 43,43,43
تجریدی 43
تجزیه 54,54
تحریک 43
تحقیق 43,58,9
تحقیقات 35,43,43,43,53,53,58,58
تحقیقاتی 43,43
تحلیل 34,58
تحلیلی 1,29,43,43
تحویل 59,59,59,59,59
تخصصی 43
تدریس 26
ترتیب 20,20,30,36,38,4,41,54,58
ترتیبی 13
ترجمه 13,34
ترجمهٔ 14,21
ترویج 3
ترکیب 43,43,43,46,46
ترکیبی 37,42,42,7
ترکیبیات 7
تسویر 43
تشخیص 1,6
تشریح 6
تشکیل 13,29,29,43,6,6
تصادفی 1,10,11,12,13,14,15,16,17,18,19,2,20,21,22,23,24,25,26,27,28,29,3,30,31,32,33,34,35,36,37,38,39,4,40,41,42,43,44,45,46,47,48,49,5,50,51,52,52,52,53,54,55,56,57,58,58,59,6,60,7,8,8,9
تصاویر 1,10,11,12,13,14,15,16,17,18,19,2,20,21,22,23,24,25,26,27,28,29,3,30,31,32,33,34,35,36,37,38,39,4,40,41,42,43,44,45,46,47,48,49,5,50,51,52,53,54,55,56,57,58,59,6,60,7,8,9
تصریح 4
تصور 34,43
تصویر 19
تصویرسنجی 3
تصویری 59,59,59,59,59,59,59,59,59,59,59
تطبیق 37,42
تعادل 20
تعاریف 43,43,59,59
تعداد 10,10,11,15,22,23,23,23,41,52,52,54,9,9,9
تعدادشان 43
تعدادی 43,43
تعریف 16,17,18,20,22,22,23,23,24,34,35,4,40,41,41,41,43,43,50,59,59,59,59,59,59,59,59,59,59,59,60,60
تعریفی 43
تعلق 25,43
تعميم 9
تعمیم 43,52,52,52,59
تعیین 30,43,56,59
تغییر 26,28,28,43,43,6
تغییرات 1,10,11,12,13,14,15,16,17,18,19,2,20,21,22,23,24,25,26,27,28,29,3,30,31,32,33,34,35,36,37,38,39,4,40,41,42,43,43,43,43,44,45,46,47,48,49,5,50,51,52,53,54,55,56,57,58,59,6,60,7,8,9
تغییراتش 43
تفاضل 39,39,39,39,39
تفاضلات 39,39,39,39
تفاوت 59
تفریق 43
تفکر 20,34
تفکرات 20
تقاضا 20
تقریب 22,23,23,39,39,39,43
تقریباً 6,6
تقریبی 36,39,54
تقسیم 1,10,12,30,38,39,43,43,45,54,54
تكاملات 49
تلاش 41
تلفن 1,10,11,12,13,14,15,16,17,18,19,2,20,21,22,23,24,25,26,27,28,29,3,30,31,32,33,34,35,36,37,38,39,4,40,41,42,43,44,45,46,47,48,49,5,50,51,52,53,54,55,56,57,58,59,6,60,7,8,9
تلفیق 34
تلقی 43,43
تلوگو 47,47
تمام 20,41,41,41,41,43,43,43,46,55,59,59,59,6,6
تمامی 43
تمایز 29
تمدن 2
تمرکز 43,43,6
تناسب 26,26,26,56
تناسب_ 26
تناظر 45
تناظری 59,59
تنسور 16,17,28,50
تنسوری 29
تنها 13,13,30,36,43,57,6,6,6
تهران 47
توابع 1,17,17,28,28,28,28,39,43,43,43,43,49,49,49,49,49,52,59,59,59,59,6
توابعی 17
توافق 43
توان 22,28,38,52,52,52,59,59,59,59,59,59,7,7,8
توانایی 43
تواند 59,9
توانستند 23
توانند 59
توانيد 9
توانی 39
توانیم 7,8
توجه 17,17,22,28,34,34,37,43,45,46,52,57,59,60
توجهی 22
توخالی 56
تورم 20,20,20
توزیع 1,20,52,52,54,58
توسط 13,13,13,13,13,13,13,32,32,32,33,37,40,41,41,41,43,43,43,43,47,51,52,53,53,53,59,59,59,6
توسعه 1,1,3,36,40,41,43,43,43,43,43,43,43,43,43
توسعهٔ 43
توسّط 14,14
توصیف 43,43,43,43,43,43,52
توضیح 17
تولدو 2
تولم 39
تولید 41,56,59
تونی 41
توپولوژی 43,43,43,43,43,43,43,59,59,59,59
تکرار 17,17,40,40,41,52
تکرارهای 40
تکراری 1,1,1,53,53,53
تکنیک 26
تکوین 43
تکین 43,59,59
تیلاین 47
تیلور 39
تەواوکاری 49
ثابت 12,20,20,20,22,23,23,23,26,26,33,41,45,54,54,54,8,9,9,9
ثابتِ 33
ثابتی 20
ثمربخشی 43
جاری 35
جالب 6
جامع 43
جان_ویلسون 27
جانشینی_مثلثاتی 28
جایزه 41,43,43,43
جایزهٔ 43
جایگذاری 46
جایگزین 13,42,55
جایی 46
جبر_مجرد 29
جبران 20,20
جبری 1,29,29,29,29,35,35,39,43,43,43,43,54,59,59,59,59,59,59,59,59,59,59,59,59,59,59,59,59,59,59,59,59,59,59,59,59,59,59,59,59,59
جدال 43
جداگانه 52
جدول 26,36,37
جدید 31,40,40,41,41,41,43,43,43,47,59
جدیدی 41,43,43,59
جریان 20
جزئیات 1,10,11,12,13,14,15,16,17,18,19,2,20,21,22,23,24,25,26,27,28,29,3,30,31,32,33,34,35,36,37,38,39,4,40,41,42,43,43,44,45,46,47,48,49,5,50,51,52,53,54,55,56,57,58,59,6,60,7,8,9
جستارهای 13,18,20,25,29,38,39,43,47
جستجو 12,12
جستجوی 12,12
جستجویی 43
جعبه 5,5
جلوگیری 20
جمشید 2,2,53
جمع_ 30
جمعیت 39
جمله 10,10,10,10,10,10,13,17,17,22,43,43,43,43,54,54,59,59,59,59,59,59,59,59,59,59,59
جملهٔ 12,26
جمهوری 3
جنبه 59
جنوبی 13,13
جهان 13,13,13,13,13,2,2,2,3,38,43,43,43,43,47
جهانخانی 20
جهانی 29,3,3,3,43,43,43
جواب 10,43,54,54,54,54,54,54,54,59
جوابی 12,12,54
جواد 44,60
جوایز 43,43
جیمز 41
حائز 54
حاصل 12,17,30,30,30,30,30,30,41,46,54,54,54,54,54,7
حاضر 20
حالت 18,20,25,30,36,41,43,46,54,54,54
حالتی 25
حالی 12,43,43,43,43,52,57,59,59,59,6
حامدبن 2
حبیب 18
حجمی 16,43
حداقل 18,20,41,43
حداکثر 43,52,52,52,52
حدس_ضعیف_گلدباخ 32
حدس_کرامر 33
حدسی 51,53
حدسیه 53
حدود 28,43,43,47,47,52,52,52
حدوداً 22,52
حرفه 43
حرکت 6
حساب 1,1,1,10,10,10,11,11,11,12,12,13,13,13,14,14,14,15,15,15,16,16,16,17,17,17,18,18,19,19,2,2,20,20,20,21,21,21,22,22,22,23,23,24,24,24,25,25,25,26,26,26,27,27,28,28,28,29,29,29,3,3,30,30,31,31,31,32,32,32,33,33,34,34,35,35,35,36,36,37,37,37,38,38,38,39,39,39,39,39,39,4,4,4,40,40,41,41,42,42,42,43,43,43,43,43,43,43,43,43,43,43,44,44,44,45,45,46,46,47,47,47,48,48,48,49,49,5,5,5,50,50,50,51,51,51,52,52,52,53,53,53,54,54,55,55,56,56,57,57,58,58,58,59,59,59,6,6,60,60,60,7,7,8,8,9,9,9
حسابان 16,16,17,18,28,28,50,50
حسابی 43
حساس 60
حقایق 43,43
حقوق 14
حقیقت 43,6,6,6
حقیقی 18,43,43,43,54,54,59
حل_مسئله 34
حلقه 29,59,59,59,59,59
حمزه 2,2
حمید 53,53
حوالی 6
حوزه 29,47
حکمفرماست 26
حکمی 12
حکومت 13
حیاتی 43
حیوانات 43
خارج 16,17,28,30,38,4,50,59,59
خارجی 29,58,58
خازن 2
خاصی 54
خاطر 17,32
خالص 3,3
خانه 17,17
خانواده 25,47
خاور 13
خبرگزاری 9
خدمات 43
خدمت 58
خرابی 1
خصوص 1,10,11,12,13,14,15,16,17,18,19,2,20,21,22,23,24,25,26,27,28,29,3,30,31,32,33,34,35,36,37,38,39,4,40,41,42,43,44,45,46,47,48,49,5,50,51,52,53,54,55,56,57,58,59,6,60,7,8,9,9
خصوصیات 29
خلیلی 2
خم_بیضوی 35
خمری 47
خوارزمی 47,54
خواص 4,43,43,43,43
خوانده 13,14,41,43
خواننده 34
خواهد 12,12,17,20,20,26,36,36,37,38,39,41,42,44,53,6,6
خواهند 36,6
خواهید 6
خواهیم 36,39,46
خوبی 22,34,43,6
خودرو 26
خورده 59
خویش 43,43,43
خیام 43
خیلی 43
دائماً 38
داخل 59
داخلی 43,56
دادن 43,46,46,54,54,6,6,6,6,6,6
دادند 43
داده 1,1,1,10,11,12,13,14,15,16,17,17,18,19,2,20,20,21,22,23,24,25,26,26,26,27,28,29,3,30,30,31,32,33,34,35,36,36,36,37,38,39,4,40,40,41,41,42,43,43,43,44,45,46,46,46,46,47,48,49,5,50,51,52,53,54,55,56,56,57,58,59,59,6,6,6,6,6,6,6,60,7,8,9
دارا 22
دارای 1,1,1,1,1,1,1,10,10,10,11,11,12,12,13,13,13,13,13,13,13,13,14,16,16,17,17,17,2,2,2,2,20,20,20,21,21,22,22,22,23,23,23,24,24,24,25,25,25,26,26,26,26,26,27,27,28,28,29,29,29,29,30,32,32,32,33,33,34,34,35,35,36,36,36,37,37,38,38,39,39,39,39,40,40,41,41,41,42,42,44,44,44,47,47,48,48,49,49,5,5,5,50,50,50,51,51,51,52,52,53,53,53,53,54,54,54,54,54,55,56,56,56,57,57,58,58,58,58,58,59,59,59,6,6,6,6,6,6,6,60,60,7,7,8,8,8,9,9,9
دارد 1,1,1,10,11,12,12,13,13,14,15,16,16,17,18,19,2,20,20,21,22,22,22,23,23,24,25,26,26,27,28,29,3,30,31,32,33,34,34,35,36,37,38,38,39,4,4,40,41,42,43,43,43,43,44,45,46,47,48,49,5,50,51,52,53,54,54,54,55,56,57,58,59,59,6,60,7,8,9,9
دارند 26,35,43,43,43,43,43,6,9,9
داریم 46,7,8,8,8
داشت 28,43,52,57,58,6
داشتن 46
داشته 15,20,30,4,43,43,48,54,54,59,59,59,59,6,6,6
دامنه 16,16
دانش 2,3,3,43
دانشجویان 17
دانشمند 11,47
دانشنامه 43
دانشنامهٔ 1,1,10,10,11,11,12,12,13,13,14,14,15,15,16,16,17,17,18,18,19,19,2,2,20,20,21,21,22,22,23,23,24,24,25,25,26,26,27,27,28,28,29,29,29,3,3,30,30,31,31,32,32,33,33,34,34,35,35,36,36,37,37,38,38,39,39,4,4,40,40,41,41,42,42,43,43,43,44,44,45,45,46,46,47,47,48,48,49,49,5,5,50,50,51,51,52,52,52,53,53,54,54,55,55,56,56,57,57,58,58,59,59,59,6,6,60,60,7,7,8,8,9,9
دانشگاه 19,58,58
دانیل 40
دانیم 10,10,11,52,52,8
دایرۀ 56
درآمده 43
درآورد 43
درآوریم 54
دراین 34
دربار 2
درباره 21,32,32,33,33,52,52,53,53,53,58,8
دربارهٔ 1,1,1,10,11,12,13,13,13,14,15,16,16,17,17,18,19,2,2,20,20,21,21,22,23,24,25,26,27,28,28,28,29,29,29,29,3,3,30,30,31,32,33,34,34,35,36,37,38,39,39,4,4,40,41,42,43,43,43,43,43,44,45,46,47,47,47,47,47,47,48,49,49,5,50,50,51,52,53,53,54,55,56,56,57,58,59,6,60,7,8,8,9
درجات 6
درجه 40,54,54,54,54,54,54,54,54,54,54,54,54,54,54,54,54,54,54,54,54,54,54,54,54,59,6,6,6,6,6,6,6,6,6,6,6,6,6
درجهٔ 6
درجی 54
درست 17,32,33,43,53,53
درستی 14,43,43,6
درسی 54
درصد 20
درصورتی 54
درون 36,43,6,6,6,6
درونیابی 36,36,36,36,36,36,36,36,37,37,37,37,37,37,37,42
درونیابی_دوخطی 36
درونیابی_دومکعبی 37
درکی 34
درگیر 43
دریافت 20,20,27
دریافتی 20,20,20
دسامبر 17,40,41,42
دستاوردهای 43,43,43,43
دستاوردهایی 43
دسترس 1,10,11,12,13,14,15,16,17,18,19,2,20,21,22,23,24,25,26,27,28,29,3,30,31,32,33,34,35,36,37,38,39,4,40,41,42,43,44,45,46,47,48,49,5,50,51,52,53,54,55,56,57,58,59,6,60,7,8,9
دسترسی 13
دستنویس 43
دسته 17,43,43,43,45,48,48,48
دستگاه 13,13,38,38,38,43,43,43,43,47,47,59
دشوار 17
دعوت 1,10,11,12,13,14,15,16,17,18,19,2,20,21,22,23,24,25,26,27,28,29,3,30,31,32,33,34,35,36,37,38,39,4,40,41,42,43,44,45,46,47,48,49,5,50,51,52,53,54,55,56,57,58,59,6,60,7,8,9
دقیق 1,23,28,43,52,6,6
دلار 43
دلالت 46
دلایل 6
دلتا 54,54
دلتای 39
دلخواه 4,41,41,41,6,9
دلیل 31,41,43
دنبال 43,43,43,43,8
دنباله 10,11,43
دنیا 13,58
دنیای 43
دنیل 33
دهدهی 38,38,38
دهند 22,22,23,59
دهنده 20,20,20,41,8
دهگان 13
دهیم 30,4,6
دوازدهم 20
دوخطی 36,36,42
دودویی 55
دوران 20,20,43
دوره 19,20,20,20,20,43,43
دورهٔ 14,14,43
دوسارارت 23
دوست 21
دوقلو 43,9,9,9,9,9
دومکعبی 37,41,41,42
دومی 40
دومین 17,17
دونات 56
دوگانه 20
دچار 43
دکتر 20,53,53,9
دیجیتالی 17,43,43,43
دیده 12,14
دیروز 41
دیفرانسیل 1,1,1,16,16,16,16,17,17,17,28,28,28,28,29,39,39,39,39,39,39,39,39,39,39,39,43,43,43,43,43,43,43,43,43,43,43,50,50
دینامیکی 43
دیوار 6
دیواری 6
دیواناگری 47
دیوید 39,39
دیگر 1,1,10,11,12,13,13,13,13,13,14,15,16,17,18,19,2,20,20,20,20,21,22,22,23,23,24,25,25,25,26,27,28,28,29,29,29,3,30,30,31,32,33,34,34,34,34,35,35,36,36,36,36,37,37,38,38,39,39,4,4,40,41,41,42,42,42,43,43,43,43,43,43,43,43,43,43,43,43,43,43,43,44,44,45,46,46,47,47,48,49,5,50,50,51,51,52,52,53,54,54,54,54,55,56,56,57,57,58,58,59,59,59,6,6,6,6,6,60,7,8,9,9,9
دیگران 43
دیگری 12,43,54,54,54,8
ذخیره 43
رابطه 2,23,23,26,26
رابطهٔ 26,26,43
راحت 59
راحتی 20,26
رازهای 43
راست 12,18,19,38,40,6,6,6
راشی 47
رافائل 43
راهنمایی 45,54
راهی 6
رایانش 1
رایانه 1,40,40,41,41,43,43,55
رزاقی 38
رسالهٔ 14
رساندن 12
رسته 29
رسید 43
رشته 58
رفتار 43
رفتن 27,34
رقمی 15,15,47
رمزگشایی 47
رنسانس 43
رنگی 34,34
روابط 10,13,24,28,43
روابطی 43
روانی 34
روایت 17
روبیک 29
روزانه 38
روسی 13
روش_تفاضل_محدود 39
روشنی 13,13,13
روشی 12,17,46,55
روند 34,34,37,40,40,41,43
روندی 8
رونگ 39
رویداد 60
رویدادهای 1,10,11,12,13,14,15,16,17,18,19,2,20,21,22,23,24,25,26,27,28,29,3,30,31,32,33,34,35,36,37,38,39,4,40,41,42,43,44,45,46,47,48,49,5,50,51,52,53,54,55,56,57,58,59,6,60,7,8,9
رویه 40,40,40,40,41,41,42,42,42,59
رویه_زیربخش_دو 40
رویه_زیربخش_کتمول 41
رویه_کونز 42
رویکرد 34,34
ریاضی 1,1,1,1,11,14,18,3,30,41,43,43,43,43,43,43,43,43,43,43,43,46,46,47,53,53,53,53,53,54,57,58,58,8
ریاضیات 1,10,11,13,13,13,13,14,14,2,21,21,23,25,25,26,26,3,31,37,43,43,43,43,43,43,43,43,43,43,43,43,43,43,43,43,43,43,43,43,43,43,43,43,43,43,43,43,43,43,43,43,43,43,43,43,43,43,43,43,43,43,43,43,43,43,43,43,43,43,43,43,43,45,45,51,54,54,54,54,6,6
ریاضیاتی 29,3,43,43,43,43,43,43,43,43,43,43,43,43,43,43
ریاضیدان 13,13,13,13,15,21,24,27,43,43,43,43,43,47,48,5,58
ریاضیدانان 13,43,43,43,43,43,59
ریال 20
ریشه 54,54,59
ریشهٔ 20
ریلکس 6,6,6
ریمان 52
ریمانی 43
زائد 12,12,12,12,12,12,12,12,12,12,12,12,12,12,12,12,12,12,12,12
زائدند 12
زائیهٔ 6
زاده 27,48,5,54,58
زاریسکی 59,59,59,59
زاهدی 53
زاویه 43,44,56
زاویهٔ 44,44
زبان 13,13,13,13,13,13,13,13,16,16,2,2,25,25,26,26,26,26,26,26,28,28,28,30,36,36,39,39,39,43,43,43,44,44,44,44,47,50,50,52,52,52,54,54,56,56,56,58,58,59,59,59,60,60,60,60,8,8,8
زبوری 47
زتای 52
زحمت 12
زمان 15,20,43,43,43,43,43,43,60,60
زمانمند 43
زمانی 20,43,43,43,54,54,6,6,6
زمانیکه 46
زمینه 41,58
زمینهٔ 43
زندگی 13
زوجی 12,12,12,12
زوجیت 12
زیاد 12,12,30,43,54
زیادی 40,41,43,45,55,58,6
زیبایی 41
زیرا 12,46,6
زیربخش 40,40,40,40,40,40,41,41,41,41,41,41
زیرشاخه 1
زیرمجموعه 18,4,59
سابین 40,40
ساتر 53,53
ساخت 1,10,11,12,13,14,15,16,17,18,19,2,20,21,22,23,24,25,26,27,28,29,3,30,31,32,33,34,35,36,37,38,39,4,40,40,41,41,42,43,43,43,43,43,43,44,45,46,47,48,49,5,50,51,52,53,54,55,56,57,58,59,59,59,6,60,7,8,9
ساختار 29,29,29,29,29,43,43,43,43,43,43,43
ساختارهای 43,43,43
ساختن 54
ساخته 40,41,43,53,53
ساختگی 47
ساختی 4
ساده 12,17,26,40,43,52,6
سادهٔ 26
سادگی 17,30
سازمان 1,10,11,12,13,14,15,16,17,18,19,2,20,21,22,23,24,25,26,27,28,29,3,3,30,31,32,33,34,35,36,37,38,39,4,40,41,42,43,44,45,46,47,48,49,5,50,51,52,53,54,55,56,57,58,59,6,60,7,8,9
سازه 29
سازگاری 43,43
سازی 41,43,43
ساعت 1,10,11,12,13,14,15,16,17,18,19,2,20,21,22,23,24,25,26,26,26,27,28,29,3,30,31,32,33,34,35,36,37,38,39,4,40,41,42,43,44,45,46,47,48,49,5,50,51,52,53,54,55,56,57,58,59,6,60,7,8,9
ساقه 56
سالانه 20,20,20,20,43
سامانه 1,1,1,10,10,10,11,11,11,12,12,12,13,13,13,14,14,14,15,15,15,16,16,16,17,17,17,18,18,18,19,19,19,2,2,2,20,20,20,21,21,21,22,22,22,23,23,23,24,24,24,25,25,25,26,26,26,27,27,27,28,28,28,29,29,29,3,3,3,30,30,30,31,31,31,32,32,32,33,33,33,34,34,34,35,35,35,36,36,36,37,37,37,38,38,38,39,39,39,4,4,4,40,40,40,41,41,41,42,42,42,43,43,43,44,44,44,45,45,45,46,46,46,47,47,47,47,47,48,48,48,49,49,49,5,5,5,50,50,50,51,51,51,52,52,52,53,53,53,54,54,54,55,55,55,56,56,56,57,57,57,58,58,58,59,59,59,6,6,6,60,60,60,60,7,7,7,8,8,8,9,9,9
سامانهٔ 34
سامی 13
سانسکریت 13
سایر 12,26
ستون 17,17,17
ستپامبر 58
سختی 47
سخنرانی 13
سرآغاز 43
سراسر 43
سرانجام 47
سرتاسر 13
سرعت 26,43
سرعتی 26
سرنویس 43,43
سرواژهٔ 44,60
سروکار 38,43
سریع 43,43
سطحی 37,40
سعید 2
سلسله 43
سلطانی 2
سمتی 6
سنتی 59
سنجش 3
سهمی 21
سهولت 30
سوئد 58,58
سوئدی 58
سوار 6
سوالات 59
سوترا 43
سوریوک 43
سومین 17
سونسکا 58
سپتامبر 11,24,44,5,5,53,55,58
سپردن 17
سکانت 44,44
سیامک 12
سیریلیک 13
سیستم 38,43,43,43,43,43,60,60
سیستمی 34
سینا 39,39
سینهالی 47
سینوس 19,43
سیکل 19
سیگنال 19
سەرەتایی 9
شاخص 60
شاخه 43,43,43,43
شامل 28,28,28,29,41,43,43,43,43,43,43,43,43,43,43,43,43,60
شامی 13
شانک 33
شاگرد 27
شاگردان 21
شاید 43
شباهت 43
شبکه 1,40,40,40,40,41,41,41,41
شتابداری 43
شخصی 13
شدند 43,43
شدهٔ 43
شرایط 20,40,41,46,6,60
شرایطش 17
شرایطی 43
شرطی 11,20,8
شرقی 13,13,13,13,13,2
شروع 12,15,15,17,43,43,6,8
شرکت 58
شعاع 25
شمارش 22,23,23,43
شمارشی 13,7
شمارنده 52
شماره 30
شمالی 13,47
شمردن 43
شمسی 13
شناخت 14,43
شناخته 43,43,43,43,48
شناختی 34,43
شناساگر 45
شناساگر_ 45
شناساگرهای 45,45
شناساگرهایی 45
شناسایی 59,60,60
شناسی 6,6
شهریور 7
شهودگرایانه 43
شهودی 52,59
شواهد 43
شورای 20,29,3,3,3,3,39
شوند 59,6,9
شوید 1,1,10,10,11,11,12,12,13,13,14,14,15,15,16,16,17,17,18,18,19,19,2,2,20,20,21,21,22,22,23,23,24,24,25,25,26,26,27,27,28,28,29,29,3,3,30,30,31,31,32,32,33,33,34,34,35,35,36,36,37,37,38,38,39,39,4,4,40,40,41,41,42,42,43,43,44,44,45,45,46,46,47,47,48,48,49,49,5,5,50,50,51,51,52,52,53,53,54,54,55,55,56,56,57,57,58,58,59,59,6,6,60,60,7,7,8,8,9,9
شویم 34
شکاف 52
شکست 2
شکلی 6
شگفت 1
شیمی 43,58
شیوه 40,40,40,41,41,41
صادق 10
صافتر 41
صافتری 41
صافی 40
صحیح 12,12,12,12,12,12,12,38,43,43,43,44,52,52,52,52,52,52,52,52,55,55,57
صحیحی 12,57
صدری 21
صفجه 1,10,11,12,13,14,15,16,17,18,19,2,20,21,22,23,24,25,26,27,28,29,3,30,31,32,33,34,35,36,37,38,39,4,40,41,42,43,44,45,46,47,48,49,5,50,51,52,53,54,55,56,57,58,59,6,60,7,8,9
صفحه 1,1,1,1,1,1,10,10,10,10,10,10,11,11,11,11,11,12,12,12,12,12,12,13,13,13,13,13,13,14,14,14,14,15,15,15,15,16,16,16,16,16,17,17,17,17,18,18,18,18,18,19,19,19,19,19,19,2,2,2,2,2,2,20,20,20,20,20,20,21,21,21,21,21,22,22,22,22,22,22,23,23,23,23,23,23,24,24,24,24,25,25,25,25,25,26,26,26,26,27,27,27,27,27,28,28,28,28,28,29,29,29,29,29,3,3,3,3,3,3,30,30,30,30,30,31,31,31,31,32,32,32,32,32,33,33,33,33,33,33,34,34,34,34,34,34,35,35,35,35,35,35,36,36,36,36,36,36,37,37,37,37,37,38,38,38,38,38,39,39,39,39,39,4,4,4,4,4,40,40,40,40,40,40,41,41,41,41,41,41,42,42,42,42,43,43,43,43,43,43,44,44,44,44,44,45,45,45,45,46,46,46,46,47,47,47,47,47,48,48,48,48,49,49,49,49,49,49,5,5,5,5,5,5,50,50,50,50,50,51,51,51,51,52,52,52,52,52,53,53,53,53,53,53,54,54,54,54,54,55,55,55,55,56,56,56,56,56,56,57,57,57,57,58,58,58,58,58,59,59,59,59,59,6,6,6,6,6,6,60,60,60,60,7,7,7,7,8,8,8,8,8,8,9,9,9,9,9
صفحهٔ 1,1,1,10,10,10,11,11,11,12,12,12,13,13,13,14,14,15,15,15,16,16,16,17,17,17,18,18,19,19,19,2,2,2,20,20,20,21,21,21,22,22,22,23,23,23,24,24,24,25,25,25,26,26,26,27,27,27,28,28,28,29,29,29,3,3,3,30,30,30,31,31,31,32,32,32,33,33,33,34,34,34,35,35,35,36,36,36,37,37,37,38,38,38,39,39,39,4,4,4,40,40,40,41,41,41,42,42,42,43,43,43,44,44,44,45,45,46,46,47,47,47,48,48,48,49,49,49,49,5,5,5,50,50,50,51,51,51,52,52,52,53,53,53,54,54,54,55,55,56,56,56,57,57,58,58,58,59,59,59,6,6,6,60,60,60,7,7,8,8,8,9,9,9
صناعة 2,2
صنعت 20,43
صنعتی 20
صورت 1,10,11,12,12,12,12,12,12,12,12,13,14,15,16,16,17,17,17,17,18,19,19,2,20,20,20,20,20,21,22,22,22,22,22,22,23,23,24,25,26,27,28,29,29,29,3,30,30,30,31,32,32,33,34,34,35,36,37,37,38,39,39,4,40,40,41,41,42,43,43,43,43,44,45,46,46,46,47,48,49,5,50,51,51,51,52,52,52,53,54,54,54,54,54,54,54,54,54,55,56,57,57,58,59,59,59,59,59,59,6,6,6,60,7,8,8,9,9
صورتِ 30
صورتی 30,37,43,54,54,54,6,6
صوری 29,43,43,43,43,43,43,52
ضابطه 6
ضرایب 37,39,43,46,54,59
ضرایب_لاگرانژ 46
ضرایبی 6
ضربشان 54
ضروری 43
ضریب 46,54,54,54,59
ضریبِ 30
ضریر 2,2
ضعیف 32,32,32,32
ضلعی 41,6,6
ضمنی 43
طاهر 14
طبعیت 43
طبیعت 43,43,43
طبیعی 23,4,43,43,43,43,48,52,59,59
طراحی 1,42,55,6
طرفین 39
طریق 13,26,43,43,59,59,7,7
طریقه 47
طریقی 54
طلایی 2,43
طوري 9
طوری 48,6
ظاهر 38,42,43,43,43,43,43
ظاهراً 12
ظهور 43
عامل 60
عبارات 28
عبارت 1,10,11,12,12,12,13,14,15,16,17,18,19,2,20,20,21,22,23,24,25,26,27,28,28,28,28,29,29,3,30,31,32,33,34,35,36,37,38,39,4,40,41,42,43,43,43,44,45,46,47,48,49,5,50,50,51,52,53,54,54,55,56,57,58,59,59,6,60,7,8,9
عبارتست 20
عبارتند 46,8
عبارتی 12,50,54,58,59,6
عباس 10
عبدالحمید 2
عبدالعلی 2
عبری 13
عبور 46
عددنویسی 47
عددنویسی_هندی 47
عددِ 33
عددی 11,13,13,23,38,38,39,39,39,39,39,43,43,43,43,47,48,48,48,48,55,57,57,59
عراقی 2,2,2
عربستان 13
عربستانی 47,47
عربی 13,13,13,13,13,13,13,13,13,13,13,13,13,13,14,43,47,47,47
عرصه 1
عرضه 20
علاقه 58
علامت 13,17,17,47
علامتگذاری 17
علامتی 1,10,11,12,13,14,15,16,17,18,19,2,20,21,22,23,24,25,26,27,28,29,3,30,31,32,33,34,35,36,37,38,39,4,40,41,42,43,44,45,46,47,48,49,5,50,51,52,53,54,55,56,57,58,59,6,60,7,8,9
علاوه 43,43
علمی 10,13,21,3,3,3,3,3,3,3,43
علوم 1,1,1,13,13,3,3,3,3,3,3,3,3,3,43,43,43,43,43,43,43,43
علیرضا 7
علیه 30
عملاً 12,43
عملی 43,43,43
عملیات 34,43,43,43,43
عملیاتش 43
عملیاتی 43
عمود 46
عمومی 1,10,10,10,10,10,10,20,20,40,41,54,54,55,55
عناصر 25,43
عناوین 13
عناوینی 17
عنصر 60,60
عنصری 25
عنوان 13,20,20,22,29,30,34,41,43,43,43,43,43,43,43,43,43,43,43,43,43,46,52,58,58,58,59
عوامل 12
عیسی 2,2,53
غالب 13
غالباً 17
غولدباخ 32
غیراستاندارد 1
غیرانتفاعی 1,10,11,12,13,14,15,16,17,18,19,2,20,21,22,23,24,25,26,27,28,29,3,30,31,32,33,34,35,36,37,38,39,4,40,41,42,43,44,45,46,47,48,49,5,50,51,52,53,54,55,56,57,58,59,6,60,7,8,9
غیرخطی 39
غیردولتی 3
غیرقابل 43
غیرممکن 17
غیره 60
فاتحان 13
فارس 43
فارسی 13,13,13,13,14,47
فاصل 18
فاصله 18,18,9,9,9
فاصلهٔ 12
فاکتورگیری 54,54,54
فاکتوریل 11,11,11
فراخوانی 1,1,53,53,53
فرانسوا_پروت 48
فرانسوی 23,48,5
فراهم 29
فراگیر 47
فرایض 43
فردریش 43
فردی 12,12,12
فرزند 21
فرضیه 9
فرمول 20,46,54
فرهنگ 20,44,60
فرهنگستان 30
فرهنگی 13
فرکانس 19
فریدریش 43
فزاینده 43
فشار 6
فشرده 43,6
فضائی 1
فضاهای 29,43,43
فضای 8,8,8,8,8,8,8,8,8
فضایی 19,19,42
فعالیت 3,43,58
فعالیتی 43
فعلاً 12
فعلی 40
فلسفه 43
فمنیستی 20
فهرست 12
فهرست_انتگرال_توابع_گویا 49
فهرستی 49,49
فوریه 38
فوریهٔ 1,33,49,5,50
فکری 34
فیبوناتچی 10,10,10,10,10,10,10
فیبوناچی 10
فیثاغورث 43
فیثاغورثی 43
فیروزبخت 53
فیزیک 22,3
فیزیکی 19,43,43,6
فیشر 20
فیلد 43
فیلدز 43
قابل 1,10,11,12,13,14,14,14,15,15,15,16,17,17,17,18,18,18,19,2,20,20,20,21,22,22,23,24,24,25,26,26,27,27,28,29,3,30,31,31,31,32,32,33,34,35,36,37,38,38,39,39,4,4,40,41,41,42,42,43,43,43,44,45,45,46,46,47,48,48,49,5,50,50,51,51,52,52,53,54,55,55,56,57,57,58,58,59,6,60,60,60,7,7,8,9,9
قابلیت 43
قاضی 2,2
قاعده 50
قاعده_ضرب 50
قاعدهٔ 14
قالب 6
قانون 26
قانونمند 42
قبلی 41
قبیل 12
قدرت 20
قدردانی 43,43
قدری 30
قدیم 43
قدیمه 2
قرآن 13
قرائت 13
قرادادی 6
قرار 10,12,13,17,17,30,30,30,38,43,46,47,54,54,6,6,6,6,60
قرارداد 59,6
قراردادی 47
قرمز 36,46
قرون 2,2,2,2,2
قسمت 30,38,4,43,53,59,59,6
قسمتی 34
قضایا 43,43
قضایای 43,43,43,43
قضیای 43
قضیه 11,12,12,12,12,12,12,22,33,43,43,43,43,43,43,52,52,52,58,59,59
قضیه_اردیش 51
قضیه_اعداد_اول 52
قضیه_فیروزبخت 53
قضیهٔ 12,12,12,43
قضیۀ 33
قطار 6
قطاری 6
قطاع 56
قطری 4,40
قطعی 43,9
قلاب 18,18
قلصادی 2
قلقشندی 2
قلمرو 43,43
قلمروهای 43,43,43,43
قمری 13
قواعد 43,43
قوانین 28,8,8,8,8
قیاسی 43
كردند 9
كوچك 9
لائو 47
لازم 17
لاگرانژ 46,46,46
لایبنیدز 50
لاینحل 43
لاینحلی 43
لحاظ 35,43
لزوما 13
لزوماً 40
لطفاً 14,15,18,27,31,37,45
لفروق 39
للأعداد 23
لوران 5
لویی 39,39,46
لگاریتم 22,22,22,22,22,22,52
لیاپونوف 39
لیست 43,43,43,43
لیندلف 39
لیندلوف 39
لیپشیتز 39
مؤثر 20
مؤسسات 3
مؤلفه 56
مؤلفین 59
ماتریس 41,43
مارتین 4
مارس 18,21,28,29,3,36,58,59,6,6
ماریا 39,39
ماشین 42
مالایالم 47,47
مالکوم 40
مالی 20,20,20,20,20
مالیات 43
مانند 12,13,13,13,14,37,38,38,4,46,46,57,60,9
ماننده 23
مانیک 59
ماهانه 20,20,20
مايِر 9
ماکزیموم 46
مایایی 13
مباحث 26,8
مباحثی 19,43
مبانی 1
مبتنی 31
مبحث 12
مبحثی 8
مبلغ 20,20,20,20,20,20,20,20
مبلغی 20,20,20
مبنای 38,38,38,41,54,55
متاخر 14
متحاب 14
متحد 29
متحده 3
متحول 43
متخصص 34,34
متداول 38
مترون 60
مترپذیری 43
متری 6
متشکل 37
متصل 1,10,11,12,13,14,15,16,17,18,19,2,20,21,22,23,24,25,26,27,28,29,3,30,30,31,32,33,34,35,36,37,38,39,4,4,40,41,41,42,43,44,45,46,47,48,49,5,50,51,52,53,54,55,56,57,58,59,6,6,60,7,8,9
متعادل 14,14,14,14
متعارف 20
متعاقباً 6
متعدد 43,43
متعددی 43
متعدی 4
متعلق 1,10,11,12,13,14,15,16,17,18,19,2,20,21,22,23,24,25,26,27,28,29,3,30,31,32,33,34,35,36,37,38,39,4,40,41,42,43,44,45,46,47,48,49,5,50,51,52,53,54,55,56,57,58,59,6,60,7,8,9
متغیر 20,36,36,39,43,54,54
متغیره 43,59
متغیرهای 58
متغیرهٔ 43
متغیّرهای 35
متفاوت 13,25,30,46,47,47,47
متفاوتی 30
متفکران 20
متقارن 29
متمدن 38
متمرکز 43
متمم 30,4,4,4,4,59,8,8,8,8
متناسب 26
متناهی 43
متوالی 38
متوسط 41,41,41
متون 43
متیو 5
مثال 17,17,17,17,20,29,43,43,43,46,51,52,59,6,6,6
مثالی 43,59,6,6
مثبت 12,12,17,17,52,52,54,54,54
مثبتی 12,12
مثلاً 12,22,35,43
مثلث 43
مثلثات 43
مثلثاتی 28,28
مجانبی 39,52
مجبور 6
مجدد 36
مجدی 2
مجرد 29,29,43,43,43
مجزای 7
مجله 10
مجموع 12,12,12,12,12,12,12,12,14,14,30,51,54,54,54
مجموعه 4,4,4,4,4,4,43,43,43,43,43,43,43,59,59,59,59,59,59,59,59,59,59,59,59,59,59,59,59,59,59,59,59,59,59,59,59,59,7,8,8,8,8
مجموعهٔ 4,43,43,43,56
مجهز 59
مجهول 26
مجوز 59,59
محاسبات 15,20,43
محاسباتی 26,26,26,43,43
محاسبه 17,17,17,20,20,28,43,43,43
محاسبهٔ 43
محاسبۀ 50,50
محاورات 21
محتاج 34
محتواگرا 43
محتوای 1,10,11,12,13,14,15,16,17,18,19,2,20,21,22,23,24,25,26,27,28,29,3,30,31,32,33,34,35,36,37,37,38,39,4,40,41,42,43,44,45,45,46,47,48,49,5,50,51,52,53,54,55,56,57,58,59,6,60,7,8,9
محتویات 1,10,11,12,13,14,14,15,16,17,18,19,2,20,21,22,23,24,25,26,27,28,29,3,30,31,32,33,34,35,36,37,38,39,4,40,41,42,43,44,45,46,47,48,49,5,50,51,52,53,54,55,56,57,58,59,6,60,7,8,9
محدب 43
محدود 15,18,18,39,39,39,41,54
محدوده 16,23,55
محدودیت 46
محسن 53
محسوب 26,9
محلی 13,13,13,29,29,29,43,43
محمد 18,2,2,2,2,53,53
محمدتقی 53
محیط 20,25
مخالف 12,44,6
مخترعان 47
مختصات 16,16,59
مختلط 35,39,43,43,43,43,5,59,59
مختلف 22,29,43,43,43,46,47
مختلفی 20,22,54
مخرج 30,30,30,30,30,30,30,44
مخرجی 30
مخزن 1,10,11,12,13,14,15,16,17,18,19,2,20,21,22,23,24,25,26,27,28,29,3,30,31,32,33,34,35,36,37,38,39,4,40,41,42,43,44,45,46,47,48,49,5,50,51,52,53,54,55,56,57,58,59,6,60,7,8,9
مدار 1,55
مدال 43,43
مدتی 20,20
مدرسه 27
مدرن 38,43,43,43,43,43,59
مدعی 43
مدنظر 36
مدول 29
مدیریت 1
مذکور 6
مراتب 43
مراجعه 35
مراحل 34
مربع 36,37,37,42,54,54,54,54,54,54,54
مربوط 1,1,1,13,34,43,43,43,43,43,43,43,43,43,59
مربوطه 46
مرتب 54
مرتبط 16,17,28,29,41,41,43,43,43,43,43,43,50
مرتبطه 59
مرجع 43,43
مرحله 26,34,34,34,43
مرداد 26,9
مردم 13,13,43
مرور 34
مروری 59
مرکز 41
مرکزی 43,59
مسئله 34,34,34,34,34,34,34,34,34,34,34,34,34,41,43,43,43,43,9,9
مسئلهٔ 34,43
مسائل 1,43,43,43,43,43,43,43,43,43,43,51,54,6
مسائلی 43
مساحت 43,43,56
مسافت 26,26
مساوی 22,46,52
مسایل 10,11,9
مستحکم 43,43,43
مستقل 52,6
مستقیم 26,26,30,4,41,41
مستقیماً 40
مستند 20,29,39
مستنصریه 2
مسطح 41
مسطَّح 35
مسلمان 13,2
مسلمانان 13
مسندات 43,43
مسکوت 15
مسیح 43
مسیر 46,46,46,46
مسیرهای 46
مسیری 34
مشابه 13,13,13,29,29,29,43,43,6,6,6
مشابهی 43,43,59
مشاهده 1,1,13,16,17,2,20,21,23,28,28,29,29,3,30,34,39,4,43,43,43,43,47,47,47,47,49,50,53,56,6,8
مشبکه 29
مشترک 29,30,30,43,54
مشتق 17,17,17,37,39,50,6,6,6,6,6,6,6,6,6,6,6,6,6
مشتقات 37,39,6,6,6,6,6,6
مشخص 20,36,36,37,37,43,56,6
مشغول 58
مشهور 23,43
مصرف 20
مصری 47
مصنوعی 1
مصوب 44,60
مضارب 12,12,12
مضاعف 54
مضرب 12,30,4
مضروب 30
مطابق 6,6
مطابقت 6,6,6,6,6,6,6
مطالب 15,18,27,31
مطالعات 29,43
مطالعاتی 43,43
مطالعه 18,18,18,29,29,29,43,43,43,43,43,43,43,43,43,43,43,43,43,43,59
مطالعهٔ 43,43,43,43,43,43,43
مطرح 15,26,33,33,34,51,53,9
مطلب 43
مطلق 43
مطلوبیت 20
مطمئن 34
مظفر 2,53
معادل 39
معادلات 1,37,39,39,39,39,39,46,46,53,53,54,59
معادله 10,12,20,20,35,37,46,46,46,52,52,52,54,54,54,54,54,54,54,54,54,54,54,54,54,54,54,54,54,54,54,54,54,54,54,54,54,54,54,54,54,54,6,6,6
معادله_درجه_دو 54
معادلهٔ 12,20,54,54,54,54,54
معادلی 43
معاذ 2
معایب 55
معرفی 13,13,14,14,43,43,43,52,58
معروف 43,43,54,54
معروفی 43
معروفیت 43
معرّفی 14,14
معلوم 12,59
معلوماتی 34
معمول 20,37
معمولاً 1,17,20,20,20,25,43,43,54,54,6,8
معمولِ 60
معمولی 34,36,37
معنا 43
معناست 7
معنای 60
معنایی 43
معني 9
معنی 52,54,59,60
معکوس 28,43,44,52
معین 20,20,20,22,28
مغربی 2
مغولی 47
مفاهیم 1,43,43,43
مفاهیمی 43,43
مفرد 52
مفهوم 1,13,43,43,43,43,59,59
مفهومی 29,59
مفید 6,60
مقادیر 36,37,37,37,46,54,54
مقادیرش 59
مقالات 14,16,17,28,43,43,50,58
مقاله 14,14,35,37,45,58
مقایسه 34,47,47
مقایسهٔ 43
مقداد 22
مقدار 12,16,17,26,26,26,28,36,36,37,43,46,46,50,54,54
مقدارهای 36
مقداری 26,54
مقدماتی 43,43,53
مقسوم 12,12,12,12,14,30
مقیاس 20
مماس 46
ممکن 14,15,18,27,31,33,41,43,43,59
منابع 15,18,18,27,31
مناسب 34,34,39
مناسبی 54
منبع 15,18,26,26,27,31,31,31
منتج 54
منتخبی 43
منتشر 13,13,43,43
منتظم 21,21
منتقل 13
منتهی 18
منجر 43,43,43
منحنی 35,35,35,35,35,42,43,6,6,6,6,6,6,6,6,6,6,6,6,6,6,6,6,6,6,6,6,6,6
منحی 6
مندی 43
منسوب 21
منطق 43,43,43,43,43,43,43,43,43,43,43,43,43
منطقی 26
منظور 20,28,43,56,6,6
منفعة 2,2
منفی 17,54,6
منگلولد 24
منگولد 24
منیفلد 43,59,59
مهار 34
مهری 47
مهمی 1,35,43,9
مهندس 18,18
مهندسی 43
موارد 57
مواردی 34
موازی 14,46,46,46
مواقعی 6
موجود 11,13,29,34,43,47
موجودات 1
مورخان 14
مورد 12,13,13,20,20,30,30,36,38,38,43,43,43,43,43,47,54,54,54,58,59,60,60
مورس 43
موسی 13,13,2,47,53,53
موضعی 46
موضوع 15,4,4,4,4,4,4,4,4,43
موضوعات 1,28,43,43,43,43
موضوعاتی 1
موضوعه 43,43,43,43,43,43,43,43,43
موضوعی 29,43
موقت 20
موقعی 54
موقعیت 13,34
مولد 52
مکان 59,59
مکانی 38,38
مکانیک 43
مکتب 43
مکعب 16,29
مکعبی 37,41,42
مکمل 55,55,55,8
مکمل_یک 55
مکهی 13
میان 17,52,52,52,56,6
میانگین 52
میانی 13,6,6,6,6
میخائیل 43
میخی 47,47,47
میدان 29,43,59,59
میدانی 59
میرشکاری 44,60
میروند 13
میزان 52,56
میزند 22
میلاد 21,43,43,43,43,43,47
میلادی 32,32,43,43,47,47,59
میلیون 43,43,9
مینارد 20,20,20
مینگ 32
مینیمم 46
میکناسی 2
ناتمام 43
ناتمامیت 43
ناتهی 59
ناخالص 56
نادرستی 43
نادری 53,53,53,53
ناسازگار 8,8,8
ناشمارا 4
ناشناخته 36,37
ناشی 1,6
ناقص 12,12
نامتناهی 43,9,9,9
نامشخص 15
نامعقول 43
نامعین 39
نامگذاری 42
نامی 13
نامیدن 32
نامیده 24,39,6
ناپدید 59,59,59
ناپذیر 43,59,59,59
ناپذیری 59,59
ناکامل 31,43
ناکمتر 12,12
ناگاتا 59
نایل 43
نباشد 37
نباید 36,44
نبود 13
نبودند 13
نتایج 12,43,59,8
نتایجی 8
نتوان 59
نتيجه 9
نتیجه 10,12,12,12,12,12,12,12,16,17,20,26,28,36,39,46,52,54,57,59,6,7,8
نتیجهٔ 30,30,30
نجوم 43
نحوه 17,17
نحوی 43
نخستین 14,14,17,20,47,47
نخواهند 6
ندارد 54
ندارند 6
نداند 34
ندهد 20
نرفته 34
نزدیک 23,25,37,52
نزدیکتر 54
نزدیکی 43,6
نسبت 12,12,12,20,20,26,56
نسبتاً 43
نسخه 1,10,11,12,13,14,15,16,17,18,19,2,2,20,21,22,23,24,25,26,27,28,29,3,30,31,32,33,34,35,36,37,38,39,4,40,41,42,43,44,45,46,47,48,49,5,50,51,52,53,54,55,56,57,58,59,6,60,7,8,9
نشان 12,12,24,36,4,4,4,4,41,41,43,43,43,43,43,46,59,6,6,6,6,6,8,9,9,9,9,9
نشانی 1,1,1,1,1,10,10,11,11,12,13,13,14,15,16,16,17,18,19,2,20,20,21,21,22,22,23,24,25,25,26,27,28,28,29,29,3,30,31,32,33,34,35,35,36,37,37,38,39,4,40,41,42,43,44,44,45,46,47,47,48,49,5,5,50,51,52,53,53,54,55,56,57,58,59,59,6,60,7,8,9
نشده 10,11,31,43,47,51,9
نشریات 20,20,20
نصیرالدین 2,2,53
نضطهٔ 6
نظام 43,43,43,47
نظری 43,43
نظریه 21,29,4,4,4,43,43,43,43,43,43,43,43,43,43,43,43,43,43,43,43,43,43,43,43,43,43,52,52,52,52,59
نظریهٔ 43,43
نظیر 17
نقاط 36,36,37,40,41,41,41,41,41,41,42,43,46,59,59,59,6,6,6,6,6,6,6,6,6
نقاطی 59,59,6
نقطه 13,25,36,36,36,37,39,41,41,41,41,41,41,41,43,46,59,59,59,6,6,6
نقطهٔ 6,6,6,6,6,6
نقطهی 6
نماد 22,22,23,23,24,54
نمادهای 13,43,47,47
نمادهایی 13
نمایانگر 40
نمایش 10,13,13,2,22,22,22,22,23,23,4,43,44,47,54,55,55,56,57,6
نمایی 17,28,39,41
نمودار 54,56,56,56,56
نمودار_دایرهای 56
نمودارهای 56,56
نموداری 56,56
نمودند 43,47
نمونه 28,6,7,8,8,8,8,8,8
نمونهٔ 26
نهايت 9
نهایت 15,43,43,54
نهایی 30,30,36
نوآورانه 43
نوار 1,10,11,12,13,14,15,16,17,18,19,2,20,21,22,23,24,25,26,27,28,29,3,30,31,32,33,34,35,36,37,38,39,4,40,41,42,43,44,45,46,47,48,49,5,50,51,52,53,54,55,56,57,58,59,6,6,6,60,7,8,9
نوارهای 6
نوامبر 2,26,35,36,37,40,45,46,47
نورث 43
نوزدهم 43,43
نوشت 12,37,46,8
نوشتار 15,18,27,31
نوشتاری 47,47,47
نوشتن 13,13,13,18,43,47,47,47
نوشته 20,21,26,47,47,47
نوعی 24,35,40
نویسیم 30
نوین 13,43
نکته 20,54,54,54,54
نگارش 47,47
نگاه 34,49
نگردیده 51
نگهداری 1
نیاز 1,43,46
نیازمند 14,14,14,34,34,34,37,37,37,45,45,45,59
نیازی 59
نیایند 43
نیروی 20
نیست 1,10,11,12,12,13,14,15,16,17,18,19,2,20,21,22,23,24,25,26,27,28,29,3,30,31,32,33,33,34,35,36,37,38,39,4,40,40,41,42,43,44,45,46,47,48,49,5,50,51,52,53,54,55,56,57,58,59,59,6,6,60,7,8,9,9
نیستند 6
نیمهصحیح 57
نینداخته 34
نیوتن 15,15
نیوتنی 15
نیوتون 54
نیکا 43
نیکولسون 39
نەخشە 49
هائم 2
هارالد_کرامر 58
هاوس 27
هایش 59
هایشان 29
هایی 59,59
هترایی 47
هردو 43,43
هرمن 5
هرمیت 42
هرنقطه 41
هرچند 1,10,11,12,13,14,15,16,17,18,19,2,20,21,22,23,24,25,26,27,28,29,3,30,31,32,33,34,35,36,37,38,39,4,40,41,42,43,44,45,46,46,47,48,49,5,50,51,52,53,54,55,56,57,58,59,6,60,7,8,9
هرچه 43
هرگاه 43
هرگونه 60
هزار 43
هزاره 43
هزارهٔ 43
هزینه 20,20,43
هستند 36,42,43,43,43,43,45,46,48,52,54,59,6,8,8
هستید 6
هستیم 46
هفدهم 14
هفلگات 32,32
همان 10,14,26,26,32,59,6,6
همانطوری 36
همانگونه 6,6,6,6
همجوار 37
همدیگر 6
همراه 20,20,29,29,29,29,39,39,39,41,47
همزمان 43,59
همسایه 37,41,45
همهٔ 1,1,10,10,11,11,12,12,13,13,14,14,15,15,16,16,17,17,18,18,19,19,2,2,20,20,21,21,22,22,23,23,24,24,25,25,26,26,27,27,28,28,29,29,3,3,30,30,31,31,32,32,33,33,34,34,35,35,36,36,37,37,38,38,39,39,4,4,40,40,41,41,42,42,43,43,44,44,45,45,46,46,47,47,48,48,49,49,5,5,50,50,51,51,52,52,53,53,54,54,55,55,56,56,57,57,58,58,59,59,6,6,60,60,7,7,8,8,9,9
هموار 6,6
هموارتر 6,6
همواره 28,54,54,6
همچنان 20
همچنین 1,17,38,43,43,43,43,43,59
همکاری 20,20
همگرایی 39
همگن 59,59,59
همگنی 59
همگی 57
همیشه 9
همین 1,10,11,12,13,14,15,16,17,18,19,2,20,21,22,23,24,25,26,27,28,29,3,30,31,32,33,34,35,36,37,37,38,39,4,40,41,42,43,44,45,46,47,48,49,5,50,51,52,53,54,55,56,57,58,59,6,60,7,8,9
هندسه 43,43,43,43,43,43,43,43,43,59,59
هندسی 29,43,54,59,59
هندو 13
هندوستان 13,13,13
هندی 13,13,2,43,47
هندیان 47
هنوز 14,43,43,43,43,43,6
هنگامی 38
هواپیما 6
هومومورفیسم 29
هیلبرت 43,59,59
وابسته 39,39,58,58,58,6
واحد 16,19,26,26,26,26,26,29,36,37,37,42,46,55,9
وادی 43
وارد 1,1,1,1,10,10,10,11,11,11,12,12,12,13,13,13,14,14,14,15,15,15,16,16,16,17,17,17,18,18,18,19,19,19,2,2,2,20,20,20,21,21,21,22,22,22,23,23,23,24,24,24,25,25,25,26,26,26,27,27,27,28,28,28,29,29,29,3,3,3,30,30,30,31,31,31,32,32,32,33,33,33,34,34,34,35,35,35,36,36,36,37,37,37,38,38,38,39,39,39,4,4,4,40,40,40,41,41,41,42,42,42,43,43,43,44,44,44,45,45,45,46,46,46,47,47,47,47,47,48,48,48,49,49,49,5,5,5,50,50,50,51,51,51,52,52,52,53,53,53,54,54,54,55,55,55,56,56,56,57,57,57,58,58,58,58,59,59,59,6,6,6,60,60,60,7,7,7,8,8,8,9,9,9
وارون 28,49,49
واری 19
واریته 59,59,59,59,59,59,59,59,59,59,59,59,59,59,59,59,59,59,59,59,59,59,59,59,59
واریته_جبری 59
واضح 12,59
واقع 12,20,31,54
واقعی 43,6
واقعیت 12
والفیزز 22
وامی 20
واژه 6
واژگان 13,13,13,13,13,13,16,16,2,2,25,25,26,26,28,28,36,36,39,39,39,44,44,50,50,50,52,52,54,54,56,56,58,58,59,59,59,60,60,60,8,8
وبگاه 43
وجهی 21,21,40,41,41,41,41,41
وجود 1,1,1,1,1,1,1,1,1,1,1,12,13,13,13,13,13,13,13,13,13,13,13,13,13,13,13,13,13,13,13,13,13,15,15,16,16,16,16,16,16,16,16,16,17,17,17,17,17,17,17,17,17,17,18,18,18,2,2,2,2,2,2,2,2,2,2,2,2,2,2,2,2,20,20,20,20,20,20,20,20,20,20,20,20,20,20,20,20,20,20,20,20,20,20,21,21,21,21,21,21,21,21,21,22,22,23,23,23,25,27,28,28,28,28,28,28,28,28,28,28,28,28,29,29,29,29,29,29,29,29,29,3,3,3,3,3,3,3,3,3,3,3,3,3,3,3,3,3,3,3,3,3,3,3,3,3,3,3,3,3,3,3,3,3,30,30,30,30,30,30,31,32,32,34,34,34,34,34,34,34,35,36,37,39,39,39,39,39,39,39,39,39,39,39,39,39,39,39,39,39,4,4,4,4,4,4,4,4,4,4,4,4,4,4,4,4,41,43,43,43,43,43,43,43,43,43,43,43,43,43,43,43,43,43,43,43,43,43,43,43,43,43,43,43,43,43,43,43,43,43,43,43,43,43,43,43,43,43,43,43,43,43,44,46,47,47,47,47,47,47,47,47,47,47,47,47,47,47,47,47,47,47,47,47,47,47,47,47,47,47,47,47,47,47,47,47,47,47,47,47,47,47,47,47,47,47,47,47,47,47,47,47,47,47,47,47,47,47,47,47,47,47,47,47,47,47,47,47,47,47,47,47,47,47,47,47,47,47,47,47,47,47,47,47,47,47,47,48,48,49,5,50,50,50,50,50,50,50,50,50,51,52,54,54,55,56,56,56,59,59,59,6,8,8,8,8,8,8,8,8,8,9,9,9,9,9,9,9
ورودی 6,6
وزنهای 41
وسیعی 29
وسیله 43,43,43
وصله 42
وضعیت 60,60
وضعیتی 60
وقتی 17,34,44
ولهلم 39,39
ويلسون 11,27
ویرایش 1,1,1,10,11,12,13,13,14,15,16,16,17,17,18,19,2,2,20,20,21,21,22,23,24,25,26,27,28,28,28,29,29,29,3,3,30,31,32,33,34,34,35,36,37,37,38,39,39,4,4,40,41,42,43,43,43,43,44,45,45,46,47,47,47,47,47,48,49,49,5,50,50,51,52,53,53,54,55,56,56,57,58,59,6,60,7,8,8,9
ویستن 43
ویلسون 11,11,11,11,11,27
ویند 59
ویژه 1,10,11,12,13,14,15,16,17,18,19,2,20,21,22,23,24,25,26,27,28,29,3,30,31,32,33,34,35,36,37,38,39,4,40,41,42,43,44,45,46,47,47,48,49,5,50,51,52,53,54,55,56,57,58,59,6,60,7,8,9
ویژگی 14,4,60,60
ویکی 1,10,11,12,13,14,15,16,17,18,19,2,20,21,22,23,24,25,26,27,28,29,3,30,31,32,33,34,35,36,37,38,39,4,40,41,42,43,44,45,46,47,48,49,5,50,51,52,53,54,55,56,57,58,59,6,60,7,8,9
يافت 9
يعني 9
يِلديريم 9,9
٢٠٠٤ 9
پاداش 20
پادشاه 47
پادشاهی 3
پارا 6,60
پارامتر 17,17,60,60
پارامتری 6
پارسی 43
پاره 25
پاسخ 36,53,53,53
پاسیفیک 3
پالایش 40,41,41,41
پالایه 40,40
پانویس 59
پاگواش 3
پایان 20,20,43
پایدار 1,10,11,12,13,14,15,16,17,18,19,2,20,21,22,23,24,25,26,27,28,29,3,30,31,32,33,34,35,36,37,38,39,4,40,41,42,43,44,45,46,47,48,49,5,50,51,52,53,54,55,56,57,58,59,6,60,7,8,9
پایه 13,18,38,4,4,4,40,43,43
پایهٔ 38,38,38,38
پایگاه 43,43
پایین 6,8,8,8
پدیدار 43
پدیده 43
پذیر 59
پذیرش 47
پذیری 43,43
پراسنجه 60
پرانتز 54
پرتقال 43
پرداخت 20,20,20,20,20,20,20,20,20,20,20,20,43
پرداخته 14
پرداختی 20,20
پردازش 1
پرسیدن 59
پرنتیس 8
پروت 48,48,48,48,48
پروفسور 58
پروژه 60
پرچم 47,47
پرگار 43
پشتیبانی 1
پلکانی 20
پلیمپتون 43
پهلوی 47
پوسین 52
پویا 17,20
پينتز 9
پژوهش 3
پگون 47
پیامد 43
پیامدهای 43
پیتمن 47
پیدا 30,35,43,43,43,52,54,54,6
پیرامون 1,1,1,10,10,10,11,11,11,12,12,12,13,13,13,14,14,14,15,15,15,16,16,16,17,17,17,18,18,18,19,19,19,2,2,2,20,20,20,21,21,21,22,22,22,23,23,23,24,24,24,25,25,25,26,26,26,27,27,27,28,28,28,29,29,29,3,3,3,30,30,30,31,31,31,32,32,32,33,33,33,34,34,34,35,35,35,36,36,36,37,37,37,38,38,38,39,39,39,4,4,4,40,40,40,41,41,41,42,42,42,43,43,43,44,44,44,45,45,45,46,46,46,47,47,47,48,48,48,49,49,49,5,5,5,50,50,50,51,51,51,52,52,52,53,53,53,54,54,54,55,55,55,56,56,56,57,57,57,58,58,58,59,59,59,6,6,6,60,60,60,60,7,7,7,8,8,8,9,9,9
پیرس 43
پیروی 56
پیشامد 8,8,8,8
پیشامدهای 8,8,8
پیشامدهایی 8
پیشامدی 8,8
پیشتر 43
پیشرفت 43,43,43
پیشرفته 13
پیشین 1,10,11,12,13,13,14,15,16,17,18,19,2,20,21,22,23,24,25,26,27,28,29,3,30,31,32,33,34,35,36,37,38,39,4,40,40,41,42,43,44,45,46,47,48,49,5,50,51,52,53,54,55,56,57,58,59,6,60,7,8,9
پیوسته 37,43,6,6,6
پیوستگی 6
پیوند 1,1,1,10,10,10,10,10,11,11,11,12,12,12,13,13,13,13,13,13,14,14,14,15,15,15,16,16,16,17,17,18,18,18,19,19,19,2,2,20,20,20,21,21,21,22,22,22,23,23,24,24,25,25,25,26,26,27,27,28,28,28,29,29,29,29,29,3,3,30,30,31,31,32,32,33,33,33,34,34,34,35,35,35,36,36,36,37,37,37,38,38,39,39,4,4,40,40,40,41,41,41,42,42,43,43,43,43,43,43,43,44,44,44,45,45,46,46,47,47,47,47,47,47,48,48,49,49,5,5,5,50,50,51,51,52,52,53,53,53,54,54,54,54,54,55,55,56,56,56,57,57,58,58,59,59,59,6,6,6,60,60,7,7,8,8,8,8,8,8,9,9
پیوندهای 1,10,11,13,16,17,18,19,2,20,21,22,23,24,25,26,27,28,29,3,30,31,32,33,34,35,36,37,38,39,4,40,41,42,43,44,45,46,47,48,49,5,50,51,52,53,54,55,56,57,58,59,6,60,7,8,9
پیچیدگی 1,43,43
پیکارد 39,39,39
پیکربندی 1
چارلز 52
چارچوب 43
چارچوبی 29,29,43
چالش 15,18,27,31
چراکه 44,9
چرتکه 43
چسباندن 59,6
چسبانده 6
چقدر 6,9,9
چنان 25,54,6
چنانچه 55
چندجمله 59
چندوجهی 41
چندین 1,14,22,43,59
چنین 20,43,43,43,43,59,59,6,8
چهار 13,37,37,37,40,42,42,42,43,43
چهارم 47
چهارگوش 40
چونکه 17
چگالی 52
چگونه 43
چگونگی 1,10,11,12,13,14,15,16,17,18,19,2,20,21,22,23,24,25,26,27,28,29,3,30,31,32,33,34,35,36,37,38,39,4,40,41,42,43,44,45,46,47,48,49,5,50,51,52,53,54,55,56,57,58,59,6,60,7,8,9
چیدمان 14
چینی 38,47,47
ژئودزی 3
ژانویه 13,21,43
ژانویهٔ 30,38,42,43,54
ژانگ 9
ژاپنی 13
ژوئن 10,27,37
ژوئیهٔ 12,14,7,8
ژورنال 43
کابین 6
کارایی 54,60
کاربرد 17,17,20,22,22,22,22,22,43
کاربردهای 35,37,41,43,43,43,43
کاربردهایشان 43
کاربردی 1,43,43,43,43,43
کاربری 1,1,10,10,11,11,12,12,13,13,14,14,15,15,16,16,17,17,18,18,19,19,2,2,20,20,21,21,22,22,23,23,24,24,25,25,26,26,27,27,28,28,29,29,3,3,30,30,31,31,32,32,33,33,34,34,35,35,36,36,37,37,38,38,39,39,4,4,40,40,41,41,42,42,43,43,44,44,45,45,46,46,47,47,48,48,49,49,5,5,50,50,51,51,52,52,53,53,54,54,54,55,55,56,56,57,57,58,58,59,59,6,6,60,60,7,7,8,8,9,9
کاردینال 43
کارهای 27,41,43,43,43,48,5,58
کاسته 30
کاشف 13
کافی 12,30,52,52
کامل 32,39,43,43,47,49,54,54,54,54,54
کاملاً 43,46
کاملی 34
کامپیوتر 1,43,43,43
کامپیوتری 40,41,42
کانتور 43
کانونش 25
کاهش 20
کاوش 43
کتاب 13,14,14,21,43,43,54
کتابخانه 29,39
کتابی 17,28,43
کتمول 40,41,41,41,41
کدام 30
کرامر 33,33,33,58,58,58,58
کران 18,18,8
کراندار 18
کرانه 30,4
کرانی 12
کردن 1,1,1,10,11,12,13,14,15,16,17,18,19,2,20,20,21,22,23,24,25,26,27,28,28,29,3,30,31,32,33,34,35,36,37,37,38,39,4,40,41,41,42,43,43,44,45,46,46,46,47,48,49,5,50,51,52,53,54,54,54,54,54,55,55,56,56,57,58,59,6,6,60,7,8,9
کردنشان 43
کرده 14,14,14,17,20,30,30,34,43,43,43,43,59
کردیم 34
کرنک 39
کریتیو 59,59
کریپکه 43
کسرهای 30,30
کسینوس 43,44
کشانده 15
کشفیات 43,43,43
کشور 3
کشورهای 13
کشوری 3
کشیده 15,18,27,31,6
کلارک 40,41,41,41,41,41
کلاسیک 21
کلمه 32
کلمهٔ 6
کلمو 58
کمال 43
کمان 56
کمانک 18,18
کمبریج 27
کمتر 22,52,9
کمکی 46
کمیت 19,19,26,43,43,43,43,43,43,43,43
کناری 1,10,11,12,13,14,15,16,17,18,19,2,20,21,22,23,24,25,26,27,28,29,3,30,31,32,33,34,35,36,37,38,39,4,40,41,42,43,44,45,46,47,48,49,5,50,51,52,53,54,55,56,57,58,59,6,60,7,8,9
کنترل 29,39,6
کنترلی 40,6,6
کنرا 47
کنند 59
کننده 43,60
کنونی 43
کنکور 7
کنید 14,36,37,59,59,59,6,6
کنیم 12,30,46,54,54,59,59,59,8
کوانتومی 43
کوتا 39
کونز 42,42,42,42
کوهن 4
کوچک 12,12,12,12,23,33,38
کوچکتر 12,12,38,52,54,59
کیلومتر 26,26
گالرکین 39
گالوا 43
گجراتی 47
گذار 43
گذاردن 15
گذاشتن 30
گذشتن 6
گذشته 6
گرادیان 46,46,46
گرایی 20
گرجی 47
گردایه 43,43
گردد 20,20
گرفت 13,43
گرفتن 43
گرفتند 47
گرفته 20,20,43,43,60
گرمکهی 47
گروف 58
گروه 10,29,29
گرچه 1,10,11,12,13,13,14,15,16,17,18,19,2,20,21,22,23,24,25,26,27,28,29,3,30,31,32,33,34,35,36,37,38,39,4,40,41,42,43,44,45,46,47,48,49,5,50,51,52,53,54,55,56,57,58,59,6,60,7,8,9
گسترده 43
گسترش 13,17,59
گسسته 43
گفتاوردهای 34,43
گفته 13,38,54,54,54
گلدباخ 32,32,32,43
گلدستن 9
گنتزن 43
گوئیم 26
گودرزی 18
گودل 43
گوشه 37,42,42,6
گوناگون 1,14,56
گوناگونی 14
گونه 11,43,43,55,59
گوپتا 47
گویا 14,43,43,49,49
گویای 51
گویند 10,43,59,59,59
گیرد 59
یابی 6,6,6,6
یادکرد 1,10,11,12,13,14,15,15,16,17,18,18,19,2,20,21,22,23,24,25,26,27,27,28,29,3,30,31,31,32,33,34,35,36,37,38,39,4,40,41,42,43,44,45,46,47,48,49,5,50,51,52,53,54,55,56,57,58,59,6,60,7,8,9
یادگار 47
یادگیرنده 45,45
یادگیری 45
یاری 34
یافت 13,13,31,4,43
یافتن 12,26,34,43,46,46,54
یافتند 43
یافته 43,43
یحیی 2,43
یسیدرو 20
یعنی 12,12,12,18,18,18,20,20,20,32,34,4,43,46,54,59,59,59,59,6,7
یوسف 2
یونان 21,21,21,21,21,43,43,43
یونانی 2,60
یکای 19
یکبار 34
یکجا 43
یکدستی 14
یکدیگر 13,26,30,30,6,6,6
یکسال 20
یکسان 14,30,37,6,6
یکنواخت 40,41,6,6
یکپارچه 1,1
یگانه 53,53
