آبراهامیان 51
آتلانتیک 17
آتنی 3
آثار 15,15,15,15,16,16,17,17,3,50
آخرین 14,3
آدمی 17,17
آرامــــَــــد 15
آرامی 15
آرتمیس 3
آرزوی 17
آرشیو 15,15
آرگومان 15,15,15
آرینت 17
آزاد 16,3
آزادی 15
آستان 17
آسمان 17
آسیا 15
آسیای 15,16
آسیب 15
آشفته 3
آشور 16,16
آشوری 15,15,16
آشکار 15,16,17
آغاز 13,15,15,15,17
آغازین 17
آقاخان 50
آلویس 14
آماده 15
آمادهٔ 3
آمدن 17
آمده 14,15,16
آمریکا 15
آمریکای 17
آمریکایی 15
آمفیسا 3,3
آموزش 17,17,3,3,3
آموزشی 17
آموزنده 17
آموزی 15
آنان 15,15,15,15,3,3,3,3,3,3,3
آنجا 15,15,16,17,3,3
آنجاست 15
آنچه 16,17,17,17,17,17,17
آنکه 17,3
آنگاه 15,15
آوازه 16
آوایی 17
آورد 3
آوردن 15,15,15,48
آوردند 3
آورده 15,15,15,16,17
آوری 15
آوریل 14,15,15,15,15
آکدی 16
آکنده 17
آگاده 16
آگاه 17
آگاهی 17,17
آیتم 14,15,16,17,51
آیرواند 51
آیلند 15
آینده 15,17,3
آیندهٔ 17
ائتلافی 15,15,15
ائورودیکه 3
ابتدا 15
ابتدائی 15
ابتدای 15
ابتدایی 15,16
ابداع 17
ابداعی 17
ابراهیم 15
ابزار 16
ابوالفضل 50,50
ابوالقاسم 50,50
ابوبکر 15,15
ابوجعفر 15
ابونواس 15
اتحاد 3
اتحادیه 3
اتفاق 51
اتمام 15
اثباتی 3
اثرگذار 17
اجازه 1
اجباری 14,15,16,17,51
اجتماع 16,17
اجتماعات 15,3
اجتماعی 16,16,17,17,17,17,17,17,17,17,50,50
اجرایی 17
اجماع 17
اجمالی 17
اجیر 3
احترام 15
احتمال 15,17
احتمالاً 15,3
احتمالی 17
احزاب 50
احمد 50,50
احوال 17
اخبار 15
اختراع 16
اختراعات 16
اختصاص 15,15,15,3
اختلاف 51,51
اختیار 15
اختیاری 14,15,16,17,51
اخراج 15
اخلاقاً 15
اخلاقیات 3
اخوان 50
اخیر 14,14,15,15,15,16,16,17,17,51,51
اداره 15,17
اداری 15,15
ادامه 15,3,51
ادبیات 17,50
ادعا 16,16
ادیان 16
ارائه 15,15,17,3
ارابه 17
اراده 17
ارتباط 15,48
ارتش 15
ارجاع 13,17,17,17
ارجاعات 16,16
ارزش 15
ارسطو 3,3,3,3,3
ارشد 15
اروپایی 17,17
اریحا 1,1
اریل 17
ازای 3,3
ازدواج 3
اساس 17,17,17
اساسی 17
اسبدوانی 14
اسبی 3
استاد 15,17
استان 15,15,15
استاندارد 13,13,13,13,13,16,17,17
استانداردهای 17,17
استانی 15,15,15,15,15
استحکام 15
استخراج 17,51
استفاده 14,15,15,15,16,16,16,17,17,17,17,17,17,17,51
استفادهٔ 17
استقبال 3
استقرار 50
استقلال 15,15
استوار 15
اسحاق 15
اسدالله 17
اسرائیل 15
اسلام 15,15,15
اسلامی 15,15,15,15,17
اسناد 17,17,17,17
اسپئوسیپوس 3
اسپارت 3
اسکان 3,3
اسکندر 3,3,3,3,3,3,3,3,3,3,3,3,3,3,3,3,3,3,3,3,3,3,3,3,3,3,3,3,3,3,3,3,3,3,3,3,3,3,3,3,3,3
اسکندری 50
اسکندریه 3
اسیر 3
اشاره 15,16,17,17,17
اشغال 15,15,15,15,16,3
اشغالگری 15
اشکوری 15
اشیاء 17
اصطلاح 16,16,17,17,17,17
اصطلاحاً 17,17
اصطلاحی 17,17
اصلی 14,15,15,15,15,15,15,15,15,16,16,17,51
اصمعی 17
اصول 17
اصیل 3
اطراف 16
اطلاعات 14,15,15,16,16,16,17,17,17,51
اطلاق 17,17
اظهار 3
اعتقاد 15,15,15,15,15
اعتقادات 17
اعتنا 17,17,17
اعراب 15,16
اعزام 3
اعضاء 15
اعضای 15,15,15,15
اعطا 15,15
اعلام 15
اعمال 17,17
اغراضی 17
اغلب 17,17,17,17,3,48
افراد 17,17,51
افزایش 15,15
افول 15,17
اقبال 15,50
اقتصاد 17
اقتصادی 17,17,17,17,17
اقدام 15,15,15
اقیانوس 15,17
الاتیا 3,3
الاعلام 15
البته 15,17
البلاط 15
البنوک 15
التراث 15
التمیمی 15
الجامعه 15
الجديده 15
الجدیده 15,15,15
الحمرا 15
الخياط 15
الدین 50,50,50,50
الرابعه 15
الرشید 15
الشعب 15,15
الطوایفی 16
العربیه 15
الغای 51
الغدیر 15
الفضل 15
الله 15
المغرب 15
النضال 15
النهرین 16,16,16,16
الکبری 1
الکندی 15
الگو 13,13,13,13,13,15,15,15,15,15,15,15,15,15,15,15,15,15,16,16,16,16,16,17,17,17,17,17,17,17,51
الگوهای 17,17,17,17
الگوی 13,13,13,13,51
الیزابت 14
امارات 15
امام 15,15,15,15,17
امتیاز 51
امروز 16
امروزه 16,16,17,17
امروزی 15,15,15,16,16,3
امری 17,17
امنیت 15
امنیتی 15,15
امور 15,17,17,17,17,3
اموری 17,17,17,17
امویان 15,15
امپراتور 16
امپراتوران 15
امپراتوری 15,15
امکان 14,15,16,17,17,17,51
امکانات 15
امیر 50
انبار 15
انتخاب 15,15,15,15,15,3
انتخابات 15,15,15,15
انتزاعی 17
انتشارات 13,13,16,16,17,17
انتشاراتی 17,17
انتظار 15
انتقاد 51
انتقادی 17
انتقال 17
انجام 14,15,15,15,15,15,15,16,17,17,17,17,3,48,51
انحصاری 17
اندازان 16
اندیشیده 17,17
انسان 17,17,17,17,17,17,17,17,17,17,17,17
انسانی 17,17,17,17
انشقاق 15
انفجار 15
انفعالات 17
انقلاب 17,17,50
انگلستان 15,15
انگلیس 51
انگلیسی 14,17
انگیز 16
اهالی 15,3,3
اهتمام 15,15
اهداف 15,15
اهمیت 15,17
اوایل 17
اوستا 15,15
اوقات 17
اولین 15,16,16,51
اولیه 15,15,16,16
ايران 50
اکباتان 15,15,15
اکبر 50
اکبرزاده 16
اکتبر 17
اکتشاف 51
اکثر 3
اکثریت 15,15,15,15
اکدی 15,16
اکدیان 16
اگرچه 3,48
ایالات 15,15,15
ایام 15
ایجاد 15,15,15,17,17,17
ایران 13,15,15,15,15,15,15,15,15,15,15,15,16,17,50,50,50,50,51,51,51,51,51,51
ایرانی 13,13,15,15,16,17
ایرلندی 14
ایزد 15
ایزو 17,17,17
ایشان 16
ایلیاد 3
ایلیریا 3
اینبار 15
اینرو 15
اینکه 15,15,15,15,15,15,17,17,17,17
اینگونه 15
بابل 15,16,16
بابلی 16
باختری 15,16
بارش 17
باره 16,3
بازار 3
بازدید 15,15,3
بازرگانی 15,15
بازسازی 17,17
بازماندند 48
بازهٔ 17
بازگشت 3,3,3
بازگو 17,17
باستان 15,15,15,16,16,16,17,17
باستانی 13,15,15,16,16,16,16,16,16,17,17
باشد 17,17,51
باشند 3
باشی 3
باطل 51
باعث 15,15,17,17,17,17
بافت 17
باقر 17
باقی 15,16
بالای 15
بالغ 15
بالنسبه 15
باله 15
بانبیپال 16
باکوماس 16
باید 17,3
بایستی 17
بجنوردی 17
بحساب 15
بختیاری 51
بخرد 3
بخشی 15,15,15,15,15,17,17
بد 15,15
بدارو 15
بدان 17,17
بدتر 15
بدست 13,17
بدلیل 51
بدون 13,13,16,16
بدین 3
برآورد 15,48
برابر 15,17,51
برادر 14
برادرزادهٔ 3
براساس 17
برای 13,14,14,15,15,15,15,15,15,15,15,15,15,15,15,15,15,15,15,15,15,15,15,15,16,16,16,16,17,17,17,17,17,17,17,17,17,17,17,17,17,17,17,17,17,3,3,3,3,3,3,3,3,3,3,3,50,51,51
برجای 15
برخورد 15
برخی 15,15,15,15,15,15,17,17,17,17,17,3
برداشت 17
برده 3
بردگی 3
بررسی 13,17,17,17,17,17,51
برسد 17
برعهده 15
برقرار 3
برقراری 15,3
برمک 15
برنزی 3
برهه 15
بروز 15
بروی 15,15,15
برچسب 51
برگرداندن 15
برگزاری 15,15,15
برگزیده 15,15
بریتانیا 15
بریجت_داولینگ 14
بزرگ 13,13,14,15,15,16,16,16,17,17,3
بزرگان 15
بزرگی 3
بسازد 3
بسازید 14,15,16,17,51
بستر 17,17
بسته 3
بستگی 15,17
بسیار 15,16,17
بسیاری 15,15,15,16,16,17,17,3,3,48
بشدت 15
بشری 17,3
بعداً 15
بعدی 15
بغداد 15,15,15,15,15,15,15,15,15,15,15,15,15,15,15,15,15,15,15,15,15,15,15,15,15,15,15,15,15,15,15,15,15,15,15,15,15,15,15,15,15,15,15,15,15,15,15,15,15,15,15,15,15,15,15,15,15,15,15,15,15,15,15,15,15,15,15,15,15,15,15,15,15,15,15,15
بغوداته 15
بلاغ 15
بلافاصله 16
بلکه 17,17,17,17,17,51
بمباران 15,15,15
بمحض 15
بناب 50
بنابراین 17,17,17,17,17,51
بنام 16
بنای 15,15
بنایی 15
بنیاد 15,15
بنیادگذار 13,13
بنیادی 15
بنیان 15,3
به 15
بهای 15
بهبود 48
بهبودی 15
بهتر 15
بهداشتی 15
بهزاد 15
بهمن 15
بواسطه 15,15
بودجه 15
بودن 13,13,17
بودند 15,15,15,15,15,15,15,16,16,17,3
بوده 1,15,15,17
بوقوع 15
بوکفالوس 3
بکار 15
بکشند 3
بگذرد 16
بگوید 17
بیابان 16
بیابد 3
بیان 17,17
بیروت 15,15
بیرون 3
بیزانس 15
بیست 13,16,51
بیستم 15
بیشتر 13,13,14,14,15,15,15,15,15,15,16,16,16,16,17,17,17,17,48,50,51
بیشتری 15,17
بیلیون 51
بیماران 48
بین_النهرین 16
بیگانه 51
تأثیر 16,16,17,50
تأخیری 15
تأسیس 15,16,16
تأمین 17
تأویل 17,17
تأکید 17,17,17
تأیید 17
تئاتر 15
تابع 15,15,15
تابعی 17
تاجری 3
تاريخ 50
تاریخ 14,15,16,17,17,17,17,17,17,17,17,17,17,17,17,17,17,17,17,17,17,17,17,17,17,17,17,17,17,17,17,17,17,17,17,17,17,17,17,17,17,17,17,17,17,17,17,17,17,17,17,17,17,17,17,17,17,17,17,17,17,17,17,17,17,17,17,17,17,17,17,17,17,17,17,17,50,50,50,50,50
تاریخند 17
تاریخِ 17
تاریخی 15,15,15,15,15,15,16,16,16,17,17,17,17,17,17,17,17,17,17,17,17,17,17,17,17,17,17,17,17,17,3
تازه 15,15
تازگی 17
تاسیس 15
تبدیل 15,15
تبعید 3,3
تبلیغ 15
تجاری 13,14,15,16,17,50
تجدید 15
تجربی 17
تجریبات 17
تجسمی 15,15
تجملی 16
تجمیع 13,13,17,17,17
تجهیزات 15
تحسین 3
تحصیل 15,15,48
تحقیق 15,15
تحلیل 17
تحول 17
تحولات 17
تحوّلات 17,17
تخریب 15
تخمین 15
تداخل 17
تدریج 16
تدوین 17,17
تذکره 50,50
تراکیه 3
تربیت 3,3
ترتیب 3
ترجمه 1,15,15,15,15,17,17,17
ترجمهٔ 13,13,13,13,13,13,16,17,17,17,17
تردید 17
ترسناکی 17
ترغیب 15
ترقی 3
ترموپیل 3
ترکمان 50
ترکمانان 15,15
ترکیب 15,15,17
ترکیبی 17,17
تزئینی 15,15
تسخیر 3
تسلط 15,15
تسلیم 15,3
تسهیل 17
تشابه 17
تشکیل 15,15,15,15,15,15,16,17,3,48
تصادفی 14,15,16,17,51
تصاویر 14,15,16,17,17,3,51
تصرف 15
تصمیم 15
تصویب 51,51,51
تصویر 17,3
تصویرگری 15,15
تطور 16
تطوّرات 17,17
تعاملات 17
تعبیه 1
تعداد 15,15,15,15,15,15,48
تعدادی 15,17
تعدی 15
تعرب 17
تعریب 17,17
تعریف 15,17,17
تعریفی 17,17,17
تعمیرات 15
تعیین 15,17,17
تغییر 15,17,3
تغییرات 14,15,16,17,17,17,51
تفسیر 17,17,17
تفسیرهای 17
تفکر 17
تفکیک 17,17
تقریباً 17,3,48
تقسیم 15,15,16,17,17,17,17,17,17
تقلید 3
تلاش 15,15,17
تلسکوپ 16
تلفات 15
تلفن 13,14,15,16,17,50
تلقی 17,17
تلمسان 18
تمامی 3
تمدن 15,16,16,16,17,17,17,50
تمدنی 17
تمدید 51
تمرد 3
تمرکز 17
تناقضی 17
تنها 15,15,15,17,3,3,51
تهاجم 15,15
تهدیدات 16
تهران 15,15,15
تهیدستان 50
توافق 15,17
توان 15,16
توانست 3
توانستند 3
توجه 15,17,17,17
توجیه 15,15
توسط 1,15,15,15,15,15,15,15,15,16,16,17,17,17,17,17,3,3
توسعه 15
توسعهٔ 17
توسل 17
توصیف 15
توصیفات 17
توضیح 15,17
توفان 15
توقف 15
تولید 15,17,17,17
تونی 14
تکامل 16
تکرار 17,17
تکمیل 17
تکواژی 17
تکوین 17
تیرداد 15
تیسفون 15,15
ثروت 16
جادویی 17,17,17
جالب 15
جامع 17
جامعهٔ 17
جانبی 17
جانشین 15,51
جایاواردنپورا 15,15
جایشان 3
جایگاه 15,16
جایگزین 13,15,17
جایی 17
جدید 15,15,51,51
جریان 15,15,15,15,15,17,17
جریر 50
جزئی 17,17,17
جزئیات 13,14,15,16,17,50
جزایر 15
جزیره 16,16
جستارهای 15,16,17
جستجو 17
جستجوی 17
جعبه 13,14,14,14,15,15,18
جغرافیا 17
جغرافیای 16,16,17
جغرافیایی 15,16,17,17
جلال 50,50
جلدی 17,50
جلسات 15,15
جلسه 15
جلوگیری 51
جمدت 16
جمعیت 15,15,15,15,15,15,15,15,15,15,15,17
جمعیتی 15,15
جمله 15,15,15,15
جمهوری 15,16
جناح 3,3,3
جنبش 50,50,50
جنجالی 17
جنسی 17
جنسیتی 17
جنوب 15,15,15,16,16,3,3
جنوبی 16,17,17,3
جنگی 3
جنگیدن 3
جهات 16
جهاد 15
جهان 1,15,15,15,15,15,15,16,16,16,16,17,17,3,48
جهانی 15,15,15,17,17,48
جهانیان 3
جوامع 17
جوان 17
جواهر 13
جواهراتشان 3
جورجیا 15,15
جوهری 17
جیمز 16
حادث 17
حاصل 15
حاضر 15
حالت 15
حالی 17
حالیست 15
حاوی 17,17,17
حاکم 16,17,17
حاکمان 13
حاکمیت 15
حاکی 17
حبشی 17
حداقل 17
حدود 1,1,15,15,15,15,15,15,15
حرمت 3
حریه 15,15,15
حزبی 15,15
حزین 50
حساب 14,14,15,15,15,16,16,17,17,17,51,51,51
حسونه 16
حسین 17,50,50,50
حسینی 50,50
حضور 15,17
حقایق 17
حقوقی 17,17
حلقه 15,15
حمایت 3
حملات 15,15,15
حمله 15,16,3
حمید 17,17
حوادث 17,17,17,17,17,17,17,17
حکمت 15
حکمرانان 16
حکومت 15,15,15,15,16
حیات 17,17,17
حیاط 1
حیفا 15
خاتمه 15
خارج 15,48
خارجی 15,51
خاصی 16,17
خاطرش 16
خاطرِ 15
خالدبن 15
خالی 15
خاندان 15,15,3
خاندانی 3
خانه 48
خانواده 15
خانوار 48
خانگی 48
خاورمیانه 15,15
خاوری 50
خاکستر 3
خایرونیا 3,3
خداداد 15
خدمات 15
خدمت 15,15,15
خدمتی 51
خراسان 15
خردمندی 17
خسارات 15,15
خساراتی 15
خشکی 17
خصوص 14,15,15,15,15,15,15,16,17,17,17,17,51
خصوصاً 15
خصوصی 15,3,3
خطوط 3,3
خلافت 15,15,15,15,15,15,15,15,15,15,16
خلاق 15,15,15
خلال 15,15,15,15
خلفای 15
خلیج 15,15,15,16
خلیفه 15
خلیل 15
خمینی 17
خنجی 50
خواست 17,3,3
خواندمیر 50
خواندن 3
خوانین 51
خواهر 17,3
خواهشمندیم 51
خودش 3,3
خودشان 17
خوراک 17
خوردن 3
خورشیدی 15,50,50,50,50,50,50
خویش 3
خویشاوندان 3
خیالبافی 15
خیلی 3
داتا 15
داخل 1,15
داخلی 15
دادن 15
دادند 17
داده 14,15,15,16,16,17,17,17,17,17,51
دارای 13,13,14,14,14,15,15,15,15,15,15,15,16,16,16,16,16,17,17,17,17,17,17,17,17,17,18,18,51
دارایی 51
دارد 14,15,15,16,16,17,17,17,17,17,17,17,17,51
دارند 15,15,15,15
دارک 15
داریوش 13,13
داستان 3
داستانِ 15
داشت 1,16,17,3,51
داشتند 15,3
داشته 15,3
دانستنش 17
دانسته 17,17,17
دانش 17,17,17,17
دانشنامهٔ 14,14,15,15,16,16,17,17,18,51,51
دانشورانهٔ 17
دانشگاه 15,15
داولینگ 14,14,14
دایره 15
دجله 15,15,16
دخالت 3
دختران 48
درآمد 15,48
درازمدت 17
درایران 51
دربار 50
درباره 14,14,17
دربارهٔ 13,13,13,14,15,15,15,15,15,15,15,15,15,16,16,16,16,16,17,17,17,17,17,17,17,17,17,17,51
دربرگیرنده 15,15,15
درجه 17,17
درخشان 16
درسی 16
درصد 15,51
دروازه 15,15
درون 1,15
دروهٔ 15
درگیر 3
دریا 17
دریافت 15
دریانوردی 17
دریای 1
دسامبر 13,15,16,17
دستاوردهای 17,17
دسترس 13,14,15,16,17,50
دستمزد 48
دسته 15,17
دستور 3,3,3
دشمن 3,3,3
دشمنان 3
دعوت 14,15,15,16,17,51
دقیق 17
دقیقاً 15
دلایل 15
دلیل 15,15,15,15,15,15,16,17,17
دموستن 3
دنبال 3,3
دنیا 14,15,15,15,17,48
دهند 17,17
دهنده 15
دههٔ 17
دهکدهای 15
دوازدهم 50,50
دوانیقی 15
دوباره 3
دوبارهٔ 15
دودمان 13,51
دودمانی 16,16
دوران 13,13,13,13,13,13,13,15,15,15,15,15,15,15,15,16,17,17,50,50
دورانت 16,17
دورانی 17
دورتر 15,15
دوره 15,15,15,15,50,50,50,51
دورهٔ 15,17,50
دوسالانه 15
دوستان 15,3
دولت 15,15,15,15,15,15,15,15,51,51,51
دولتی 17
دومین 15
دونالد 15
دوچندان 15
دچار 17
دگریدهٔ 15
دیانت 15
دیجیتال 17
دیدنی 15,15,15
دیده 15,17
دیدگاه 17,17
دیلی 14
دینی 15,15
دیوار 1,1,1,1
دیوارهای 15
دیواری 1
دیوید 14
دیگر 14,15,15,15,15,15,15,15,15,15,15,16,16,16,17,17,17,17,17,17,17,17,17,17,17,17,17,17,17,17,3,3,51,51,51
دیگران 17
دیگری 15,17,17,17,3
ذکرشده 17
رئیس 51
رابطه 17,17,17
رازهای 17
راست 3
راغبه 15
راند 3
راهش 3
راهنمای 15
راهی 15
راوندی 16,16
رتبه 15,15
رجوع 16,17
رخداد 17
ردای 3
ردیفی 15
رستاخیز 13
رستگار 50
رسمی 15,15,15,15,15
رسمیت 15
رسوم 17
رسید 3
رسیدند 3
رسیده 3
رشتهٔ 17,17
رفتن 3
رمضان 15
رنسانس 15,15
رهبر 15
رهبری 3
روابط 17,17,17
رواج 3
روان 17
روانشناسی 17
روایی 17,17
روحی 13
رودان 16,16
رودهای 16
روزمره 48
روزنامه 15
روزنتال 17,17
روزهای 15,15,15
روزگار 15,15,15,15,17,17,51
روزگاران 17,17
روزگارِ 15
روزگاری 16,3
روزی 17
روشنفکری 50
رولاند 15
رومی 3,3
روند 15,15,15,15,17,17,17
رونق 15,16
رویداد 17,17,17,17,17,17,17
رویدادهای 14,15,16,17,17,17,17,17,17,17,51
رویدادهایی 17,17,17,17
رویکرد 17
رویکردهاست 17
رویکردهای 17
رژیم 15
ریاست 3
ریال 51,51
ریخت 15,15
ریشه 15,15
ریشهٔ 17,17,17
زادروز 13,13
زادگاه 3
زادگاهشان 3
زاویه 17
زایش 13,17
زبان 1,15,15,16,17,17,17,17,17,17,17,18,51
زلزله 17
زمان 15,15,15,15,15,15,15,15,15,15,15,15,15,15,15,15,15,15,15,15,17,17,17,17,17,17,17,17,17,17,17,17,51
زمانی 15,15,17,17,17,17,3
زمین 16,16,17
زمینه 15,15,15,51
زمینهٔ 17
زنان 17,48,48,48
زندگانی 13
زندگی 13,15,15,15,15,16,17,17,3
زننده 15
زودتر 3
زیادی 17,17,17
زیارتگاه 15
زیان 15
زیبای 15,15
زیرا 15,17,17,17,3,3
زیرگروهی 17
زیست 17
زینت 16
سابق 15,3
ساتراپ 13
ساحل 16,17
ساخت 14,15,15,15,15,16,17,51
ساختمان 15,15
ساختن 15
ساختند 17
ساخته 1,15,15,15,15,15,16,17
ساختهٔ 3
ساره 15
سازمان 1,13,14,15,15,15,16,16,16,17,17,50
سازماندهی 17
سازی 15
ساسانی 15
ساعت 13,14,15,16,17,50
سالانهٔ 17
سالمندان 48
ساله 14,3,3
سالهٔ 3
سالگی 3,3
سامانه 14,14,14,15,15,15,16,16,16,17,17,17,51,51,51
سامی 15
ساکن 15,15,17
ساکنان 1,15
ساکنین 15
سایر 17,3
سایهٔ 3
سترگ 1
ستیزی 17
سختی 15,15,16
سخنان 15
سدهٔ 50
سراسر 15,17
سرانجام 1,15,15,15,3
سربازان 1,15,3
سربازانش 3,3,3
سربازی 16
سرداران 3,3,3,3,3
سردارانش 3
سرزمین 15,16,16,16,16,16
سرسختانهٔ 3
سرشماری 15
سرمست 3
سرنوشت 3
سرنگونی 15,15,15,15,15
سروری 3
سرپرستی 16
سرکوب 15,3
سرگذشت 17
سعادت 50
سعدون 15
سفال 16
سفید 15
سفیر 51
سقوط 15
سلاح 13,13
سلسله 17
سلطان 15
سلطنت 3,3
سلطنتی 15
سلطه 16
سمیعا 50,50
سنتی 17,17,17
سنجی 15,15,15,15
سنگی 1,1
سنگین 15
سهام 51
سوار 3
سوارکاری 3
سوزان 16
سومر 16
سومری 16,16
سومریان 16,16,16
سوّمین 17
سویی 3
سپاه 3,3,3,3,3
سپاهی 3
سپاهیان 3
سپاهیانش 16
سپتامبر 17
سپهر 50,50
سکونت 15
سیاست 15,17,17
سیاسی 13,13,13,13,15,15,15,15,17,17,17,17,17,17,50
سیرافی 50
سیزده 3
سیزدهم 50,50
سیستم 15,15,15,15
سیصد 16
سیلک 15
شاخه 17,17,17
شامل 13,13,15,15,16,17,17
شانزده 3
شانزدهم 15
شاهد 15
شاهنامه 15
شاهنشاهان 13
شاهنشاهی 13,13,13,13,15
شاید 15,51
شباهت 17
شجاعانه 3
شدند 15,3,3,3
شدهٔ 15
شدید 15,15,15,51
شرایط 15,17
شرایطی 17
شرقی 1,15,15,16
شروع 15
شرکت 15,16,51
شریعتی 17
شفاهی 17,17
شفیعی 17
شماره 17
شماری 15
شمال 15,15,16
شمالی 15,16,16
شمشیرهای 15,15,15
شناخت 17
شناخته 13,15,15
شناسایی 17
شهبازی 13
شهدا 15,15
شهرت 15
شهرداری 15
شهرسازی 15
شهرهای 13,15,15,15,15,15,15,16,16
شهروندان 15,3
شهری 1,15,3
شهریار 15,15,15
شورا 15,15
شوراهای 15,15,15,15,15,15
شورای 15,15,15,15,15,15,15,15,15,15,15,15,15,51,51
شورش 3
شورشیان 3
شورشیانی 15
شوید 14,14,15,15,16,16,17,17,51,51
شکار 3
شکست 15,16,3
شکستن 3
شکوفا 15,3
شگفت 16
شیرازی 50
شیعه 15,15
شیعیان 15
شیمی 17
شیوهٔ 17,17,3
صادراتی 15
صدیق 15,15
صرفی 17
صعود 1
صفجه 14,15,16,17,51
صفحه 13,14,14,14,14,14,14,15,15,15,15,15,16,16,16,16,17,17,17,17,17,50,51,51,51,51,51
صفحهٔ 14,14,14,15,15,15,15,16,16,17,17,17,17,51,51,51
صفری 15
صنعتی 15
صورت 14,15,15,16,17,3,51
ضرباهنگ 17
ضروری 17
ضعیف 17
ضیاءالدین 17
طبقات 17
طبیعت 17,17,17
طبیعی 17,17,17,17,17
طراح 15
طراحی 15,15,15,15,15
طریق 15,15,17,17,17,17,3
طغیان 17
طلایی 15,15,16
طلوع 17
طوری 3
طوفان 17
طولانی 17
ظاهراً 17
ظهور 1,15
عادی 15,17
عاشق 3
عالم 51
عالی 15
عامدانه 3
عامی 17
عایدات 51,51
عبارت 14,15,15,15,16,17,17,17,17,17,17,17,17,51
عباسی 15,15,15,15
عباسیان 15,15,15,15,15
عبدالله 50,50
عثمانی 15,15,15,15
عدسی 16
عراق 15,15,15,15,15,15,15,15,15,15,15,15,15,15,15,15,15,15,15,15,15,15,15,15,15,15,15,16,16
عراقی 15
عربستان 16,16
عربی 15,16,17,17,17,17,17
عرصهٔ 17
عروسی 3
عقاید 15,17
عقربه 15,15,15
عقلانی 17
عقیده 15
علامتی 13,14,15,16,17,50
علاوه 15,17,17,48
علایی 17
علمی 13,15,15,15,16,17,17,17,17,17
علمیه 15,15
علنی 3
علوم 15,17,17,17,17
علیه 15,3,3,3,3
عمدتاً 15
عملکرد 15
عملگر 15
عملی 17
عملیات 15,3,3,51
عموری 16
عمومی 15,17
عناصر 17
عنایت 17
عنصری 16
عنوان 15,15,15,15,15,17,17,17,17,3,3
عهده 3
عهدهٔ 17
عوامل 15,17,17
غارت 15,15
غارتگری 15
غالب 17,17
غالباً 17,17,17
غربی 15,15,15,15,16,16
غریبی 17
غلبه 16
غیرانتفاعی 13,14,15,16,17,50
غیرنظامی 15,15
فارسی 16,17,17
فاصلهٔ 3
فامیل 15
فاکس 15,15
فایده 17
فتوحات 15
فتوحی 50,50
فرات 15,16
فرار 15
فرانتس 17
فرانسه 17
فراگیر 16
فراگیری 15,15
فرایندهای 17
فرزان 13,13
فرزندان 3
فرسایش 17
فرستادند 3
فرصت 3,3
فرعی 15
فرمان 3,3
فرماندهی 15,3,3
فرمت 15,15
فرهنگ 15,15,17,17,17
فرهنگی 15,15,15,15,15,15,16,16,17,17,17,17
فرهیختگانی 3
فروش 51
فروغان 13
فرگشت 17
فرید 13
فسائی 50
فشارهای 15
فغفور 15
فقیر 16
فقیه 50
فلسطین 1
فلسفه 17,17,17,17,17,3
فلسفهٔ 17,17,17,17
فناوری 17
فهرست 17,17
فوتبال 15,15
فوریه 15,15
فکری 17
فیلم 15
فیلی 15,15,15
فیلیپ 3,3,3,3,3,3,3,3,3,3,3,3,3,3,3,3,3,3,3,3,3,3,3,3
قابل 14,15,15,15,15,15,16,16,17,17,17,17,17,17,51
قابلیت 17
قادسیه 15,15,15
قالب 17
قانون 16
قایق 16
قبرس 15
قبول 51
قبیل 17,17
قبیلهٔ 3
قدرت 15,3,3,3
قدیم 16
قدیمی 15,17,50,50
قرابت 17
قرار 1,15,15,15,15,15,15,15,15,15,15,15,15,15,16,17,17,17,17,17,17,17,17,3,3,3,3,51,51
قرارداد 51,51,51,51,51,51
قراردادی 51
قرارگاه 15
قرون 16,17,17
قسمت 16,16
قطور 1
قلمداد 17
قلمرو 13,3
قلمروشان 3
قمارهای 15
قمری 15
قواعد 17
قوانین 17,17
قویاً 17
قیمت 3
لاله 15
لانگ 14,14
لانیکه 3
لحاظ 15
لرهای 15,15
لسترینج 16
لشکرکشی 3
لطفاً 51
لفظی 15,17
لندن 14,14
لوئیسا 15
لیتل 17
لیره 51
لیکن 15
مأخوذ 17
مؤثر 17,17
ماجراهای 15
مادر 3,51
مادهٔ 17
مادی 17,17
مارس 15,15,15
مافوق 3
ماندند 3
مانده 16
مانند 15,15,15,15,15,15,16,17,17,48
ماکریانی 3
ماکس 15
مایل 15
مایلی 15
مبتنی 17
مبدأ 17
مبدل 3,3
مبنای 17
متابعت 16
متافیزیکی 15
متحده 15,15,15,15,15,15
متداول 17,17
متزلزل 3
متشکل 17
متصل 14,15,16,17,51
متضاد 17
متعدد 50
متعلق 13,14,15,16,17,50
متعهد 3
متغیرهای 17,17
متفاوت 17,17
متفاوتی 17,17,17
متفکران 17
متقابل 17
متلاقی 17
متمرکز 15
متنی 17,17,17
متوسل 3
متوقف 15
متون 15,15,17,17
متونی 17,17
متین 50
مثلاً 17
مجازی 15,16
مجاور 15,15,15,15
مجبور 16
مجتمع 15,15
مجتهدي 50
مجدد 15
مجدداً 15
مجرای 15
مجزا 15
مجلس 51,51
مجموعه 17
مجموعهٔ 17,17,17
محاسبهٔ 17
محاصره 3
محافظت 1
محبوبی 50,50
محتوای 14,15,16,17,51
محتویات 14,15,16,17,51
محدود 15,17
محدودسازی 17
محدوده 17,51
محدودهٔ 16
محروم 48
محسن 17
محصور 1
محصولات 15,17
محفوظ 17
محلات 15
محلاتی 15
محلهٔ 15
محلی 15,15,15,15,15,15,15,15,16,16,16,18
محمد 13,15,15,50,50,50,50,50
محمدصادق 17
محمدکاظم 17
محمود 50,50
محکوم 17
محیطی 17
مختلف 16,17,17,17,17,17,48
مخزن 14,15,16,17,51
مخلوط 16
مداخلهٔ 3
مدارک 17,17,17
مداوم 16
مدتی 3,3
مدرسه 15,15
مدرسهٔ 3
مدرن 17
مدرنیته 50
مدرک 13,13,17,17
مدنیت 16
مدیریتی 15
مذاکره 51
مذهب 50,50
مذهبی 15,15,17,17,50
مذکور 15
مراحل 15,16
مرادی 50
مراسم 3
مراقبت 3
مراکز 15,15,15
مربع 15
مربوط 15,15,15,17,17,17,17,50
مربوطه 51
مربی 3
مربیان 3
مرتبط 17,17,51
مرتبه 15
مرتضی 16,17
مرحله 17
مرداد 15,15
مردم 15,15,15,15,15,15,16,17,17,17,17
مردمان 16,17,17
مردمش 15
مردمی 17
مرده 1
مرنو 15
مرکز 15,15,15,15,15,15,15,15,16
مرکزی 15,15,15
مرکزیت 15
مریسه 15
مزدورانی 3
مزرعهٔ 17
مسائل 15
مسابقات 14,15
مساحتی 1
مستطیل 1
مستقل 17,17
مستند 15,15,16,16
مستنصریه 15,15
مسجد 15
مسعر 50,50
مسلمانان 15
مسلمین 15
مسکونی 15,15,15
مسیر 17
مشابه 15,15,16,16,16,18
مشاهده 13,13,13,15,15,15,15,15,15,15,16,16,16,17,17,17,17,17
مشاهیر 50
مشترک 17
مشرف 1
مشرق 16
مشروط 17
مشروطه 50,50,50,50
مشروطیت 50
مشغول 15
مشهور 15,17
مشکل 17
مشکلات 15
مصائبی 15
مصدرش 17
مصری 17
مصریان 17
مطالعات 17
مطالعاتی 17,17,17
مطالعه 17,17,17,17,17,17,17
مطالعهٔ 17,17,17,17,17,17,17,17,17,17,17,17,17,17,17,17,17,17,17
مطرح 17
معادل 17,3
معاصر 15,15,17,17,50,50,50,50,50,50,50,50,50,50,50
معاصران 17
معامله 51
معبد 3,3,3
معتبر 16,16,17
معتقدند 15,15
معتمد 3
معرب 15,17
معرفت 17,17,17,17
معرفتی 17,17
معرفی 15,15,15
معروف 15,15
معطوف 17,17
معمار 15,15
معمول 17
معمولاً 17,17,17
معنا 15,15,17,17,17
معناست 17,17
معنای 15,17,17,17,17,17,17,17,3
معنایی 17
معنوی 17,17
معنی 15,15,15,17
معیت 3
مغلوب 3
مغول 50,50,50
مفاهیمی 17
مفرغ 16
مفهوم 17,17,17,17,17,17,17,17,17
مفهومی 17,17,17
مفید 17
مقاله 17,17,51,51
مقامات 15,51
مقاومت 3
مقبرهٔ 3
مقتول 13
مقدار 13
مقدر 3
مقدس 13,15,15,3
مقدسی 50
مقدونی 3,3
مقدونیه 3,3,3,3,3
مقرون 17
مقطع 15
مقوله 17,17
مقیاس 17
ملازمانش 3
ملاقات 14
ملوک 16
ممتد 16
مملکت 51
ممنوع 13,17,17,17
ممکن 15,3,51
منابع 16,16,17,17,17,17,17,17,17,17,17,17,3
منابعی 17
مناطق 13,15,15,15,15,15,15,15,16
منبع 18
منتخب 15
منتقل 15,15,15
منتی 16
منجم 50,50
منجمد 16
منحل 15
منزلگاه 15
منشأ 17
منشور 16
منصور 15,15
منطق 3
منطقه 15,15,15,15,15,15,16,16,16,3
منطقهٔ 15
منظری 17
منظور 15,15,17,17,17,17
منعقد 51
منقول 17,17
مهاجرت 15,17,50
مهاجمان 16
مهدی 50
مهرداد 15
مهرش 3
مهلهل 50
مهمتر 17
مهمی 17
مهیا 3
مواجب 48
موارد 16,17,17,17
موافقت 17
موالی 17
موجود 15,15,15,15,16,17
مورخ 16,17,17,17
مورخان 17,17,17,17,17
مورد 15,15,15,17,17,17,17,17,17,17,17,3,3,51,51
موردی 15
موزه 15,15
موسوی 17
موسی 15
موسیقی 15,15
موشکی 15
موضوع 17,17,17,17,17,17,17,48
موضوعات 17,17,17
موضوعی 17,17
موفق 17,3
موقت 15,15,15,15,15,15
موقتاً 3
موقعیت 15,3
موقعیتی 17,17
موّرخان 17
مکان 15,15,17,17,17,17,17
مکانی 17
مکتوب 17,17,17,17,17,17
میان 15,15,15,15,16,16,16,17,17,17
میانِ 16
میانگین 15
میخی 16
میراث 16
میرحسینی 17
میرزا 50,50,50
میزا 3
میزان 17
میلاد 16
میلادی 15,15,15,16,17,17
میلیارد 48
میلیون 15,15,15,15,48,51,51
میلیونی 15
ناامید 17
نابود 15
نابودی 15
ناتال 15
ناحیه 15,15,15,15,16
ناشر 15
ناشناخته 17,17
ناشی 17
ناظر 17,17,17,17
ناماور 15
نامش 16
نامه 16
نامگذاری 3
نامی 15
نامید 3
نامیده 15,15,15,16,17
ناهیدی 50,50
ناپذیر 17
ناکام 15
ناگشودنی 17
نبرد 3
نبود 17,3
نتایج 15,15,17
نتیجه 3
نجات 3
نخست 15,15,16
نخستین 13,13,13,13,13,13,13,13,15,15,15,16
ندارد 15,17,17
نداشت 17
نزاید 51
نزدیک 15,15,17
نزدیکی 15,15,15,15,15,3
نزولات 17
نسبی 15
نسخه 14,15,16,17,51
نسخهٔ 14
نسپارند 17
نشان 17,3,3,48,51
نشانده 15
نشانهٔ 3
نشانگر 15,15
نشانی 14,15,16,17,51,51
نشده 17,51
نظارت 1
نظافت 48
نظام 16
نظامی 15,17,17,17,3,3
نظری 17,17,17
نظریه 17,17
نظیر 17,17
نفتی 15
نفره 15,15,15
نفری 15,15
نفوذی 15,15
نقاشی 15,15
نقاط 15,17
نقشه 15
نمادی 15,15
نماید 15
نمایش 15,3
نماینده 15
نمایندگان 15,15,15,15
نمایندگانی 15,15,15,3
نمایندگی 15
نمود 15,16,17,17
نموده 15,15
نمونه 17,17
نهاده 15
نهایت 3,3
نهایتاً 15,15
نهایی 15
نهضت 15
نواحی 15,15,15,15,15
نواختن 3
نوار 14,15,16,17,51
نوامبر 14,14
نوجوانی 3
نوری 50
نوزدهم 17
نوسازی 15
نوسنگی 1,1
نوشتاری 17
نوشتن 17,17,3
نوشته 14,15,17,17,17,17
نوشتۀ 15
نوعی 17
نویسنده 50
نویسندگان 16,3
نویسندگانی 17
نوینی 16
نِرسه 16
نژاد 15,17,17,50
نژادهای 17
نگار 50
نگارش 17,17
نگاشته 17
نگاه 17
نگاهی 17
نگران 3
نگهداری 48
نیاارمنی 16
نیابت 3
نیازمند 1,16,16
نیرومند 16
نیروهای 15,15,15,15,15,15
نیروی 15,15,15
نیسان 15
نیست 14,15,16,16,17,17,17,51
نیستند 17
نیمه 3
نیکول 15
هائی 15,15,15
هادی 17
هارون 15
هجری 15
هجوم 3
هخامنشی 13,13,13,13,13
هخامنشیان 13
هدایت 50
هرآنچه 17,17
هردو 15
هرمزان 17
هرمنوتیک 17
هرچند 14,15,16,17,17,17,51
هرکس 17
هریک 16
هزار 1,15
هزاران 15
هزارمایل 51
هستند 15,48
هستی 17
هفتم 13,13,15,50,50,50
هفده 14
هلاکوخان 15
هلسپونت 13
همان 15,15,15,15,16,16,16,3
همانجا 14
همانند 17,3
همدان 15
همراه 13,13,14,15,15,15,15,16,16,16,16,16,16,18,3,3,3
همسایه 15,15
همسایگان 15,15,15
همسر 14
همفکری 15
همهٔ 14,14,15,15,16,16,17,17,17,51,51
همواره 16,3,3
همچنان 3,48,51
همچنین 15,15,15,15,15,17,17,3,48,51
همچون 17,17,3
همگی 15
همین 14,15,15,16,16,16,17,17,17,17,17,17,3,51
هندی 50
هنرمندان 15
هنرهای 15,15,15,15,15,15,15,15
هنرپیشه 15
هنری 15,15,15,17,17,17,17,17,17
هنوز 17
هنگام 15,15,3
هنگامی 14,3
هوار 51
هوایی 15,15,15,17
هورنسی 14,14
هوشنگ 13,50
هویت 15
هکتاری 1
هیئت 17
هیتلر 14,14,14
هیجدهم 17,17
هیچگاه 15
وابسته 17
واحدهایی 15
وادار 51
وارث 3,3
وارد 14,14,14,15,15,15,15,15,16,16,16,16,17,17,17,51,51,51
واردات 15
واسطهٔ 17
واضح 1
واعظ 50
واقع 15,15,15,17,17,17,17
واقعهٔ 17
واقعی 15,17
واقعیت 15
واقعیتِ 17
وانمود 3
واژه 15,15,15,15,15,15,15,16,17,17
واژهٔ 16,17,17,17,17,17,17,17,17
واژگان 17,17,51
واکاوی 17
واکنش 3
وجود 1,13,13,13,13,13,13,13,13,13,13,13,13,13,13,13,13,13,15,15,15,15,15,15,15,15,15,15,15,15,15,15,15,15,15,15,15,15,15,15,15,15,15,15,15,15,15,15,15,15,15,15,15,15,15,15,15,15,15,15,15,15,15,15,15,15,15,15,15,15,15,15,15,15,15,15,15,15,15,15,15,15,15,15,15,15,15,15,15,15,15,15,15,15,15,15,15,15,15,15,15,15,15,15,16,16,16,16,16,16,16,16,16,16,16,17,17,17,17,17,17,17,17,17,17,17,17,17,17,17,17,17,17,17,17,17,17,17,17,17,17,17,17,17,17,17,17,17,17,17,17,17,17,17,17,17,17,17,17,17,17,17,17,17,17,17,17,17,3,3,3,50,50,50,50,50,50,50,50,50,50,50,50,50,50,50,50,50,50,50,50,50,51,51,51
وجوه 17
ورزشگاه 15
ورود 15
وسیعی 15,3
وسیله 16,17
وصلت 3
وضعیت 48
وضعیّت 15
وظایف 15,48
وظایفی 17
وظیفه 15,15,15,17
وظیفهٔ 17
وقایع 17,17,17,17,17,17,17,17,17,17,17,17
وقتی 3
وقوع 17,17
وكيلي 50
ولتر 17,17
ونقل 15
وَناط 16
ویران 15,3
ویرایش 13,13,13,13,14,15,15,15,15,15,15,15,15,16,16,16,16,17,17,17,17,17,50
ویلیام 14,17
ویژه 14,15,16,17,17,17,50,50,51
ویژهٔ 17
ویکی 14,15,16,17,51
پاتریک 14
پاتسی 16
پادشاه 13,16
پادشاهان 13,13,13,13,13,13,13,13,15,15
پادشاهی 13,15,15,15
پادگان 3
پارامترهای 13,13
پارس 16
پارسا 50
پارسادوست 50
پارسه 13
پارسی 15
پاسارگاد 13
پاسخ 15,17,17
پایان 15,15,15,17,51
پایتخت 15,15,15,15,15,15,15,16
پایتختی 15,15
پایدار 14,15,16,17,51
پایندگی 17
پایه 13,13,15,15,15
پایهٔ 15
پایین 15,48
پدرش 14,3
پدید 17
پذیر 15
پذیرفتن 17
پرانتز 16
پراکنده 16
پرتو 17
پرداخت 51
پرستاری 3
پرستیده 16,16
پروردگار 15
پرورش 17,17,48
پروژه 15
پسرش 3
پشتیبانی 15,17
پلوتارک 3
پلکانی 1
پنجم 50,50,50
پهلوانی 16
پهلوی 16
پژواک 17
پژوهش 13,17,17,17,17
پژوهشکدهٔ 17
پژوهشگرانی 17
پیام 15,15,51
پیدا 15,3
پیدایش 15,15,15,16
پیرامون 14,14,14,15,15,15,15,15,16,16,16,17,17,17,51,51,51
پیرو 15
پیروان 15
پیروزی 3
پیروی 15
پیری 3
پیشامدهای 17
پیشرفت 17
پیشروی 17,3,3,3
پیشنهاد 17,17,3,3,3
پیشین 14,15,15,16,17,17,51
پیشینه 15
پیوست 15
پیوستند 3
پیوستگی 16,3
پیوند 1,14,14,14,14,15,15,15,15,15,16,16,16,16,16,17,17,17,17,17,17,18,51,51,51,51
پیوندهای 14,15,16,17
چالش 17
چخماق 16
چشمانی 3
چشمهٔ 1
چشمگیر 15
چشمگیری 17
چنین 16,3,51
چهار 15
چهاردهم 51,51,51
چهارم 50,50
چهرهٔ 3
چگونگی 14,15,16,17,17,17,51
چیزی 16,17,17
چیست 17,17
ژانویه 15
ژانویهٔ 15,50
ژوئن 15,15
ژوئیهٔ 14
کارآزمودهٔ 3
کاربرد 15,17,17
کاربری 14,14,15,15,15,16,16,17,17,51,51
کارنامه 51
کارهای 17,48,48
کارهایی 17
کاروانی 15,15,15,15
کارگری 50
کاریکاتور 15,15
کاشانی 50,50,50
کاظم 50
کاظمین 15,15
کاظمیه 15
کافی 17
کالا 16
کامل 15
کاملاً 17
کاندیداهای 15
کاهش 15,15,15,48,51
کاوش 17
کبرا 15
کبیر 13
کتاب 13,13,15,15,16,17,17,17,17,3
کتابخانه 15,15,16,16
کدام 17
کدامیک 17
کرانه 15,15
کربلایی 50
کردار 17,17
کردستان 15
کردن 14,15,16,17,17,17,3,51
کردند 15,17,17,3,3,3
کرده 15,15,15,16,3,3,3,3
کردهای 15
کردگان 15,15
کرمانی 50
کسانی 3
کشانده 15
کشاورزان 17
کشاورزی 17
کشتار 15,15
کشته 15,15
کشور 15,15,15,16,16,16,17
کشورهای 15,15,15,15,15,16
کشیده 17
کفاف 3
کلئوپاترا 3
کلاغ 17
کلمه 16,17
کلید 16
کلیهٔ 17,17
کم 17
کمیاب 16
کنار 15,15,15,15
کناری 14,15,16,17,51
کنترل 15,15,15,15,15,16
کنجکاوی 17
کنفرانس 15
کنند 17,17,3
کنندگان 15
کنید 16
کنیم 17
کوتاه 3
کودک 15
کودکان 48,48
کودکانی 48
کورش 13
کوروش 13,13,13,16
کوهستانی 50
کوچک 15,16,3
کوچکی 15,3
کیلومتر 15,16
گئومات 13,13,13
گازی 15
گاهواره 16
گاهی 17,17
گذاران 50
گذارده 15
گذشت 15,15,17,17
گذشته 15,16,17,17,17,17,17,17,17,17,17,17,17,17,17,17,17,17,17,17,17
گذشتهٔ 17,17,17,17,17
گذشتگان 17
گرافیک 15
گران 15
گرایانه 15
گردید 15
گردیدند 15
گردیده 15,15,15,15,17
گرفت 15,3
گرفتن 15,3
گرفتند 15,3
گرفته 15,15,15,15,15,17,17,3,3,3
گروهی 15,17,3
گرچه 14,15,16,17,51
گزارشی 15
گزافی 3
گزیده 15
گزینش 15
گسترده 15
گسترش 16,17,17,17
گستره 15,15,15,15
گشایش 15
گشته 15
گفتاوردهای 15
گفتمان 17
گفته 15,15,17,17,17,17,3,3,3
گفتگوی 14,51
گلپایگانی 50
گمشده 13
گندی 15,15
گهوارهٔ 16
گوتیک 15
گودآ 16
گوناگون 15,16,17,17
گوناگونی 17,17
گونه 15
گونهٔ 17
گوهربار 15
گویی 3
گیرد 17
گیرند 17
گیرودار 3
گیزس 17
یادبود 15,15
یادکرد 14,15,16,17,51
یارسان 15
یازدهم 50,50
یافت 51
یافته 15,15,16
یرموک 15
یزدگرد 15,15,15,15,15
یزدی 50
یعنی 15,15,15,15,15,15,15,17,17,17,17
یهودی 15,15,15,15
یهودیان 15,15,15
یورش 15,3
یوسفدهی 50
یونان 15,15,3,3
یونانی 13,16,16,3,3,3,3
یونانیان 15,3
یکدیگر 3
یکسان 13,13
