آئین 23
آباد 22
آبادانی 22
آبادی 21
آبیاری 22
آتالوس 3,3,3,3,3,3
آثار 19,45,45,51,51
آخرین 20
آدمی 22
آدمیت 22,22,22
آذربایجان 21,21,21,21,21,21,21,21,21,21,21,21,21,21
آذربایجانِ 21
آذرماه 21
آذری 21,21
آرامش 44
آرشیو 20
آرگومان 44,44
آریدایوس 3,3
آزادی 19,19,21,22
آزار 21
آسانتر 1
آسمان 45
آسیا 3,3,3
آسیایی 19,51,51
آشفته 19,19
آشنا 20,20,20,22,22
آشنایی 22
آشوب 22
آشپزی 1
آشکار 21
آغاز 21,22,3
آقاخان 22,22
آقاسی 22,22,22,22,22,22,22,22,22,22,22,22,22,22
آلمان 19,20,20,51,51,51
آماده 21
آمادگی 21
آمدند 44,44
آمده 19,21,3
آمریکا 19,19,21,21,21
آمفیکتوئونی 3
آموزش 21
آمیز 21
آنان 21,22,22,22,22,3
آنجا 19,22,22,3,3
آنجایی 21
آنچه 45
آنکه 3
آنگولا 21
آوازه 21
آورد 21
آوردن 21
آوریل 20,21
آوریم 21
آویخته 21
آکادمی 20,20,20,20,20,20,20,20
آگوست 21,21,21,21
آیتم 18,19,20,21,22,23,24,44,45
ائوروپا 3
ابتدا 21,21,22
ابداع 1
ابراهیم 21,22
ابزار 21
ابوالقاسم 19,21,21,22,22
اتاق 1
اتباعشان 22
اتحاد 20,20,20,20,21,21,21,21,21
اتحادیه 21,21
اتمام 22
اتون 20
اتیوپی 21
اجباری 18,19,20,21,22,23,24,44,45
اجتماع 22
اجتماعی 20,22
اجماعی 21
اجنبی 21
احترام 21
احتمال 3
احتمالاً 19,3,3
احدی 22
احزاب 21
احمدیه 23,23
احیای 21,21,21,21
اختصاص 21
اختلافات 21
اختیار 3
اختیاری 18,19,20,21,22,23,24,44,45
اخراجی 19,19
اخلاصی 22
اخیر 18,18,19,19,20,20,21,21,22,22,23,23,24,24,44,44,45,45
ادامه 20,22,3,44
ادامهٔ 20
ادعا 19
ادعایی 21
ادینبورو 20
ارائه 20,21
ارابه 45
اراذل 19
ارتباط 19,20,20,21,21,22,22
ارتداد 21
ارتش 19,19,19,19,20,20,21,21,21,21,21,21,21,21,21,21,21,21,21,21,3,3,3,51,51,51,51,51
ارتفاعات 3
ارجاع 22,22,22
ارجاعات 19
ارجاعی 21,21,21
اردلان 21,21
اردیبهشت 21
ارزیابی 22,22
ارشد 22
ارلاخ 45
ارمنستان 22
ارنست 20
ارومیه 21
اروپا 3,44,44
اروپای 24
اروپایی 44
اروپاییان 22
ارگان 20
ازدواج 20,3,3,3
اساس 20,21
استادش 22
استالین 21,21
استان 18,18,18,21,21,21,23,23,44
استاندارد 18,21,21
استدعا 21
استفاده 1,18,19,20,20,21,21,21,21,21,22,22,22,22,23,24,3,3,3,44,45
استقرار 21
استقلال 21,22,22
استنباط 21
استوارت 22
اسرائیل 23,23,23,23,23,23,23
اسرائیلی 23,23
اسفند 19,19,19,19,19,22,51,51,51,51
اسلام 22
اسلحه 21
اسناد 19,19,19,19,21,21,51,51,51,51,51,51
اسنادِ 21
اسپانیا 44,44
اسپرینگ 20
اسکات 20
اسکندر 3,3,3,3,3,3,3,3,3,3,3,3,3,3,3,3,3,3,3,3,3,3,3,3,3,3,3,3,3,3,3,3,3,3,3,3,3,3
اسکندریه 45
اشاره 23,45
اشرار 21
اشراف 3
اشرافی 20
اشرف 19,51
اشغال 21,21,21,21,21,3
اشغالِ 21
اشنویه 21
اصرار 21
اصلاح 22,22
اصلاً 22,45
اصلی 18,19,19,20,20,20,21,21,21,22,23,23,24,44,45
اصولاً 22
اطاعت 21
اطراف 21,21,21,23
اطلاع 19,19
اطلاعات 18,19,20,20,21,21,21,21,21,22,23,24,44,45
اطلاعاتی 19
اطلاق 45
اظهار 21,3
اظهارات 21
اعتباری 19,51,51,51
اعتقاد 22
اعجاز 45
اعدام 21,21,21,21,3
اعزام 21
اعضای 20,21,22
اعطای 21
اعظم 22
اعظمی 21
اعلام 21,21,21,21,21,21,21,21
اعمال 21,21
افتاد 22
افتخاری 20,20,20
افتراء 21
افراد 45
افرادی 19
افسر 21
افسران 19,19,19
افول 21
اقامت 3
اقبال 21
اقدامات 21
اقسام 22
اقوام 24,24
التفات 22
الجزایر 18,18,18,18,18,18,18,18,18,18,18
الجزيرة 44
الجزيره 44
الحمدالله 22
الحمید 18
الدنيا 45
الدین 21
العربية 18
الله 21
المكتبة 18
المپیاس 3,3,3,3,3
المپیک 19,21,21,51,51
الکیفان 18
الگو 1,18,18,18,19,19,19,20,20,21,21,21,21,21,21,22,23,23,23,23,44,44,51,51,51,54,54,54
الگوهای 21,21
الگوی 18,21,21,21
امام 54,54
امان 3
امتیاز 21,22
امتیازات 21
امروزه 45
امروزی 22
امری 21
امریکا 21
امضای 21,21
املاک 19,51,51
امنیت 22
اموال 21
امور 21
امپراتوری 18,18,18,44
امپریالیسم 21
امکان 18,19,20,21,22,23,24,45
امکانات 23
امیدوار 21
امیراسعد 21
امیرکبیر 22,22
انتخاب 20,21,21,22,3,3,45
انتخابات 20,20
انتشار 21
انتشارات 22,22,22,22
انتصار 21
انتقاد 22
انتقال 19,22,51,51
انجام 1,18,19,19,19,20,21,21,21,21,21,22,23,24,3,45
انجمن 20,20
انحلال 19,21
انداز 21
اندازهٔ 20
اندکی 22,3,45
اندیشه 20
اندیشی 22
اندیشیده 1
انسان 20,45
انسانی 20
انعکاس 21
انقلاب 19,51
انقلابی 21
انهدام 21
انواع 22,22
انگلستان 22
انگلیس 22
انگلیسی 20,20
اهالی 21,21,21,22,3,3
اهانت 3
اهراس 18,18
اهلِ 21
اهمیت 21
اواخر 21,24
اوباش 19
اوسا 3
اولیای 21
اولین 20,20,20,23,45,45
اولیه 22
اُبهت 45
اِشکال 23
اکتبر 44
اکثر 20
اکسیژن 20,20,20
اگرچه 3
ایالات 21,21,21
ایالتی 19,51,51
ایبری 44,44,44,44,44,44
ایجاد 1,21,21,21,21,21,21,21
ایران 19,19,19,19,19,19,19,19,19,19,19,19,21,21,21,21,21,21,21,21,21,21,21,21,21,21,21,21,21,21,21,21,21,21,21,21,21,21,21,21,21,21,21,21,21,21,21,21,21,22,22,22,22,22,22,22,22,22,22,22,22,22,22,22,3,3,51,51,51,51,51,51,51,51,51,51,51,51
ایرانی 22,23,3
ایرانیان 22
ایروان 22,22,22
ایزو 21,21,21
ایشان 19,22
ایلام 21,21
ایلخانی 21,21
ایلی 21
ایلیریا 3,3
ایمن 3
اینان 22
اینکه 19,22,22,22
بابا 21
باباشیخ 21,21
بابت 3
باخبر 3,3
باخت 45
باختری 23
بارزانی 21,21
بارگاه 22
بازداشت 21
بازنشسته 19
بازگشت 21,22
بازیهای 21
بازیگری 3
باستان 45
باستانی 23,24
باشد 21,21
باشند 21
باعث 19,21,21,22
باقرف 21
باقروند 21
باقی 45
بالا 21,45
بامبول 22
بانه 21,21
باورند 44
باکو 21,21
باید 1,20,21,22
بایگانی 20
ببرند 44
ببینید 3
بتازد 3
بتوانند 21
بحرانی 21
بخشی 21
بدان 21
بدایع 22
بدست 21
بدمستی 3
بدهند 21
بدهکار 22
بدون 19,19,21,21,21,21,24
بدگویی 22
بدین 21
برآوردند 22
برابر 1,21,21,22,22,3,3
برادر 19,19,21,21,21,3,3,3
برادرش 21,22
برافراشته 21
برانگیخت 3
برای 1,1,18,18,19,19,19,19,19,19,19,20,20,20,20,20,20,21,21,21,21,21,21,21,21,21,21,21,21,21,22,22,22,22,22,23,23,24,3,3,3,3,3,3,3,44,44,44,45,45,45,51,51
برتر 45
برتری 44
برتون 20
برخاستند 3
برخورد 22
برخوردار 21,22
برخی 18,21,21,21,21,21,21
برداشت 22
برداشتن 3
بررسی 18,21,22
برزیل 21
برشمرده 21
برعهده 23
برعکس 22
برقرار 21,22
برمه 21
برهنه 21,21
برود 3,3
برچسب 21
برگردد 19
برگزار 21
برگشت 21
برگهای 22
برگوس 20
بریتانیا 19,20,20,20,21,23
بریتانیای 20,20
بریتانیایی 20,21
بریده 22
بزرگ 1,18,21,21,21,22,22,23,44,45,45
بزرگان 22
بسازید 18,19,20,21,22,23,24,45
بساط 22
بسیار 20,21,22,22,3,3,3,45
بسیاری 20,21,23,3,3
بطلمیوس 3
بعضی 45
بفرستد 21
بلعباس 18,18
بلند 3,3
بناهای 1,45,45
بندانگشتی 21,21,21
بندری 23,23,23
بندهای 21
بندگان 21
بنیاد 44,44
بنین 21
بهائی 23,23
بهائیان 23
بهار 3
بهایی 23
بهبود 23
بهتر 21
بهتری 3
بهمن 19,21,21,21,21,51,51
بودم 22
بودن 20,21,21,21,45
بودند 19,21,21,21,21,21,21,22,24,24,3,3,44,44
بوده 22,22,3,45
بوکان 21,21,21
بکنند 22
بگوید 3
بگیرد 22
بیات 22
بیاتی 22,22
بیان 22
بیانیه 21
بیداد 22
بیدادگران 21
بیروت 18
بیرون 22
بیست 3
بیشتر 18,18,19,19,20,20,20,21,21,21,21,22,22,22,22,23,23,24,3,44,44,45
بیضاء 18
بیگانگان 22,22
بیگی 21
تأثیرگذار 22
تأسیس 21,21
تأکید 21
تأیید 3
تابستانی 21,21
تابع 44
تاریخ 19,19,21,21,21,21,22,22,23,45,45,45,51
تاریخچه 45
تاریخی 1,18,18,18,22,22,23,23,24,3,44,44,45,45
تاسوعا 19,51,51
تالمات 19
تایید 21
تبار 44
تبدیل 21,21
تبریز 21,21,21,22,22,22
تبعید 22,3
تبلیغ 21
تبیین 3
تجاری 18,19,20,21,22,23,44
تجاوز 21
تجزیه 21,21,21
تجمیع 22,22
تحصیل 20,20,22
تحصیلات 22
تحصیلاتش 22
تحقیق 22
تحویل 3
تحکیم 3
تخلص 22
تدبیر 22
تذکر 22
ترابری 23
تراکیان 3
تراکیایی 3
تربیت 22,22
ترجمه 19,51,51,51
ترجمۀ 21
ترسیم 3
ترغیب 21
ترموپیل 3
ترور 21
ترومن 21,21,21
ترویج 3
ترکمنچای 22,22
ترکی 21,24
ترگه 21
تسالوس 3
تسالی 3,3,3
تسخیر 44
تسلیحاتی 21
تسلیم 3
تشکیل 21,21,21,21
تشکیلات 21
تصادفی 18,19,20,21,22,23,24,44,45
تصاویر 18,19,20,21,21,21,21,22,23,24,44,45
تصرف 21
تصویب 21
تظاهراتی 19
تظلمی 22
تعالی 22
تعجب 22,22
تعداد 21,45
تعدادی 19,21,45
تعدی 22
تعدیل 3
تعلیم 3
تغییرات 18,19,20,21,22,23,24,44,45
تفسیر 54
تقاضا 21
تقاضای 3
تقریباً 21,45
تقلید 54
تقویت 21,21
تقویم 21
تلفن 18,19,20,21,22,23,44
تلقین 3
تلمسان 18,18,18
تلویزیون 19,51,51
تلگراف 21
تلگرافخانه 19,51,51
تلگرافی 21
تمام 20,21,21,45
تمامی 21,3
تمایلش 3
تمجید 22
تمدن 19,19,44,51,51,51
تمهیداتی 1
تندخو 22
تنها 19,21,21,21,21,3,45
تهدید 21,21
تهدیدهایی 21
تهران 21,21,22,22,22
تهیه 45,45
توان 21
تواند 21
توانستند 22,44
توجه 22,45
توجیهی 21
توده 19,21,21,22
توسط 19,19,21,21,21,21,22,22,23,23,23,3,3,44,45,51,51
توصیف 20
توصیه 3
توضیح 21
توطئه 19,19,21
توطئه_قتل_مصدق 19
توقف 3
تولدش 22
توهین 3
تووا 21
تْلَمْسانْ 18
تکاب 21
تکامل 20
تکرار 21
تکمیل 21,45
تیلکو 21,21
ثانیاً 22
جادویی 21,21,21
جاسوسی 19
جامع 21,22
جان_هالدین 20
جانب 3
جانبه 22
جانشینی 3
جانواران 20
جاویدان 19,51,51
جاکوب 20
جایش 3,3
جایگزینی 19,21,51,51
جبران 44
جبهه 21
جداشدگان 24
جدایی 20,22
جدید 1,3
جدیدی 20
جرأت 22
جریان 20,21,3,44
جزئیات 18,19,20,21,22,23,44
جزایر 19,51,51
جزیره 44,44,44,44
جستارهای 19
جستجو 21
جعبه 18,20,20,20,21,21,21,21,21,22,22,23,23
جغرافیایی 23
جلال 51
جلالت 22
جلوگیری 21
جلوی 19
جماعت 22
جماهیر 21,21,21,21,21,21,21,21,21
جمعه 22
جمعیت 21,21,21,21
جمعیتی 20
جمله 19,21,21,21,45
جمهوری 20,21,21,21,21,21,21,21,21,21,21,21,21,21,21,21,21,21,21,21,21,21,21,21,21,21,21,21,21,21,21,21,21,44
جمهوری_مهاباد 21
جمیع 22
جناب 22,22
جناحین 3
جنایتکارانه 21
جنبش 21,21
جنوب 21,3,3,44,44,44
جنگجو 21
جنگی 3
جهان 21,22,23,45,54
جهانی 19,19,20,20,20,20,21,21,23,23,23,23,23,23,23,23,45,51,51
جواب 3
جوان 22
حاجی 21,21,22,22,22,22,22,22,22,22,22,22,22,22
حاجی_میرزا_آقاسی 22
حاصل 3
حاضر 20
حالت 3
حالی 21,3,3
حامی 21
حاوی 21,21,21
حاکی 3
حجاب 19,21,51,51
حدود 44,45
حرامزاده 3
حرکت 21,23,3,3
حرکتش 3
حساب 18,18,19,19,19,20,20,21,21,22,22,22,23,23,23,24,24,24,44,45,45
حسین 22
حضرات 22
حضور 19,19,21
حفید 21
حقانی 22
حقوقی 54
حلقه 21
حمایت 19,19,19,19,21,21,21,21,21,21,21,21,22,51,51,51,51,51,51,51,51
حمایتِ 21
حمایل 22
حمله 19,19,21,21,22,3
حمید 19
حوزه 21,44,44,44,44
حوصلهٔ 22
حکام 22
حکایتی 3
حکمران 3
حکومت 19,19,19,21,21,21,21,21,21,21,21,21,22,22,22,51,51,51,51,51,51
حکومتش 22
حیات 3
حیفا 23,23,23,23,23,23,23,23,23,23,23,23,23,23,23,23,23
حیوانات 20
خائن 22
خاتمی 19,51
خارج 19,19,19,21,21,21,21,21
خارجه 23
خارجی 20,20,20,20,20,20
خاصه 22
خاصی 21
خاطر 1,21,3,3
خاطرات 19,19,22,22
خاطرجمع 3
خالی 21
خاندان 19,21,22
خانه 1,19,22,54
خانواده 21,21,22
خانوادگی 21
خانوار 21,22
خاورمیانه 21,23
خداحافظی 19,19
خدایان 1,3,3
خدمات 19,51,51
خدمت 20
خروج 21,21
خصوص 18,19,20,21,22,23,24,44,45
خصوصاً 21
خصومت 3
خطاب 21
خطرناک 3
خطوط 20
خلاف 22
خلیل 21
خمینی 19,51,51
خنثی 21
خواب 19,3
خوارزمی 22
خواست 3,3,3,3
خواستار 21
خواسته 21
خوانده 21
خواهان 21
خواهد 21
خواهند 21,21,22
خوبی 21
خودش 20,21,21,22,3,3
خودمختار 21,21,21,21,21,21,21,21,21,21,21,21
خورانده 3
خورد 3
خوردن 21
خورشید 19,3,45,51,51
خورشیدی 21,22
خوشحال 22
خونی 21
خیریه 19,51,51,51
داخل 18,18
داخلی 22
دادن 3
دادند 1,3
داده 18,19,20,21,22,22,23,24,44,45,45
دارالخلافه 22
دارای 18,18,18,18,19,19,20,20,20,20,20,21,21,21,21,21,21,21,21,21,21,21,22,22,23,23,23,23,23,23,23,24,24,44,44
دارد 18,18,19,20,20,21,22,22,22,23,24,3,44,44,45
دارند 19,3
داستان 22
داستانی 20,20
داشت 20,20,21,21,21,21,21,21,22,22
داشتم 22,3
داشتند 21
داشته 21,21
دامنه 23,23
دانا 22
دانش 20,20
دانشمند 20
دانشمندان 20,20
دانشنامهٔ 18,19,19,20,20,21,21,21,22,22,23,23,24,24,44,45,45
دانشگاه 19,19,22,23,23,23,51,51,51,51
دانشگاهی 18,20,20,20,20,20
داور 19,51,51
داوری 19
دخالت 21
دختر 3,3
دختران 19,51,51
دخترش 3,3,3
درآورد 3
دربار 19,19,19
دربارهٔ 18,18,18,18,19,19,19,20,20,21,21,21,21,22,22,22,22,22,22,23,23,23,23,24,3,44,44,45,45,45,45,51,51,54,54
درباری 3
دربکی 21
درخواست 19,21,21
درهای 1
درون 3
درویشان 22,22
درویشی 22
درگاه 3,3
درگذشته 22
درگیر 44
دریافت 20,21
دریای 3,44,44,44,44
دریایی 45
دریغ 21
دسامبر 20,20,21,21,23
دستخطی 22
دسترس 18,19,20,21,22,23,44
دسته 21
دستور 21,21,21,3,3,3,3,3
دستپاچگی 3
دستگاه 22
دستگیر 21
دستگیری 21,21
دستیابی 3
دشمن 3
دشمنان 21
دشمنی 22,22
دشوار 22
دعوت 18,19,20,21,21,21,21,21,22,23,24,45
دفاعی 1
دفلی 18,18
دلگرم 22
دلیل 21,21,21,22,3,45,45
دلیلی 22
دماوند 22,22
دموکرات 19,21,21,21,21,21,21,21,21,21,21,21,21,21
دموکراتیک 21,21,21,21
دموکراسی 19
دنیا 20,45
دهبوکری 21
دههٔ 20
دوازدهم 23,23,23
دوام 21
دوباره 3
دودمان 19,19,19,51,51,51,51,51,51,51
دوران 1,19,19,19,20,22,22,22,45,45,51,51,51,51,51,51
دوره 19,22,22,22,51,51,51
دوری 3
دوست 3
دوستان 21,3,3,3
دوستانه 21
دوستی 22
دولت 19,21,21,21,21,21,21,21,21,21,21,21,21,21,21,22,22,22,22,22,22,22,22,22,51,51
دولتمردان 22
دولتهای 21
دولتی 21,21,21
دوهزار 21
دویشان 3
دچار 22
دژهای 23,23
دکتر 19,19,19,21,22,22
دکتری 20
دکور 1
دگراندیشان 23
دیدار 21,21,21,3
دیدند 3
دیده 21,3
دیدگاهی 22
دینی 19,19,51,51,51
دیوار 45
دیوارهایش 23
دیوژن 3,3,3,3
دیپلماسی 3
دیپلوماسی 22
دیگر 18,18,18,18,19,19,20,20,21,21,21,21,21,21,21,21,21,22,22,22,22,23,23,23,23,23,23,24,24,3,44,44,44,44,44,45,45,45
دیگری 19,21,21,21,45
ذهنی 3
ذیقعده 22
ذیقعدهٔ 22
رئیس 21
رابطه 20,21,21,22,22,22,22
راجع 22
رادیو 19,21,21,23,23,51,51
راست 45
راسل 20
رانده 44
راهزنان 22
راهی 22,22
راهیابی 22
رحیمی 19
رذایلی 3
رساله 22
رساندن 19
رسماً 20
رسمی 21,23
رسید 3
رسیدن 3
رشید 21,21,21,21
رضاشاه 19,51,51
رعیت 22
رفتار 21
رفته 19,19,22,22,22
رفیق 20
رقابت 21
رقبای 3
رمان 20
رمانس 3
رهبر 21,21,3
رهبران 21
روابط 19,21,22,51,51,51
رواج 22
روانه 21
روحانیان 22,22
روحانیت 22
روحانیون 19,22,22
روحت 19,51
روده 20,20
روزانه 20
روزنامه 21,22
روزنامهٔ 20
روستاهای 23
روسیه 21,22,22,22
روشنفکران 20
رومی 44
رومیان 44
رونق 22
رویدادهای 18,19,20,21,22,23,24,44,45
ریاست 19,51,51
ریشه 3
ریلی 23
زبان 18,20,20,20,21,21,21,21,21,21,23,23,23,23,3
زلاندنو 21
زمان 20,21,21,21,21,22,22,22,22,3,3,3,45
زمانی 21,45
زمستان 21
زمین 3
زمینه 18
زمینهٔ 20
زنجیر 3
زندان 21
زندانی 21
زنده 3,3,3
زندگی 23,3
زهری 3
زیاد 3
زیادی 21,21,44,44
زیردستان 22
زیرسلطه 21
زیرکانه 1
سابق 21,21,21
ساخت 1,18,19,20,21,22,23,24,44,45
ساختمان 1,21
ساخته 1,21
سادگی 3
سارتیژ 22
سازمان 18,19,20,21,22,23,44
سازماندهی 21
ساعت 18,19,20,21,21,22,23,44
ساقط 21
سالم 45
ساله 19,21,22,51,51
سالگی 22
سامانه 18,18,18,19,19,19,20,20,20,21,21,21,22,22,22,23,23,23,24,24,24,44,45,45,45
ساندرسون 20
ساکت 22
ساکن 21,22,22,22
ساکنان 1
سایت 23
سایر 20,21,21,21,22,3
ساییده 45
ستاد 19,19,21,51,51
ستایش 22
سختی 21
سراسری 19,51,51
سران 21,21,21,21,21,21
سرانجام 22
سرباز 3
سربازانش 3
سردار 19,21,22,51,51
سردستهٔ 3
سردشت 21
سرزمین 24,44
سرسبز 22
سرشناسان 21
سرطان 20,20
سرعت 22
سرلشکر 21
سرنگون 21
سرنگونی 44
سرّی 21
سرکوب 3,3,44
سطحِ 21
سطوح 1
سعده 18
سفارت 22
سفرا 22
سفید 19,51,51
سفیر 19,22
سقوط 21,21,21,21,21
سلامت 22
سلطان 22
سلطنت 3
سلطنتش 3
سلیم 54
سمتی 21
سنتی 22
سنندج 21,21
سهیم 21
سوابق 21
سوار 3
سوزاندن 3
سوسیالسم 21
سوسیالیست 20,21,21,21
سوسیالیستی 21,21,21,21,21,21,21
سوسیالیسم 21,21
سویی 21
سپاه 3,3,3
سپاهش 3,3
سپاهیان 3
سپتامبر 22,22,23,23
سیاست 21,22
سیاسی 19,20,20,22,22,22,22,3,51,51
سیاه 20
سیستم 20
سینما 19,51,51
شارلوت 20
شاعر 22
شامل 1,21,45
شاهان 19,51,51
شاهزاده 22,22
شاهزادهٔ 3
شاهزادگان 3
شاهنشاهی 19,19,19,19,19,51,51,51,51,51,51,51,51,51
شاهکارهای 45
شاپور 19,19,51,51,51
شاید 3
شبکه 22,23
شخصیت 20,21
شدند 21,21,21,21,3,44
شدید 20
شدیداً 3
شرارت 21
شرایط 21
شرقی 23,24
شرور 21
شروع 21,21,3,45
شرکت 19,20,20,23,3
شعری 45
شفیع 22,22
شفیق 19,51,51
شماتت 3
شمار 21
شمارۀ 21
شمال 21,21,21,21,21,21,21,21,23,23,24,3,3
شمشیر 3
شمیران 22
شناسه 20
شنبه 21
شنیدن 3
شهادت 21
شهبانو 19,51,51
شهرت 23,23
شهرهای 18,21,21,21,23,23,23
شهری 18,21,21,23,23,44
شهریور 21,21,21
شوارتسکف 19
شواهد 45
شورای 19,19,20,21
شورایی 21
شورش 19,21,3,3,3
شورشیان 3,3
شوروی 21,21,21,21,21,21,21,21,21,21,21,21,21,21,21,21,21,21,21,21,21,21,21,21,21,21
شوند 21,21
شوید 18,18,19,19,20,20,21,21,22,22,23,23,24,24,44,45,45
شکاک 21
شکایت 21
شکست 21,21
شکستشان 3
شکسته 22
شکنجه 22
شکوفا 18
شیرواتر 20
شیعه 21,22,54
صاحب 22,22
صادر 21,3
صادراتش 18
صباحی 3
صحبت 19
صحنه 22
صحیح 20
صدارت 22,22
صدای 3
صدراعظم 22
صدیق 21
صریح 22
صفجه 18,19,20,21,22,23,24,44,45
صفحه 18,18,18,18,19,19,19,19,19,20,20,20,20,20,21,21,21,21,21,22,22,22,22,22,23,23,23,23,23,24,24,24,24,24,44,44,44,44,44,45,45,45,45,45,51
صفحهٔ 18,18,19,19,19,20,20,20,21,21,21,21,22,22,22,23,23,23,24,24,24,44,44,45,45,45,51
صلاح 21
صلیبی 23,23
صنایع 18
صنعت 19,19,19,51,51
صنعتی 23
صهیونیسم 21
صورت 18,19,20,20,21,21,21,22,22,22,23,24,45
صوفی 22,22,22
ضعیف 21
ضیاءالدین 22
طایفه 22
طبیعت 20
طبیعی 20,20
طرفدار 19
طرفداران 19,19,51,51
طرفداری 21,21
طرفی 21
طریق 19,20,21,23
طغیان 21
طلای 21
طلایه 21
طلایی 54
طلبانه 21,21
طوری 22
طویل 3
ظاهر 19,22
ظاهراً 45
ظهور 20
عازم 19
عاشقانه 3
عاشقش 3
عاشورای 19,51,51
عاقل 22
عالی 19,23,51,51,51
عبارت 18,19,19,20,21,22,23,24,45
عباس 21,22,22
عباسی 21
عبدالرحیم 21
عبدالصمد 22
عبدالعظیم 22
عبدالله 54
عتبات 22
عجائبات 45
عجایب 45,45,45
عجایب_هفتگانه 45
عراق 20,21,21,21,21,22,22
عرضحالی 22
عرفان 21
عروس 3
عروسی 3,3,3
عریض 1
عزیز 22
عشایر 21,21,21,21,21
عشایری 21,21
عصبانی 3
عصران 45
عضور 21
عظمت 45,45
عظیم 20,20
عقاید 20,20
علامتی 18,19,20,21,22,23,44
علاوه 21,21,22
علما 22
علماء 54,54
علمای 21
علمی 54
علمیه 54,54
علوم 20,20,20,20,20,20,22,23,54
علیشاهی 22
علیه 19,19,21,21,21
علیّه 22
عمده 22
عملاً 21,22
عملی 21
عمومی 1,21
عموی 21,21,3,3
عمّال 22
عنوان 20,20,21,21,21,21,21,21,21,21,21,21,21,21,21,22,3,3,3,45
عوامل 19,19
عواملی 22
غائله 22
غارت 21
غالب 3
غدیر 54,54
غربی 19,21,21,21,21,24,44,44,44,44,51,51
غفور 21
غلامرضا 19,51,51
غیاب 21
غیرانتفاعی 18,19,20,21,22,23,44
غیررسمی 21,21,21
فارسی 22
فاطمه 54
فالانکس 3,3
فتحعلی 22
فتوای 21,22
فخرالدین 19
فخیمه 22,22,22
فخیمهٔ 22
فدرال 21
فراتر 20
فراخوانده 22
فرار 3
فرانسه 20,21,22,22
فرانسیس 20
فراهم 21
فراوان 22
فراوانی 3
فراگیری 22
فرجام 21
فردی 22,22
فرزند 22
فرزندانش 22
فرستاد 22,3
فرستاده 21,21
فرقه 21,21,21,22
فرقهٔ 21
فرمان 21
فرمانبرداری 21
فرمانده 3,3
فرماندهان 21,21,3
فرماندهی 19,51,51
فرمود 19,51,51
فرنگی 22
فرهنگ 19,21,44,51,51
فرهنگستان 20,20,20
فرهنگی 22,23
فرود 3
فروردین 21
فروپاشی 21,21,21
فریدون 22
فشار 21,21,21,22
فشارهای 21
فضایلی 3
فعالان 21
فعالیتش 21
فلسطین 23
فلسفه 20,20
فناوری 20,20,23
فهرست 23,45,45
فوتبال 23
فولکلور 19,51,51,51
فکری 19,19,51,51,51,51
فیشر 45
فیلسوف 20,3
فیلسوفان 20
فیلیپ 3,3,3,3,3,3,3,3,3,3,3,3,3,3
قائم 22,22
قابل 18,18,19,20,21,22,23,24,3,44,44,45
قابلیت 20
قاجار 22
قاضی 21,21,21,21,21,21,21,21,21,21,21,21,21,21,21,21,21,21,21,21,21,21,21,21,21,21,21,21,21,21,21,21,21,21,21,21
قافلانکوه 21
قبائل 3
قبول 21
قدرت 19,19,21,21,22,22,22
قدرتمند 23
قدرتمندی 21
قرائنی 3
قرار 18,19,20,20,21,21,22,23,23,3,3,3,3,3,3,3,3,44
قراری 3
قرون 45
قسمت 23
قضاوت 22,22
قطار 23
قفقاز 24
قلعه 21
قلعهٔ 22
قلمرو 3
قلمروهای 21,21,21,24,24
قمری 22
قنات 22
قوام 21,21
قوای 21,21,21,21,21,21,21
قومی 44
قیام 19
لازم 19,19
لاطائلات 21
لایحضره 54
لباس 21
لشکر 3
لشکرکشی 3
لطفاً 23
لطمه 21
لکرک 20
لیبرال 20
ماتریا 20
ماجرا 19
ماجرای 3
مادران 19,19,51,51,51
مادرش 20,3,3
مارتن 45
مارس 21
مارکسیست 20,20,20,20,20
مارکسیستی 20
مازوجی 21
مافات 44
مالزیایی 21
مالی 19,19,21,51,51,51,51
مالیه 22
مامش 21
ماندن 3
مانند 18,22,22
ماکس 20
ماکو 22,22,22,22,22
مبارزه 19,21,51,51
مبتلا 22
مبدع 20
مبرور 22
متحد 21
متحده 21,21,21,21
متخصص 20
متروی 23,23,23
متشکل 3
متصل 1,18,19,20,21,22,23,23,24,44,45
متعددی 44
متعلق 18,19,20,21,22,23,44
متوقف 21,3
متینی 51
مثال 21
مثالی 3
مثبت 22
مجارستان 21
مجازی 18,20,44
مجبور 21
مجدداً 22
مجلس 19,19,20,21,21
مجلسِ 21
مجموعه 45,45
محترم 45
محتوای 18,19,20,20,21,22,23,24,44,45
محتویات 18,19,20,21,22,23,24,44,45
محدوده 21
محرمانه 21
محسوب 21,21
محظور 22
محظوظ 3
محلی 1,18,18,18,20,20,20,24
محمد 19,19,19,19,19,21,21,21,21,21,21,21,21,21,21,21,21,21,21,21,21,21,21,21,21,21,21,21,21,21,21,21,21,21,21,21,21,21,21,21,21,22,22,22,22
محمدتقی 22
محمدحسین 21
محمدخان 22
محمدرضا 19,19,19,51,51,51,51,51,51
محمدرضاشاه 19
محمدزاده 22
محمدشاه 22,22,22,22
محمدمیرزا 22
محمود 21
محمودیان 21,21
محیط 20,20
مخالف 21,21,22
مخالفت 21,21,21,22,22
مخالفین 21,21
مختار 21,22
مختصات 23,44
مختصر 23
مختلفی 21
مخزن 18,19,20,21,22,23,24,44,45
مخصوص 19,19,19,51,51,51,51,51
مخصوصا 22
مداخله 21
مدار 22
مدارک 21
مدتی 20
مدخل 22
مدرس 22
مدرسه 20,20
مدرن 20,20,20,20
مدنی 22
مدینة 54
مذاکرات 19,3
مذاکراتی 19,21
مذهبی 19,22,22,23,51,51
مذکور 1
مراجع 54
مراد 22
مرادش 22,22
مرادی 22,22
مراسله 22
مراسم 3,3,3,3
مراکز 23,54
مربع 44
مربوط 44,45
مرتب 20
مرتبط 1
مرتد 21,21
مرحمت 22
مرداد 19,19,19,19,19,21,22,51,51
مردان 3
مردم 19,19,21,21,21,21,21,21,21,21,21,21,21,21,21,21,21,22,22,22,44
مردمان 24
مردمانی 24
مردمِ 21
مردوخ 21
مردی 3
مرزهای 3
مرشد 22
مرکز 19,21,23,23,23,23,23,3,51,51,51
مرکزی 21,21,21,21,22,23
مرکزیت 21,21
مرگه 21
مریدی 22
مزارع 21
مزایا 1
مزدوران 21
مزیت 3
مسئول 21
مسائل 20,22
مسافرت 19
مسالمت 21
مستحضر 22
مستقر 21,23,3
مستقیماً 21
مستند 18,20,20,44
مستندات 18,20
مسجد 19,21,51,51
مسجدهای 18
مسعود 19
مسلح 3
مسلط 21
مسلم 45
مسکونی 18,18,18
مسیو 22,22,22,22,22
مشابه 1,18,18,20,20,20,24
مشاهده 18,18,19,19,20,21,21,21,21,22,23,23,44,51,51,54
مشترک 21
مشتمل 3
مشخص 20,22
مشروطه 19
مشروع 3,3
مشغول 20
مشهور 20,3
مشهوری 18
مشکل 3
مصدق 19,19,19,19,19,19,19,19,19,19,19,19,21,51,51
مصور 19
مضمون 22
مطالعات 21
مطرح 20,21
معاصر 19,20,21,51,51
معایب 1
معتبر 19
معتقدند 21
معدودی 21
معرفی 45
معروف 22,22,23,23,54,54
معروفی 20
معلق 45,45
معلم 22
معلول 3
معلولیت 3
معماری 45
معمولاً 20
معنای 20,20
مغفور 22
مغلوب 3
مفتخر 3
مقابل 22,3
مقابله 19,21
مقالات 22,22
مقاله 20
مقالهٔ 20
مقام 21,22,22,23
مقامات 21
مقبره 23
مقدار 18
مقداری 22
مقدس 45,45
مقدم 3
مقدونی 3,3
مقدونیان 3,3
مقدونیه 3,3,3,3,3,3,3
مقصود 21
ملاحظه 22
ملازمان 3
ملاقات 21,21
ملامصطفی 21
ممنوع 22,22,22
ممکن 22
منابع 19
مناسب 21,21
مناسبات 22
مناسک 54
مناطق 21,21,21,21,21,21,21
مناطقی 21
منبع 18,21,21,21
منتشر 21,21
منتهی 21
منجمله 21
منزل 19,19
منزلش 19
منطقه 21,21,21,21,21,21,21,21,21,21,21,21,44,44
منطقهٔ 3
منظری 22
منظور 21,22
منعقد 21
منفی 21,21,21,22
منگور 21,21
مهاباد 21,21,21,21,21,21,21,21,21,21,21,21,21,21,21,21,21,21,21,21,21,21,21,21,21,21,21,21,21,21,21,21,21,21,21
مهارت 1
مهدی 22
مهم 21,21,21
مهمان 3
مهمی 23
مهندسی 23
مواجب 22
مواجه 21
موافقت 21
موجب 21,22
موجبات 21
موجود 18,20,22,45
موحد 19,19,19
مورخ 21
مورخه 22
مورد 1,19,21,21,21,22,22,3,3,3,3,3,45
موسی 22,54
موضوع 19,21,3,3,3,3
موفق 21
موقعیت 21
مَهاباد 21
مکان 23
مکتوب 45
مکرم 22
مکریان 21
میان 1,21,21,21,21,21,22,22,3,3,3,3
میاندوآب 21
میانه 21
میدان 21
میرزا 22,22,22,22,22,22,22,22,22,22,22,22,22,22,22,22,22,22,22,22,22,22,22
میزی 3
میشد 21
میلاد 44,45,45,45,45,45
میلادی 18,21,21,22,22,23,23,24,24,44
مینارد 20
میکروبی 20
نابودی 21,21
نابینایان 19,51,51
ناتنی 3
ناتوان 22
ناخوشایندی 21
نادر 21
نازیبای 1
ناشایسته 22
ناشناخته 21,21,21
ناشنوایان 19,51,51
نامزد 20
نامشروع 3
نامعلوم 22,22,22
نامنظم 21
نامه 21,21,22,22,22,22,54
ناموجود 21
ناچار 44
ناچاریم 21
نباید 3
نبرد 3,3,3
نبردش 3
نبردی 3
نبود 21,22,22
نبودم 3
نبوده 21
نبوغ 22,45
نتوان 22
نتوانست 21
نتوانستند 44
نحوی 3
نخست 19,21,21,51,51
نخستین 19,21,23,3,44,51,51
نخواهد 3,3
نداد 22
ندارد 21,21
ندارند 22
نداشت 21,21,3
نداشتند 21
نرسید 21
نرفت 21
نزدیک 21
نزدیکی 21
نساختید 22
نسبت 3,45
نسبی 22
نسخه 18,19,20,21,22,22,23,24,44,45
نشان 21,22,3
نشانده 21
نشانی 18,19,19,20,21,22,23,23,24,24,45
نشدند 21
نشین 21
نظاره 45
نظامی 19,19,21,21,21,21,21,21,21,21,3,3,51,51,51,51,51
نظامیان 21
نظرش 21
نظرم 45
نظریات 20
نفتی 21
نفری 21
نفوذ 21
نقشه 18,44
نماز 21
نمانده 45
نماینده 22
نمایندگان 21,21,21
نمود 21
نمونهٔ 21
نهایت 21,22
نهایتاً 21,23
نهایی 45
نهضت 21
نواب 19,19,22
نوادگان 22
نوار 18,19,20,21,22,23,24,45
نواز 23
نوامبر 19,20,20,21,21,23
نوری 22
نوشتار 23
نوشتن 45
نوشته 22,22
نوعی 22
نوکر 22
نویسندهٔ 20
نویسندگان 3
نوین 21,21
نکرده 22
نکردید 22
نکشید 21
نکند 21,21
نگار 22
نگاران 45
نگاه 22
نگاهی 21,21
نگران 21
نگرانی 21,21,21
نگرشی 21
نگهبان 20
نیات 21
نیاز 1,1,1,20
نیازمند 19,23,23
نیروهای 21,21,21,21,21,21,21,21,21,21,21,3
نیروهایش 21
نیروی 21,21
نیست 18,19,20,21,22,23,24,44,45
نیستید 22
نیمه 54
هاست 45
هالدین 20,20,20,20,20,20,20
هانت 20
هاکسلی 20
هایی 21
هجوم 3
هخامنشیان 3
هدایت 19,19,19
هرچند 18,19,20,21,22,23,24,44,45
هرگز 21,21,21,3
هزار 20,3
هزاران 23
هستم 22
هستند 23
هستید 22,22
هشدار 21
هفتگانه 45
هلند 21
هلندی 45
همان 21,21,21,22
همانند 20,3
همانکس 3
هماهنگ 21
همایونی 21
همدان 22
همدانی 22
همراه 18,18,18,18,20,20,20,20,20,20,21,21,21,21,21,21,22,24,3,44,44
همراهانش 21,21,21,21,21
همراهی 21
همزمان 21
همهٔ 18,18,19,19,20,20,21,21,22,22,23,23,24,24,44,44,45,45
همچنان 3
همچنین 1,21,21,3,3,3
همچون 21,3,45
همین 18,19,20,20,20,21,21,21,22,22,23,24,3,45,45
هندرسن 19
هنرمند 45
هنرهای 19,51,51
هنری 45
هنگام 19,20,21,3
هواخواهان 21
هواداران 19,23
هواپیمایی 19,51,51,51
هوایی 18,18,23,23,44,44
هوشیار 22
هویت 21
هژمون 3
هیسپانیا 44
هیمسکرک 45
وابسته 19,20,20,20,22,24
واحد 21
واحدهای 21
وارث 3
وارثی 3
وارد 18,18,18,19,19,19,20,20,20,21,21,21,21,21,21,22,22,22,22,23,23,23,24,24,24,44,45,45,45
واقع 21,23,23,23,23,23
والتر 20
واژهٔ 20,20
واژگان 20,20,20,23,23,23,23
واکنش 3
وجود 1,1,18,18,18,18,18,18,18,18,18,18,18,19,19,19,20,20,20,20,20,20,20,20,20,20,20,20,20,20,20,20,20,20,20,20,20,20,20,20,20,20,21,21,21,21,21,21,21,21,21,21,21,21,21,21,21,21,21,21,22,22,22,22,23,23,23,23,23,23,23,3,3,3,3,3,3,44,44,44,44,44,44,44,44,44,44,44,44,45,45,51,51,54,54,54
ورود 21,21,21
وزارت 21,23
وزراء 19
وزیر 21,21,22,22,22
وزیران 22
وزیرش 22,22
وساره 18
وساطت 3
وسطا 45
وصلت 3
وضعیت 21
وظیفه 22
وفادار 21
وقتی 3
ولایات 22
ولایت 21
وهابیان 22
ویران 22
ویرایش 18,18,18,19,19,19,20,20,21,21,21,21,22,22,23,23,23,44,44,51,51,54,54
ویژه 18,19,20,21,21,21,22,22,23,24,44,45
ویکی 18,19,20,21,22,23,24,44,45
پاتریک 19,51,51
پادشاه 3,3,3,3
پادشاهی 19,19,22,23,23,51,51,51,51
پارامتر 22,22
پاریس 22
پاسخ 3
پانزدهم 21
پاوسانیاس 3,3
پاکستان 21
پایان 20,21
پایتخت 18
پایتختی 21
پایدار 18,19,20,21,22,23,24,44,45
پایش 3,3
پایه 20,21,24
پایگاه 21
پایین 21,24
پدرش 20,3,3
پذیرایی 3
پراکنده 21,21
پرتاب 3
پرجمعیت 21
پرستش 1
پرورش 19,51,51,51
پروفسور 19
پرچم 19,21,51,51
پزشکی 19,51,51
پسرش 19,3,3
پسرعمویش 21,3
پشتیبان 21
پشتیبانی 20,22
پناه 3,3
پنجم 44
پهلوی 19,19,19,19,19,51,51,51,51,51,51
پوشانیدن 21
پوشیده 22
پونی 44
پژوهشهای 21
پژوهندگان 22
پیاده 3
پیامد 21
پیامدهای 21
پیدا 19,20,21
پیرامون 18,18,18,19,19,19,20,20,20,21,21,21,22,22,22,23,23,23,24,24,24,3,44,44,45,45,45
پیرانشهر 21
پیراهن 22
پیشتر 3
پیشروی 3,3
پیشنهاد 3
پیشین 18,19,20,21,21,21,22,23,24,24,44,45
پیغام 19
پیمان 21
پیوستن 21,3
پیوسته 44
پیوند 18,18,18,18,19,19,19,19,19,20,20,20,20,21,21,21,21,21,21,21,21,21,22,22,22,23,23,23,24,24,24,24,24,44,44,45,45
پیوندهای 18,20,21,22,23,24,44,45
پیچکی 3
پیچید 22
پیچیدهٔ 20
پیکسوداروس 3
پیگیری 21
چراغ 19
چشمگیر 45
چنان 21
چنانچه 21
چندان 44
چندانی 1
چندین 1,1,19,3
چنین 21,21,21,21,3,45
چهار 3
چهارم 3
چهره 21
چگونه 3
چگونگی 18,19,20,21,22,23,24,44,45
چیزی 45,45
چیست 22
چینی 21
ژانویه 21,21,21,21,21
ژانویهٔ 21
ژرمن 44
ژنتیک 20,20
ژنرال 21
ژنوم 20
ژوئن 18
ژوئیه 21
ژوزف 21
ڤلات 21
کابلی 23
کاراکترهای 21,21,21
کاربری 18,18,19,19,20,20,21,21,22,22,23,23,24,24,44,45,45
کارتاژ 44,44
کارش 20,21
کارشناسی 22
کارنامه 19,19
کارهای 21,22
کاری 45
کاریایی 3
کاظیموف 21
کافتی 1
کالج 20,20,20,20,20
کالیفرنیا 20
کامل 19,21,22,22,44,45,45
کاملاً 22,22
کانادا 21
کاندیدای 20
کانون 21
کاهش 21
کبیر 20,3
کتاب 20,45,45,45,45
کتابخانه 18,19,20,22,45,51,51,51
کتابدار 45
کجای 21
کدام 21
کرانه 1,23,24
کرانهٔ 45
کربلا 22,22
کردار 21
کردستان 21,21,21,21,21,21
کردستانی 21
کردم 22
کردن 18,19,20,21,21,21,22,22,22,23,24,3,45
کردند 19,21,21,3,3
کردنشین 21,21,21
کرده 20,20,20,21,21,3,3,3
کردهای 21
کرمانشاه 21,21
کرمل 23,23,23
کسانی 21
کشتار 23
کشتن 22
کشتند 21
کشته 22,22,3
کشور 19,21,21,21,21,21,3
کشورش 21
کشورهای 18,44
کشوری 21
کشیده 22
کلئوپاترا 3,3,3,3,3,3,3
کلثوم 54
کلمباری 22
کلنل 22
کمال 22
کمانداران 3
کمانچه 23
کماکان 21
کمبود 1
کمتر 21
کمونیست 20,20,20,20,20,20,21,21
کمپوچیا 21
کمیته 21
کنار 3
کناری 18,19,20,21,22,23,24,45
کنترل 18,20,21,21,21
کندن 22
کنده 45
کنسرت 23
کنسولگر 21
کنند 20,21,3,3
کنندگان 19,21
کنگره 21
کنید 21,23
کنیم 21
کوتاه 22
کودتای 19,19,19,19,51,51
کودکان 19,19,19,19,51,51,51,51,51,51,51
کورنت 3,3,3,3,3
کولد 20
کوهستانی 22
کوچک 21,44
کوچکند 20
کوچکی 3
کُرد 21,21,21,21,21,21,21,21,21,21,21,21,21,21,21
کُردهای 21,21
کُردِ 21
کُردی 21
کیلیکیه 3
کیهان 21,22,22
گارد 3
گذاران 20
گذاشتن 21
گذرگاه 22,3,45
گذشته 45
گرانیک 3
گردان 20
گردنه 21
گردید 22
گرفت 19,20,20,20,22,3,3
گرفتن 21
گرفته 21,21
گروس 21
گروه 21,21,22
گروهی 22,44
گرچه 18,19,20,20,21,22,23,24,44,45
گزارش 22
گزینه 21
گفته 21,3
گفتگو 23
گمارده 22
گماشته 21
گوشش 21,22
گولاند 20
گونه 21,45
گیاه 3
گیاهان 20
گیرد 3
گیلرد 20
یابد 22
یادکرد 18,19,20,21,21,21,21,22,23,24,44,45
یازده 21,21
یافتن 21
یافته 21
یافتهٔ 21
یرواند 19
یزدان 21
یعنی 21,21,21,21,21
یوسف 22
یونانی 20,20,45
یونسکو 23,23
یوهان 45
یکباره 21
یکدیگر 19
