آبخاز 24
آتشدان 30
آتنا 30,30,30
آثار 46
آخربرآمد 32
آخرت 32,32
آدمیان 32
آذرخش 30
آرایش 3,3
آرگومان 53
آزاد 32,32,32,32,32,32
آزاداندیشی 46
آزادسازی 3
آزادشان 32
آزادی 46,46
آسان 32
آستاراخان 24
آستانه 24,24
آسمان 30,30
آسمانی 30,32
آسیا 24,3,3
آسیاست 3
آسیای 3,53
آسیایی 32
آشوبند 32
آشور 45
آشکار 3,32
آغاز 1,46,46
آغوش 30
آفتاب 1,30,32,32,32
آفتابی 30
آفرودیته 30
آفریقا 25,25
آلات 32,32
آلتایی 24
آمادگی 46
آمدند 24
آمده 29,29,32
آمریکا 48
آمریکایی 48
آمیخته 3
آنان 24,24,24,3,30,32
آنجا 24,3,3,3,30,32,32,32
آنست 32
آنسوی 24,3
آنطور 24
آنچه 32,46
آنکه 3,3,32
آنگاه 30,32
آهنگر 30
آهنگری 30
آوار 45
آورد 32,46
آورده 3
آپولو 30
آپولون 30
آگاهی 32
آیات 32,32,32,32
آیتم 25,26,27,28,29,30,31,32,46,52
آیهٔ 32
ائمه 32,32
ابتدا 24,24,46
ابتدای 24,24
ابرهای 30
ابوالکلام 32,32,32
ابوکلام 32,32
اتحاد 24,31
اتفاق 32
اتمام 32
اتکای 46
اجازه 32,46,46
اجباری 25,26,27,28,29,30,31,32,46,52,53
اجتناب 3
اجری 32
اجیر 3
احادیث 32,32,32,32
احاطه 32,45
احتمال 24
احتمالاً 3,32
احوال 32
احکام 46
احیای 30
اختلاف 24
اختیار 32,32
اختیاری 25,26,27,28,29,30,31,32,32,46,52,53
اخیر 25,25,26,26,27,27,28,28,29,29,30,30,31,31,32,32,46,46,48,52,52,53,53
اداره 24
ادامه 3,3,3,32,46
ادبی 31,31
ادبیات 27,27,28,28,29,31,31,31,46
ادراک 46
ادعا 24,24
ادوارد 31
ادیان 30
ارائهٔ 3
اربابان 3
ارتش 3,3,3
ارتشی 3
ارجاع 46,46
ارجاعات 24,24
ارسال 24
ارضی 3
ارمنستان 24,24
اروپا 46,46,52,52
اروپای 46
اروپایی 32
اریحا 1,1
ازجمله 24
ازدواج 30,30
اسارت 32,32
اساس 32,46,46
اساسی 24,31,31
اساطیر 30,30,30,30,30
اسباب 32
اسباط 26,26,26
اسبان 30
استان 45,52,52
استاندارد 30
استحکامات 24
استدلالات 32
استفاده 1,25,26,26,26,26,27,27,27,27,28,29,3,30,31,32,32,32,32,46,46,46,52
استناد 32
استواری 32
اسرائیل 32,32,32,32,32,32,32
اسرار 45
اسراییل 24
اسردوک 24
اسلام 24,24,32,32,32,32,32,32,32
اسلامی 24,29,32,32,32,32,52
اسپانیا 52,52
اسپیرکین 24
اسکاتلند 31,31
اسکندر 3,3,3,3,3,3,3,3,3,3,3,3,3,3,3,3,3,3,3,3,3,3,3,3,3,3,3,3,3,3,3,3,3,3,3,3,3,3,3,3,3,3,32,32,32,32,32,32,32
اسکندریه 3,45
اشاره 24,24,28,32,32,32,45,46,46,48
اشتباه 24
اشتغال 24
اشتیاق 3
اشرف 51
اشعار 32
اشعیا 32
اصحاب 1
اصحابش 32
اصرار 3
اصلاح 1
اصلی 24,25,26,27,28,29,3,30,30,31,32,32,45,46,46,52,53
اضافی 24
اطراف 29
اطلاعات 24,24,25,26,26,26,26,27,27,27,27,28,29,30,31,32,46,52,53
اطلاعی 46
اطمینان 1
اظهارنظر 46
اعتراضاتی 32
اعجاز 32
اعراب 24,24,24,24,24,24,24,24,24
اعظم 32
اعلام 3
اعمال 31
اعیان 31
اغلب 30,32,32
اغماض 3
افزایش 46
افزون 32
افسانه 46
افغانستان 24
اقامه 32
اقتصادی 24,24,24,24
اقلیمِ 32
اقوام 24,24
اقوامی 32
اقیانوس 45
الاثنا 30
الباب 24
البته 32,46
البحرین 32
البرّ 32
البرّین 32
الجنة 1
الحرمین 32
الدین 32
الراَفة 32
السطنة 32
الشریفین 32
الشمس 32
العدل 32
العظمة 32
الفبای 24
القرنین 32,32,32
الله 32
المرحمة 32
المعارف 30
المغربی 24
المنیر 32
المپ 30,30,30,30,30,30
المپی 30
المپیک 30
النصر 32
الهام 32
الهه 30,30,30,30
الههٔ 30
الواح 32
الَّذِی 32
الْکَبْشُ 32
الگو 24,24,24,24,24,24,24,24,27,27,28,28,29,29,30,30,30,30,31,31,31,31,31,31,32,32,45,46,46,46,52,52,52,52,52
الگوهای 52,52
الگوی 32,46
الیمان 32
امبروزیا 30
امتحان 32
امتداد 3
امروزه 24
امروزی 24,24,24,3
امواج 30
امور 30
امورِ 32
امّا 24
امپراتور 24,24
امپراتوری 24,24,24,28,28,3,52,52,52
امپراطوری 32
امکان 25,26,27,28,29,30,31,32,46,52,53
امیر 24
انباشته 32
انبیا 32
انتخاب 3
انتشارات 24,24
انتصاب 3
انجام 24,25,26,27,28,29,30,30,31,32,32,32,32,46,52,53
انحطاطی 46
انداختند 30
اندیشه 46
اندیشی 46
انرژی 24
انسان 32,32,32,32,45,46,46,46
انطباق 32
انطباقش 32
انعقاد 3
انقراض 24
انقلاب 24,51
انقلابی 31
انوشیروان 24
انگلستان 31,31,31,46
انگلیسی 1,31,31,31,31,31,45
انگور 30
اهالی 3,3
اهداف 46,46
اهرام 45
اهمیت 24,24,3,32
اواخر 31
اوایل 46
اوراقِ 32
اورشلیم 26,26,27,28,28,28,28,3
اوست 32
اولین 3,3,45
اولیه 24,24,24,24,3
اوّل 31
اِشکال 28,46
اکتبر 29
اکثر 24,3,3
اکرم 32,32
اکنون 25,3
اگرچه 30,30
ایام 24
ایران 24,24,24,24,24,24,24,24,24,24,24,3,3,3,3,3,3,31,32,46,51
ایرانی 3,3
ایرانیان 24,24,3,3,3,3
ایزد 30,30,30,30,30,30,30,30,30,30
ایزدان 30,30,30,30
ایزدبانوی 30,30
ایزدی 30,30
ایزو 52,52,52,52
ایست 32
ایستاده 32
ایستادگی 24
ایسوس 3
ایشان 24,32,32,32,32
ایلیریا 3
ایمان 32,32,32
ایمن 3
اینترنتی 29
اینکه 24,24,24,32,32,32,32,32
ایکه 1
بئوسیایی 3
بابل 32,32,45
بابلیان 32
باخبر 3
باختر 30,32,32,32,32,32,32
باختری 1
بارعام 32
باروی 29
بازجویی 46
بازدید 30
بازسازی 24,24
بازمانده 32
بازماندگان 32
بازنگری 3
بازگرداند 32
بازگشت 31,32
باستان 24,3,3,30,30,46,46,46,52,52,52
باستانِ 24
باستانی 24,30,30,30
باشد 30,32
باشند 29
باعث 46
باقی 24
بالا 32
بالای 24
بالدار 32,32
بالداری 30
بالندگیِ 46
بالهایی 30
بامداد 30
بانکی 24
باهم 30
باور 32
باوری 46
باکرهٔ 30
باید 1,24,24
ببنی 32
ببینید 24,24,32
بتکچنی 24,24,24,24
بحرالاعاجم 24
بخاطر 32
بختنصر 32
بخشش 32
بخشی 24
بخشیدن 3
بدان 32
بدانجا 29
بدبینانه 46
بدست 24,32
بدور 3
بدون 24,3,32,53
بدین 29,3,3,45,46
برآمدن 32
برآمدگی 32
برآوری 32
برابر 1,24,24,24,3,46
برابری 30
برادران 30
برادرند 30
براساس 45
برانگیخت 32
برانگیزد 30
برای 1,24,24,24,24,25,25,26,26,27,27,28,28,29,29,3,3,3,3,3,30,30,30,30,30,31,31,32,32,32,32,32,32,32,32,45,45,45,46,46,51,52,52,53
برایشان 32
برتر 32
برتری 32
برجسته 28,30
برجستهٔ 32
برحسب 32
برخاسته 24,46
برخورد 32,32,46
برخی 24,24,3,3,3,3,30,30,30,30,32
برداشت 46
برداشته 3
برداشتهای 32
بردلی 31
بردن 3
بردند 24
برده 30,30
بردگی 3,3
برشمرده 30
برقرار 3
برنز 1
برود 32
بروز 3,45
برگزیدند 24,24
بریتانیا 31,31,31,31,31,31,31,31
بریتانیای 31
بزرگ 24,24,24,29,30,30,32,32,32,45,45,52
بزرگی 24,24,30,32,32
بسازد 32
بسازید 25,26,27,28,29,30,31,32,46,52,53
بسیار 24,29,45
بسیاری 24,24,24,24,31,32,32,32,45,46,46
بشارت 32
بشری 46
بطوریکه 32
بعضی 30,32,32,32
بعید 24
بقایا 32
بقایای 24
بلاد 32
بلغاری 24
بلند 32,32,32
بلندتر 32
بلندی 32
بلکه 32,32,46
بلینف 24
بنابر 24
بنابراین 3
بنادر 52
بنای 24
بندر 3
بندری 52,52,52,53
بنده 32
بنیاد 31
بنیادین 46
بهبود 28,46
بهتر 32
بهروز 45
بهشتی 30
بودایی 46
بودن 32
بودند 24,24,24,24,24,3,3,3,3,3,3,30,32,32,32,32,45,45,46
بوده 32,32,32,32,32,32,46
بودو 24
بوسنی 24
بولا 24
بولشیه 24
بُرده 1
بکار 24,32,32
بگداخت 32
بگذارند 30
بگذری 29
بگریزند 3
بگیرد 32
بیان 3,32
بیاورید 32
بیتش 32
بیدرنگ 30
بیرون 24,28,30
بیرونی 46
بیریوچک 24
بیزانس 24,24,24,24,24
بیستم 46
بیش 24
بیشتر 24,24,24,24,25,25,26,26,27,27,28,28,29,29,30,30,30,30,30,31,31,32,32,32,32,32,45,46,48,51,52,52,53
بینشان 32
تأثیرات 31
تأسیس 31
تأکید 32
تأیید 1,32,32,32
تئودور 31
تابانیدن 46
تابع 53
تاتارهای 24,24
تاخت 24
تاریخ 24,24,24,25,26,27,28,29,31,46,46,46,51
تاریخی 24,26,26,26,27,27,27,28,28,29,29,32,45,46,46,52,52,53
تاریک 30
تاریکیِ 46
تازش 24
تازه 24
تایتان 30
تبدیل 30
تبیین 46
تجاری 24,24,24,25,26,27,28,29,30,31,45,51,52
تجربی 46
تجسم 32
تجمیع 46
تحقق 46
تحقیقات 45,48
تحمیل 3
تخته 32
تختی 30
تدبیر 32
تراکیه 24
ترتیب 3,3,46
ترجمه 1,1,24,3,32,45
ترجمهٔ 1,1,24
ترجیح 3
تردید 32
ترساند 3
ترکان 24,24,24
ترکمان 24
ترکی 24,24,24,32
ترکیسم 24,24
ترکیه 24
تسخیر 3,3,3,3
تسلیم 24,24,3,3,3
تشکیل 24,24,24
تصادفی 25,26,27,28,29,30,31,32,46,52,53
تصاویر 25,26,27,28,29,30,31,32,46,52,53
تصرف 3
تصمیم 3
تصور 46,46,46
تصویر 3
تطابق 32
تعالی 29
تعبیر 32,32,32
تعبیرات 32
تعبیراتی 32
تعداد 48
تعدادی 3,3
تغییر 46
تغییرات 25,26,27,28,29,30,31,32,46,52,53
تفاهم 24
تفسیر 32,32,32,32,32,32,32
تفسیرهای 32
تفکر 46
تقابل 46
تقریبی 46
تقسیم 3
تقسیمات 3
تلاش 24
تلفات 3
تلفظ 24
تلفن 24,25,26,27,28,29,30,31,45,51,52
تلویزیون 29
تماس 24,24
تمام 24,3,3,30,30
تمامی 3,32
تمجید 32
تمدن 46,46
تنها 24,24,3,3,3
تنگه 32
تنگهٔ 3
تنیس 31
تواریخ 32
توانا 30
توانایی 32,45
توانست 24,3,3,3
توانستند 32
توجه 30,30,30,32
تورات 32,32
توره 52
توسط 1,28,3,32,32,32
توصیف 24,3,32
توضیح 32
توضیف 24
تیره 24,24
تیری 30
تیولنی 24
تیپر 24
ثابت 46
ثروت 32,32
جاده 28
جادویی 32
جامع 29
جانب 3,32
جانشین 31,32
جاودانان 30
جاودانه 30
جایی 32
جبرئیل 32
جدول 30
جدید 24,31,46
جریان 24,24,46
جریر 32,32
جزئیات 24,25,26,27,28,29,30,31,45,51,52
جزیره 24,24
جستارهای 45
جعبه 25,25,26,26,26,26,26,27,27,27,27,27,28,28,28,52,52,52,53
جعفر 32,32
جغرافیا 46
جلال 32
جلوگیری 24,24,24,3
جلوی 24,32
جماعتی 32
جماهیر 24
جمعیت 24,52
جمله 32,32,32,32,32,46,46
جمهور 24
جمهوری 53
جنبش 46,46,46,48,48
جنبشی 46
جنسی 25,25
جنوب 24,24,24,24,3,3,32,32,32,52
جنوبی 24,24,24,24
جنگی 3,30,30
جنگید 32
جهات 24,46
جهان 31,32,32,45,46,46
جهانگشایی 3
جهانی 24,31,31,31,31,45,53
جواب 32
جوار 29
جوانبش 32
جوانی 30
جواهرات 32
جیلان 24
حاشیه 24,24
حاصلخیزی 30
حاضر 29
حالی 3,32
حامله 30
حاوی 3,32
حاکم 24,24,30
حدود 25,3
حدوداً 3
حدیث 32,32,32,32,32
حدیثی 32
حذیفه 32,32,32
حرکت 3,3,3,3,46
حرکتش 3,3
حساب 25,25,25,26,26,26,27,27,28,28,28,29,29,29,30,30,31,31,32,32,46,46,46,52,52,52,53,53
حسود 30
حصار 26,27,28,29
حضور 24,48
حقوق 46
حقوقی 24
حقیقی 32
حمایت 48,48,48
حملات 24,24,24,24,24
حمله 24,3,3,3,3,46
حکمرانی 24,3,3
حکومت 24,24,24,30,31,32,46
خاتمی 51
خادم 24,32
خارج 24
خارجی 24,24
خازاروئی 24
خاطر 32
خاقان 32
خاقانات 24
خالی 32
خاندان 31
خاندانشان 32
خانه 30
خانواده 30,30
خانوادگی 30
خانگی 31
خاور 30,32,32,32,32
خاوری 32
خداوند 30,32,32,32,32,32,32
خدای 30,30,30,30
خدایان 3,30,30,30,30,30,30,30,30,30
خدمت 30,32
خدمه 3
خدیوِ 32
خراجی 32
خراسان 24
خرداد 24
خزانهٔ 3
خزران 24,24,24,24,24,24,24,24,24,24,24,24,24,24,24
خزرستان 24,24,24
خزری 24,24,24
خسرو 24
خصال 32
خصوص 24,24,25,26,27,28,29,30,30,31,32,32,46,52,53
خطوط 24
خلاصه 32
خلافة 32
خلافت 24
خلاق 53
خلال 31,31
خلیفه 32
خلیل 27,27
خواب 30
خوابش 32
خوابی 30
خوارزم 24
خواستار 3
خواستند 32
خواند 3
خوانده 32,32
خوانندگان 46
خواهد 29,30,30,32,32
خواهر 30,30
خواهران 30
خواهند 29,32
خواهی 32
خواهیم 32,32
خوبی 24,32
خودمختار 24,24,24,52,52
خوراک 30
خوردند 30
خورشید 30,32,32
خویش 30,30,30,30,30,32
خویشاوندی 30
خویشتن 46
خیال 46
دائرةالمعارف 24
دائره 30
داخل 32
داخلی 3,31,31
دادن 3,46
دادند 3
داده 24,25,26,27,28,29,3,30,31,32,32,46,48,52
دادگری 32
دادیم 32
دارای 24,24,24,25,25,26,26,27,27,27,28,28,28,28,30,30,30,30,31,31,31,32,32,32,46,46,46,51,52,52,52,52,52,53,53,53,53
دارد 24,24,25,26,27,28,28,29,30,30,30,30,30,30,31,31,32,32,32,32,32,32,46,52,53
دارند 24
دارنده 32
داریوش 3,3,3,3,3
داستان 24,3,3,32,32,32,32,32
داشت 24,28,30,32,32,32,32,32,46
داشتن 3
داشتند 24,24,3,30,46
داشته 24,24,32
داغستان 24
دانستن 32
دانسته 24,29,32
دانش 31
دانشجویان 48
دانشنامهٔ 25,25,26,26,27,27,28,28,29,29,30,30,31,31,32,32,46,46,52,52,53
دانشگاه 32
دانشگاهی 24,52,52
دانیال 32,32,32,32,32
داهومی 25,25,25
داود 27,28,29
دختر 30,30
دخترانش 3
درآورد 3
درازای 32,32
درالمنثور 32
دربارهٔ 24,24,24,24,24,25,26,27,27,28,28,28,29,29,3,30,30,30,31,31,31,31,32,32,32,32,32,32,32,32,32,32,45,45,45,46,46,46,46,48,52,52,52,52,52,53
دربند 24,24,24,24,24
درهم 24
دروازه 26,27,27,28,28,28,28
دروازه_اسباط 26
دروازه_خلیل 27
دروازه_دمشق 28
دروازه_ساهره 29
درگذشت 31
دریا 24,24,3,30,30,30
دریافتند 32
دریای 24,24,24,24,24,24,24,24,24,24,24,24,24,31,52
دریایی 24,3,30,31
دسامبر 24,30,31,45
دسترس 24,25,26,27,28,29,30,31,45,51,52
دستش 30,32
دشمن 3,3,3,32,32
دشمنانش 3
دشمنش 3
دشنه 30
دعوت 25,26,27,28,29,30,31,32,46,52,53
دقیق 1
دقیقی 24
دلالت 32,32
دلایل 32
دلایلی 32
دلتای 24,24
دلیل 30,32
دمشق 28,28,28
دنیا 32,32,32,32
دنیای 30
دهانه 30
دهمین 28
دوازده_ایزد_المپنشین 30
دوام 3
دوباره 3,32
دوتکه 3
دودمان 51
دودکانس 24
دوران 3,31,32,46,46,46,46,46,46,46
دورنوا 24
دوره 24,31,31,31,46,46,46
دوره_ویکتوریا 31
دورهٔ 31,31
دوست 30
دوشاخ 32,32
دولت 24
دولتِ 32
دکتر 24
دکترمحمد 24
دگرباشان 24
دیار 30
دیدم 32
دیدگاه 32,32
دیدی 32,32
دیری 30
دینی 24,32
دیوار 27,32,32,32
دیوارهای 24,26,26,27,27,28,28,28,29,29
دیواری 32
دیونیسوس 30
دیپلماسی 3
دیگر 24,24,24,24,24,24,24,24,25,25,25,25,26,26,27,27,28,28,28,29,29,29,29,3,30,30,30,30,30,31,31,32,32,32,46,46,46,46,52,52,52,52,52,53
دیگران 46
دیگری 28,32,32,46,46
ذوالقرنین 32,32,32,32,32,32,32,32,32,32,32,32,32,32,32,32,32,32,32,32,32,32,32,32,32,32,32,32,32,32
ذکرشده 32
رؤسای 24,24
رؤیا 32
رؤیای 32,32
رؤیایی 32
رئوس 30
راست 3,32
راندن 24
رانده 24
رایج 46
رایشهارت 45
رحمتی 32
رسانده 32
رستاخیز 32
رسمی 24,52
رسول 32
رسید 3,32,32
رسیدن 32
رسیده 24,3,3,32
رعایایی 3
رفتار 32
رفته 24,32,32,32
رمانس 3
رهاسازی 32
رهایی 32,46
روایات 29,32,32,32,32
روایاتی 32
روایت 32,32
روایتی 30,32
روحت 51
رودخانه 24,3
روزمره 48
روزنامه 24
روزی 30
روست 30
روسیه 24,24,24
روشن 24,46
روشنایی 30
روشنفکری 46
روشنگری 46,46,46,46,46,46
رومی 30,30,30,30,30,30,32,52,52
رومیان 30,30
روند 32
رونق 3
رویارویی 3
رویدادهای 25,26,27,28,29,30,31,32,46,52,53
رَأَیْتَهُ 32
ریشه 30
ریشهٔ 24
زئوس 30,30,30,30,30,30,30,30,30,30,30,30,30,45,45
زاده 30,30,30
زبان 24,24,24,27,27,28,28,28,3,30,30,32,32,32,32,32,46,51,52,52,52,53
زبانی 24
زدوخورد 3
زراعت 30
زمان 24,24,24,28,3,3
زمانه 30
زمانی 3,30,48
زمستان 3
زمین 30,30,32,32,32,32,32,32
زمینهٔ 46
زمینی 30,30,31
زنان 3,3,48,48,48
زندگی 24,24,24,24,30,30,30,32
زکریا 32
زیاد 24
زیادی 32
زیبا 30,30
زیباتر 1
زیبای 30
زیرا 30
زیرشاخه 24
زینت 32,32
سؤال 32
سابطی 32
سابق 53
ساتراپ 3
ساحل 3,3,3
ساحلی 24,3,3,52,52,53
ساخت 25,26,27,28,29,30,31,32,32,32,32,32,45,46,52,53
ساختمان 26,26,26,27,27,27,32,32
ساختن 32,32,32
ساخته 1,24,24,29,3,3,32
ساری 24
سازمان 24,24,25,26,27,28,29,30,31,45,51,52
سازنده 32,32
سازندگانشان 45
ساسانی 24,24
ساسانیان 24
ساعت 24,25,26,27,28,29,30,31,45,51,52
سالاری 24
سالشمار 3
سالهای 24
سامانه 25,25,25,26,26,26,27,27,27,28,28,28,29,29,29,30,30,30,31,31,31,32,32,32,46,46,46,52,52,52,53,53,53
ساهره 29,29,29,29,29
ساکس 31
ساکن 24,24
ساکنان 24
سایان 24
سایت 24
سایر 3,3,30
سببی 32
سبحانه 29
ستایندگان 46
ستمکار 32
ستمگران 32,32
ستون 28
ستونی 28
سختی 3,32,46
سخنی 32
سدهٔ 24,31,46
سرآغاز 24
سراسر 52
سران 24,24
سرانجام 3,3,3,32,32
سرباز 3
سربازان 3
سربازانشان 3
سرتاسر 3
سردار 3
سردردی 30
سردودمان 32
سرزمین 24,24,3,32,46
سرزمینهای 24
سرنگونی 30
سرکشی 32
سستی 24
سعید 24
سفیدپوست 24
سقوط 3
سلاح 30
سلام 32
سلطان 28,32,32,32,32,32,32
سلطنت 30,30,31,32
سلطنتی 31,31,31,32
سلیمان 32,32
سمبلوت 24
سمرقند 24,24
سمندر 24
سمیران 24
سنگی 24
سنگینی 3
سهمناک 30
سهمگین 30
سوابق 24
سوار 3,30
سوراخ 32
سوره 32
سوسک 30
سوسیالیستی 24,24
سپاه 24,3,3,3,3
سپاهش 3
سپاهیان 3
سپاهیانش 3
سپتامبر 26,28
سپری 3,46
سکونت 24
سیاسی 24,24
سیاه 24,32
سیبری 24
سیری 46
سیزده 30
سیستم 46
سیوطی 32
شاخه 30
شاخهای 32
شاخهایش 32,32
شاخهٔ 24
شاخی 32
شادمان 30
شامل 24,24
شانهٔ 3
شاهان 30,30,31,32
شاهد 24
شاهنشاه 3
شاهنشاهی 24,3,3,3
شاهکاری 3
شاهی 24,30
شایسته 32
شبان 32
شباهت 32
شجاعتش 32
شخصاً 3
شخصی 32
شخصیت 30,32,32
شخصیتی 32
شدند 24,24,3,3,32
شدنش 32
شراب 30,30
شرایط 30
شرقی 24,24,24,24
شروان 24
ششمین 52
شماره 32,32
شمال 24,24,24,24,24,24,24,24,24,24,24,24,24,24,24,24,3,3,32,32
شمالی 24,24,24,3
شمایل 32
شمشیر 3
شناخت 46
شنیده 46
شهبانوی 30
شهرت 31
شهرستان 31
شهرستانی 52
شهرهای 24,24,3,3,52,53
شهرهایی 3
شهروندی 46
شهری 52
شواهدی 45
شوخی 3
شورای 31
شورش 3,3
شوروی 24
شوید 25,25,26,26,27,27,28,28,29,29,30,30,31,31,32,32,46,46,52,52,53,53
شکار 30
شکست 3,3,3,3,32,32
شکستن 24
شکوه 46
شیعه 32
شیوهٔ 46
صاحب 24,32,32,32,32
صادر 30
صادق 32,32
صالحی 32
صحابی 32
صحبت 48
صحراگردی 24
صحرای 29
صحرایی 29
صحنه 32
صربستان 24
صریحاً 32
صفجه 25,26,27,28,29,30,31,46,52
صفحه 24,25,25,25,25,25,25,26,26,26,26,26,26,27,27,27,27,28,28,28,28,28,29,29,29,29,29,30,30,30,30,30,31,31,31,31,31,31,32,32,32,32,32,45,46,46,46,46,51,52,52,52,52,52,52,53
صفحهٔ 25,25,25,26,26,26,27,27,28,28,28,29,29,29,30,30,30,31,31,31,32,32,32,46,46,46,52,52,52,53
صلوات 32
صورت 1,24,24,25,26,27,28,29,3,30,31,32,32,46,46,48,48,52,53
صومعه 1
ضربتی 30
ضربه 24
ضربهٔ 3
ضمیرِ 32
ضیافت 30
طاووس 30
طبرستان 24
طبری 32
طبقه 24,24
طبیعت 30
طرزی 30
طرفی 30,30
طریق 32,32,32,46
طلایی 46
طلوع 32
طوایف 24
طوفان 30
طولانی 3
طویل 3
ظالمان 32,32
ظاهر 32,32
ظاهری 32
عازم 3
عالم 29,32
عالمان 32
عباد 32
عبادت 30
عبارات 32
عبارت 24,24,25,26,27,28,29,30,31,32,46,52,53
عبارتند 32,46
عبارتی 32
عبری 27,28,29,32,32
عبور 3,3
عتیق 30
عثمانی 28,32,32
عجایب 45,45,45,45,45,45
عجیب 30
عذاب 32,32,32
عذابش 32
عربی 24,24,28,32,32,32,32,52
عرفی 24
عصای 30,30,30,30
عصر_روشنگری 46
عظیم 29
عظیمی 46
عقاب 32,32
عقابی 30
عقوبتش 32
عقوبتشان 32
عقیدتی 24,24
علامتی 24,25,26,27,28,29,30,31,32,45,51,52
علاوه 32
علمای 32,32,32
علمی 24,24,32,46,46,46
علیه 24,24,24
عمدتاً 24
عملی 46
عمومی 3
عنوان 24,24,24,24,28,3,3,3,3,3,30,30,32,32,32,32,46
عهدنامه 24
عهدهٔ 3
عوام 31
غافلگیر 3
غافلگیرانه 3
غالب 24
غالباً 24,24,46
غربی 25,25,46
غروب 32,32
غیاب 30
غیرانتفاعی 24,25,26,27,28,29,30,31,45,51,52
فائون 3
فارس 24,32,32,32
فارسی 24,24,24,32,32
فارسیان 32
فاصله 32
فالانکس 3,3,3
فانوس 45
فاَوحی 32
فترت 31
فتوحات 24,32
فدراتیو 24
فدراسیون 24,24,24,24
فدرالی 24
فراخواند 30
فرادریایی 31,31
فراز 32
فراسوی 30
فرانسه 46
فراهم 3,46
فراوان 24
فراوانی 3
فرجام 3
فرزانگی 30
فرزند 30,30
فرزندان 32
فرزندخواندگی 3
فرزندش 31
فرزندی 30
فرمان 24,24,30
فرمانبردار 32
فرماندهان 3
فرماندهی 3,3
فرمانروا 3
فرمانروای 30
فرمانروایان 31
فرمانروایی 24,30
فرمانش 24
فرمانهای 32
فرهنگ 3,46
فرهنگی 24,31,46
فریدریش 46
فساد 32
فسار 32
فشار 24,24
فضای 46
فعال 48
فلاسفهٔ 31
فلذا 3
فلزات 32
فلسفی 46
فمینیست 48
فمینیسم 48,48,48,48,48,48
فندقی 24
فهرست 24,30,45,45
فوتبال 31,31
فَهُوَ 32
فکری 46
فیلسوفان 46,46
فینیقیه 52,52,52
قابل 1,25,26,27,27,28,29,29,3,30,31,32,32,32,46,46,52
قاطع 46
قاطعیت 32
قباد 24
قبایل 24,24
قبرستانی 29
قبول 3
قبیلهٔ 3
قداست 30
قدرت 24,24,24,24,24,24,24,32,32,32
قدرتمند 30,32
قدیم 24,27,27,29,32,45
قدیمتر 24
قدیمی 25,26,27,28,29
قرآن 29,32,32,32,32,32,32,32,32,32
قرآنی 32
قرار 24,26,27,27,28,28,28,3,3,30,30,30,30,32,32,32,45,52,52
قرانی 32
قرمز 24
قرنی 32
قرنین 32,32
قرون 31,46
قزوین 24
قسمتی 32
قضایی 24
قطعیت 24
قفقاز 24,24,24,24,24,24,24,24,24,24,24,24,24,24,24,24
قفقازی 24
قلمروش 3,3
قلمروهای 1,24,24,25,25,25,53
قلمروی 24
قلهٔ 30,30
قوای 3,3
قورچ 32
قومی 24,24,24,32,32,32
قومیت 24
قوچی 32,32
قیاس 3,3
قیام 32
قیامت 29,29,32
لاتین 24
لبنان 24
لذیذ 30
لزوم 1
لشکر 3,32
لشکرکشی 24,24,3,32
لطفاً 28,46
لعاب 1
لنگی 30
لوسیماخوس 3
لوگینوس 3
لِفلک 32
لیبرال 31
لیتوانی 24
مأجوج 32
مؤمن 32,32
مؤمنا 32
مؤمنی 32
مابین 3,3
ماجرای 32
ماجوج 32,32,32
مادرش 3
مادری 30
مادیان 32
مارپیچی 45
مازندران 24
ماشین 1,1
مالاگا 52,52,52,52,52
مالقه 52
مانده 24,32,45
مانع 24
مانند 24,32
ماهیگیری 31
ماکائو 53
مباحثه 30
مبدأ 32
مبنای 46
متحد 24,31,31,31,31,31
متحده 46
متحمل 3
متصل 25,26,27,28,29,30,31,32,46,52
متضادی 24
متعدد 24,24,24,45
متعلق 24,25,26,27,28,29,30,31,45,51,52
متفاوتی 45
متفرق 3
متفکران 46
متلاشی 24
متوجه 24
متون 24,24,46
متیس 30,30
مثال 30
مجازا 32
مجبور 3,3,3,3
مجدد 24,24
مجدداً 3
مجزا 30
مجلسی 32
مجللی 3
مجله 24,24,24
مجموعهٔ 30
محاصره 3
محبوب 30
محتوای 25,26,27,28,29,30,31,32,46,52
محتویات 25,26,27,28,29,30,31,32,46,52
محسن 24
محلی 24,52,52,53
محمد 32,32
محمدرضا 24,24
محمود 32,32,32
محکم 32
مخالف 3,46
مخالفان 24,48
مخالفت 24
مختصات 25,28,29,52
مختلف 24,3,30
مخزن 25,26,27,28,29,30,31,32,46,52
مخلوط 24
مدافع 46
مدافعه 24,24
مدتی 24,30
مدحیات 32
مدنی 31,31
مدیترانه 52
مذهب 24
مذهبی 46
مذکور 32,45
مرآتِ 32
مراسم 30
مرتبه 3,32
مرتفع 30
مرجع 46
مرداد 24
مردان 48,48
مردانی 3,3,48
مردد 3
مردم 24,24,24,24,29,32,32,48,52
مردمان 24,24,24,30
مردمانِ 24
مردمی 32,32
مرزبانی 24
مرزهای 24,24,24,3,46
مرفوع 32
مرکز 3,46,52
مرکزی 24,3
مزارع 3
مزدور 3
مستحکم 3,3,32
مستضعف 32,32
مستقر 3
مستقل 24,24
مستلزم 3
مستند 24,31
مسلح 24,24,3,3,31
مسلط 32,32
مسلمان 24,24,24
مسلمین 32
مسکونی 1,24,52,52,52,53
مسیح 45
مسیحی 24,24,24,46
مسیر 3
مسین 32
مشابه 24,52,52,52,53
مشابهت 46
مشاهده 24,24,24,24,27,28,29,30,30,31,31,31,32,45,46,46,46,46,52,52,52
مشتمل 3
مشخص 3,32,32,45,45,46
مشخصات 32
مشخصاتی 32
مشرق 32
مشرقی 29
مشغول 3
مشمول 32,32
مشکوک 3
مشیتم 32
مصاحب 32
مصاف 3,46
مصالح 32
مصطفیٰ 32
مطابقت 46
مطالعات 24
مطالعاتی 24
مطرح 32
مطلب 3
معادل 30,30,30
معارض 46
معاصر 32
معتبر 24,24,46
معتقد 32,32,32
معتقدان 32
معتقدند 32
معرفت 46,46
معرفی 32
معروف 3,30
معشوق 30
معشوقهٔ 30
معلق 45,45,45
معلوم 24,46
معمولاً 24,30,48
معنای 28,46
معنوی 24
معنی 24,32,32,32,32,32,32,46,46
مغرب 32
مغلوب 3
مغولان 32
مفهوم 32,32
مفیدی 1
مقابل 32,32
مقاله 1,32
مقالهٔ 1
مقام 29,32,32,32,46
مقاوم 1
مقاومت 3,3,32
مقبره 27,28,29
مقتدر 3,46
مقدس 1,30,30,30,32,32,32
مقدونی 3,3,3,3,3,32,32
مقدونیان 3
مقدونیه 24,3,3
مقرر 32
مقیم 24,24
ملاقه 52
ملقب 32
ملوک 32,32,32
ملکه 31,32
ملکهٔ 3
ممالک 24
ممنوع 46
منابع 24,24,24
منابعی 45
مناطقی 24
منتشر 31
منتقل 24
منحرف 32,32
منزلت 32
منشأ 24
منصرفشان 3
منطقه 24,24,30
منفی 48
منهزم 3
منیرِ 32
مهاجم 24,3
مهربان 30
مهربانی 30,32,32
مهمانان 30
مهمی 24,3,31
مواد 31
موارد 24,32
موافقان 48
مواقع 30,30
موجب 31
موجبات 3
موجود 24,52
موجودات 30
موجودی 32
موحدی 24
مورخ 32
مورد 24,24,3,30,30,30,32,32,32,32
موردی 24
موصوف 32,32
موضوع 32,46
موفق 24
موفقیت 24,3,3
موقتاً 3
موقع 24,3
مولانا 32,32,32
موهای 24
مَادِی 32
مَدیَن 1
مُلُوکُ 32
مکارم 32
مکان 32,32
مکانت 32
مکتوبات 24
میان 24,24,24,24,30,30,30,32,32,32,32,32,32,32,32,46,48,48,48,48
میانه 31
میدان 3,3
میرا 30
میراث 24,46,53
میسر 3
میعادگاه 29
میلاد 24,3,3,3,3,3,45,45,45,45,45,45,45
میلادی 24,24,24,24,46
نئوکلاسیسیسم 46
نابهنجار 46
نابود 24
نابودی 24
نابودیشان 32
ناحیه 24,24,24,24
نادانی 46
نادرشاه 32,32
نارگین 24
ناشناخته 52,52,52
ناصر 29
ناظر 30
نافذالامرِ 32
نامش 31
نامعلوم 26,26,26,27,27,27
نامه 32
نامهای 24,24
نامهٔ 32
نامگذاری 32
نامیدن 24
نامیده 24
ناوگان 3
ناچار 24,24,24
ناگاه 32
ناگزیر 30
ناگشودنی 3
نایل 3
نباید 24
نبرد 3,3,30,46
نبود 32,32
نبوده 32
نتوانست 32
نحوه 32
نحوهٔ 3
نحوی 3
نخست 31,32,32
نخستین 3,3,30
ندارد 3
نداشت 3,32
نزاع 30
نزدیک 29
نزدیکی 24,24,24,3
نزولی 46
نسبت 3,3,32,48,48
نسخه 25,26,27,28,29,30,31,32,32,46,52,53
نسخهٔ 1
نشان 3,32,32,48,48,48
نشانه 28
نشانهٔ 3
نشانی 25,25,26,26,27,28,28,29,30,31,32,46,46,52,52,53
نشده 24
نشسته 30
نشین 30
نشینان 30,30
نظام 3
نظامی 24,31
نظریه 32,32,46
نظریهٔ 32,32,46
نفرین 30
نفوذ 24
نقاط 30
نقشه 52,52
نقشهٔ 46
نقطهٔ 1
نمادهایی 45
نمایان 3,30
نمایش 1
نمرود 32,32
نمود 32
نموده 24,24,3,32
نهاده 31
نهایت 46,46
نهایی 24
نواحی 3,3
نواخت 30
نوار 25,26,27,28,29,30,31,32,46,52,53
نوامبر 3
نوزدهم 31
نوشتار 28,46
نوشته 45
نوشتهٔ 32
نوعی 30,46,46
نویسندگان 46
نوین 3
نپایید 30
نژاد 24
نژادی 24
نکتار 30
نکته 32
نگارش 45
نگاهداری 30
نگذشت 32
نگهبان 46
نیابت 31
نیازمند 24,24,28,28,46
نیاورد 3,3,30
نیاکان 24
نیتش 3
نیرومند 24
نیروی 32
نیزه 3,30
نیست 24,25,26,27,28,29,30,31,32,32,32,46,46,52,53
نیفتاد 24
نیمۀ 31
نیکو 32
نیکوکاران 32,32
نیکی 32
هادس 30,30,30,30
هالیکارناس 3
هانس 45
هجوم 24
هخامنشی 32,32,32
هخامنشیان 3
هدایت 3
هربرت 31
هردو 46,46,46
هرمس 30,30
هرچند 24,25,26,27,28,29,30,31,32,46,52,53
هرگاه 3
هرگونه 46
هزار 3,32
هستند 24,24,30,32,45,45
هستیا 30,30
هستیم 24
هشتم 24,24
هفائستوس 30
هفتاد 32
هفتم 24,24,31
هفتگانه 45,45,45,45
هلنی 45
همان 24,24,24,3,30,32,32
همانند 30,30,32
همانگونه 32
همجوار 24
همراه 24,24,24,3,31,31,32,46,46,53,53
همزاد 30
همزمان 31
همزیستی 24
همسان 24,24
همسایهٔ 24
همسر 30
همسرش 3,30
همهٔ 25,25,26,26,27,27,28,28,29,29,30,30,31,31,32,32,46,46,52,52,53,53
هموار 29
همواره 24,30,30,30,30,32
همچنان 24
همچنین 29,29,3,3,3,30,31,31
همچون 3,30
همیشه 30
همین 24,24,25,26,27,28,29,30,30,30,31,32,32,32,32,46,52,52,53
هندو 46
هنوز 24,24,24,24,24,46
هوایی 25,25,28,29,31,31,52,52
هویت 24
هیجان 46
هیرکان 24
وابسته 31
واحدی 3
وادار 24,24
وادی 24
وارد 24,24,25,25,25,26,26,26,27,27,27,28,28,28,29,29,29,30,30,30,31,31,31,32,32,32,32,32,46,46,46,52,52,52,53,53,53
واسطهٔ 1
واقع 24,24,3,30,46,52
واقعی 30,32
واپس 24
واژه 24,24,32
واژگان 27,27,28,28,28,30,30,30,46,46,51,53
واکنش 48
واکنشی 46
واگذار 3
وجود 1,24,24,24,24,24,24,24,24,24,24,24,24,24,24,24,24,24,24,24,24,24,24,24,24,24,24,24,24,24,24,24,24,24,24,24,24,24,24,24,24,24,24,24,24,24,24,24,24,24,24,24,24,24,24,24,24,25,25,25,25,27,27,28,28,29,29,3,3,3,3,3,3,30,30,30,30,30,30,30,30,30,30,30,30,30,30,30,30,30,30,30,30,30,30,30,30,30,30,30,30,30,30,30,30,31,31,31,31,31,31,31,31,31,31,31,31,31,31,31,31,31,31,31,31,31,31,31,31,31,31,31,31,31,31,31,31,31,31,31,31,31,31,31,31,31,31,31,31,31,31,31,31,31,31,31,32,32,32,32,32,32,32,32,45,45,45,46,46,46,46,46,46,46,46,46,46,46,52,52,52,52,52,52,52,52,52,52,52,52,52
وحشی 32
ورجاوند 24
ورخنی 24
ورزشی 52,52,52
ورزید 3
وزیران 31,31
وسطا 24
وسیله 3,3,45,45
وضعیت 24
وعده 29,32
وفات 29
وقتی 3,30,30
ولگا 24,24
ویران 24,3,3
ویرانی 45
ویرایش 24,24,24,24,24,25,26,27,27,28,28,29,29,30,30,30,31,31,31,31,32,45,45,46,46,51,52,52,52,52
ویلهلم 46
ویژه 25,26,27,28,29,30,30,31,32,32,46,52,53,53
ویژهٔ 30
ویژگی 30
ویکتوریا 31,31,31,31
ویکی 25,26,27,28,29,30,31,32,32,46,52,53
پاداش 32
پادشاه 3,3,3,30,30
پادشاهان 32,32,32
پادشاهی 24,31,31,31,31,31,31,31,31,31,31,31,31,31,31,32
پارامتر 46
پارامترهای 26,26,26,27,27,27
پاردوس 52
پارس 32
پاره 3
پاسارگاد 32,32
پاسخ 24,3
پاسخی 24
پاشیدن 46
پامفیلیه 3
پایان 3,30,32,32,46,46
پایتخت 24,24,24,24,3
پایدار 25,26,27,28,29,30,31,32,46,52,53
پایه 24,31,31,31,46,46,46,46,46
پایهٔ 46
پایین 30
پدرش 3
پدید 30
پدیدآورد 32
پذیرای 30
پذیرش 24
پذیرفت 3
پذیرفته 3
پرتاب 3
پرتو 32
پرجمعیت 52
پرده 45
پرسشهایی 32
پرشور 46
پرفروغ 30
پروردگار 32,32,32
پروردگارش 32
پرومته 30
پرویز 24
پریشانِ 32
پسران 30
پلانتاژنه 31
پهلو 3
پهلوانان 30
پهلوی 24,24,24
پوزئیدون 30,30
پوست 24
پوششی 32
پوشیده 30
پیاده 3
پیام 24,24
پیامبر 32,32,32,32,32,32,32
پیامبران 32,32,32
پیدا 32,48
پیرامون 25,25,25,26,26,26,27,27,27,28,28,28,29,29,29,30,30,30,30,31,31,31,32,32,32,46,46,46,52,52,52,53,53
پیروانشان 46
پیروز 24,32
پیروزی 24,3
پیروی 32
پیشروی 24,24,3,3
پیشنهاد 3
پیشه 32
پیشگویی 3
پیشین 24,24,24,25,25,25,26,27,28,29,30,30,31,32,46,52,53
پیغمبر 32
پیغمبران 32
پیغمبرزادگان 32
پیغمبری 32
پیمان 3,31
پیوند 24,24,25,25,25,26,26,26,27,27,28,28,28,29,29,30,30,30,31,31,31,31,31,32,32,32,46,46,46,46,52,52,52,52,52,53,53,53
پیوندهای 25,26,27,28,29,30,31,32,32,46,52
پیچیدند 30
چازاری 24
چاپورا 24
چشمان 24
چنان 30
چندقومی 24
چندگانگی 32
چندین 3,3,3
چنگال 32
چنین 29,32,32,32,32,32,32,32,32,32,32
چهار 32
چهارم 31
چگونگی 25,26,27,28,29,30,31,32,46,52,53
چیزی 32,32,32,32
چیست 32
ژانویهٔ 51
ژمچوژنی 24
ژوئن 25,27
کاتولیک 46,46
کادوس 24
کاربرد 52
کاربری 25,25,26,26,27,27,28,28,29,29,30,30,31,31,32,32,46,46,52,52,53,53
کارخانه 30
کارهای 32
کارولین 31
کاریا 3,3
کازاری 24
کاسپین 24,24,24
کاسی 24
کافر 32,32
کالیستنس 3
کامل 24,46
کامیابی 32
کانون 30
کاپیتان 3
کبیر 3,32
کتاب 24,32,32,32,32,32,32,32,32,32,32,32,32
کتابخانه 31
کتیبه 24
کثیر 32
کثیری 32
کدام 30
کرامت 32
کردم 32
کردن 1,24,25,26,27,28,29,3,30,31,32,46,52,53
کردند 24,24,3,3,3
کرده 24,24,3,32,32,32,32,32,45
کرهٔ 46
کرواتی 24
کروس 52
کرونوس 30
کریدور 24
کریمه 24,24,24,24
کریکت 31
کسانی 30,32,48
کستلر 24
کشتار 31
کشته 3
کشتی 3
کشور 24,24,32,46,52
کشورهای 24,52
کشوری 24,25
کشید 32
کشیدند 32
کشیده 3,30
کلاسیک 24,46
کلاه 30
کلمه 48
کلیسا 46,46,46
کلیسای 46,46,46
کلیک 1
کمابیش 24
کمتر 32
کنار 24,28,30
کناره 24,28
کنارهٔ 32
کناری 25,26,27,28,29,30,31,32,46,52,53
کنترل 3,3,31
کنند 1
کنون 45
کنونی 24,45,46
کنید 1,28,32,46
کنیم 32
کوبورگ 31
کوتاه 24,3
کودکان 3,3
کورس 32,32
کورش 27,28,29,32
کوره 30
کوروس 32
کوروش 32,32,32,32,32,32,32,32,32,32,32,32,32,32,32,32,32,32,32,32,32,32
کوزار 24
کوزارین 24
کوفی 32
کوهستانی 3,32
کوهی 32,32
کیستی 32
کیفیت 1
کیلومتری 52
گاهی 30
گداخته 32
گذراند 3
گذشت 3
گذشتند 3
گذشته 25,25
گذشتهٔ 46
گردن 30
گردونه 30,30
گرفت 3,3,32
گرفتن 3,3
گرفته 24
گروه 46
گروهی 24,32,32
گرچه 25,26,27,28,29,30,31,32,46,52,53
گرگان 24
گریت 24
گریخت 3
گریختن 3
گستردن 32
گسترش 1,24,24,32,46
گسترهٔ 31
گشود 3,3
گشودن 3
گفتار 32
گفته 29,3,3,30,31,32,32,32,32,46
گفتگو 28,46
گلادستون 31
گمان 24,24
گناه 32
گهواره 46
گواهی 32
گوتا 31
گوشه 24
گوناگون 24,24
گونه 24,32
گوگل 1
گوگمل 3
گویند 29
گویی 32
گیلان 24
یأجوج 32
یابند 29
یاجوج 32,32,32
یادآوری 24,24
یادداشت 24
یادکرد 25,26,27,28,29,30,31,32,32,46,52,53
یاری 24,24,46
یافا 27
یافت 30
یحیی 46
یعنی 28,30,30,30,32,32,32,32,32
یقال 32
یهود 32
یهودیان 24
یورش 24,24,24,3,3
یوشع 32
یونان 3,30,30,30,30,30,30,30,30,30,30,30,30,30,30,30,30,46,46,52,52
یونانی 3,3,30,30,46
یونانیان 30,30
یکتاپرست 32,32
یکدیگر 30,30,30
یکسان 3
