آئورنوس 3,3
آباد 37
آثار 33,33,35,35
آثارش 35
آخرین 39
آداب 3
آدمی 33,33
آرام 3
آرمادای 33
آرگومان 33,33,53,53
آرگون 33
آزاد 33,36,39
آزتک 46
آزیتا 33,33
آسان 33
آساکنوی 3,3
آسمان 33,33,33
آسپاسیوی 3,3,3
آسیا 34,53
آسیای 37,53
آشنا 33,33
آشکارا 33
آغاز 3,33,33,33,33,33,33,33,33,33,33,33,34,34,34,35,39,39,39,46,46
آغازگر 33
آفرید 33
آفریقا 33,33,39
آفریقایی 33,46
آلمان 39,39
آلمانی 38,46
آلیاژ 34,34,34
آماده 33
آماری 36
آمدن 39
آمدند 39
آمریکا 34,39,39,39,46
آمریکای 39,39
آمریکایی 39,46
آموخته 33
آموزش 46
آناتولی 37,37,37
آنان 3,3,3,3,3,48
آنجا 39,39
آنطرف 3
آنطور 3
آنکه 3,33,33,33
آوارگان 33
آورد 33,33
آوردند 39
آورده 3
آورند 3
آوریل 46,46,46,46,46,46,46
آونگ 33,33,33
آپلس 3
آیتم 34,35,36,37,38,39
آیلند 53,53
ائتلاف 46,46,46
ابتدا 3,53
ابتدایی 33,46
ابداع 33,33,33
ابلاغ 39
ابوطالب 33,33,33,33,33,33
اتحاد 3,33,34,34,34,34,39,39,39,39
اتحادیه 33,33,46,46
اتریش 39
اتفاق 39
اتیوپیایی 46
اثبات 33
اجباری 34,35,36,37,38,39
اجتماعی 35,39,48
اجتناب 33,33
اجرام 33
اجسام 33,33,33
احساسات 46
اختراع 33,33,33,33
اختصاصی 36
اختلاف 53
اختیار 39
اختیاری 34,35,36,37,38,39
اخلاقی 33,38,46
اخیر 34,34,34,35,35,36,36,37,37,38,38,39,39
اداری 53,53,53
ادامه 33,39,39,46
ادامهٔ 39
ادبی 39
ادبیات 46
ادعا 33,33,33,36
ادعای 53
اذهان 33
ارائه 34,38
ارابه 3
ارباب 33,46,46
ارتباط 39
ارتباطی 33
ارتداد 39
ارتش 3,3,3,3,36,39,46
ارجاعات 36
اردشیر 35
ارزش 34,34,34,34,34,34,39
ارزشمند 33
ارزشی 33
ارزهای 34
ارسطو 33,33,33,33
ارشد 3
ارنست 46,46
ارهارد 46
اروپا 33,33,33,33,34,39,39,39,46
اروپای 33
اروپایی 39
اروپاییان 39
ازدواج 3,35,35,48
اساس 33,33,33,38,38,38,46
اساساً 33
اساسی 34,39,46
اسبش 3
استادان 33
استادیوم 34
استان 37,37,37,37,39,53,53
استاندار 36
استاندارد 1,1,33,33,33,33,33,33,33,33,33,33,33,46,46
استانی 36,53
استحکامات 3
استخدام 48
استدلال 33,33
استراتژیک 3
استفاده 33,33,33,34,34,34,35,36,37,38,38,39,39
استقلال 39,39,39,39,39,39,39,39
استوین 33
اسدآباد 35
اسرائیل 33
اسلام 1
اسلامی 33
اسلاوی 33
اسلووتسکی 34
اسلوونیایی 46
اسمی 34,34
اسپانیا 33
اسپانیایی 33
اسپینوزا 46
اسکناس 34
اسکندر 3,3,3,3,3,3,3,3,3,3,3,3,3,3,3,3,3,3,3,3,3,3,3,3,3,3,3,3,3,3,3,3,36,36,36
اشاره 33,36,39,39,53
اشتباه 33,33,48
اشتهار 37
اشغال 39
اشکال 33
اصرار 33
اصطلاح 38
اصطلاحی 39
اصلاح 33
اصلی 34,35,36,37,38,39
اصول 33,33
اطاعت 3
اطلاعات 34,34,34,34,35,35,36,37,38,39
اعتبار 34
اعتراض 33
اعتراضات 33
اعتقاد 33,33
اعتقادات 33
اعتماد 3
اعتمادزاده 33
اعدام 3,33
اعطا 3
اعظم 3
اعلام 3,33,39,39,39,39,39,39,39,39,53
اعماق 3
افتاده 3
افتتاح 39
افتخار 3
افراد 39
افزایش 34,34,34,34,39,39
افزودن 3
افسران 3
افشار 33
افلاطون 33
افلاطونی 33
افیون 37
اقتصاد 34,34
اقتصادی 34,34,34,34,34,34,34,34,39,53,53
اقیانوس 34,34,53
البته 34
الحاق 38
الغای 39
القریة 1
المنافع 33,33,46
المپیک 34
الهیات 33,33,33
الکتریکی 39
الگو 1,1,1,33,33,33,33,33,33,33,33,33,33,33,34,34,34,34,34,34,34,35,35,36,36,37,37,37,37,46,46,46,46,53,53
الگوهای 34,34,34
الگوی 33,33,33,33,33,33
امام 33
امانوئل 39,39
امتحانی 37,37
امتداد 3
امتناع 3
امثالهم 33
امروز 39
امروزه 33,39
امروزی 3
امضای 39
امنیت 46,46
امور 33,39,53,53
امپراتور 39
امپراتوری 33,33,33,37,37,39,39,46
امپراطورهای 38
امپریالیسم 39
امکان 1,34,35,36,37,38,39,54,55
انبار 55
انبیای 33
انتخاب 3
انتشار 33,33,34
انتشارات 33,33,33,33,33,33,33,33
انتصاب 39
انتظار 3
انتقاد 3
انتقادی 33
انجام 33,34,35,36,37,38,39,39,54,55
انجامد 33
انجیل 1
انحصاری 36
اندازه 34,38
اندوختن 33
اندونزیایی 46
اندکی 3,3,3
اندی 37
اندیشمندانه 33
اندیشه 33,33,33,33
اندیشیدن 33
انسان 33,33,33,33,36,39,46
انقلاب 33,33,33,33,34,39,39,39,39,39,39,39
انقلابی 33
انقیاد 39
انکار 33
انکارناپذیر 33
انگلستان 33
انگلیس 39
انگلیسی 33,35,36
اهالی 3
اهمیت 38,39
اواخر 3,33,33,46
اورا 3,3
اوراق 34
اوروکن 53
اوشر 38
اوقات 39
اولوا 1
اولی 33
اولین 33,33,33,33,33,33,33,33,34,35,39
اولیه 33,33,33,46,46
اکباتان 37,37,37
اکتبر 34,34,35,39,46,46,46,46,46,46,46,46
اکتشاف 3
اکتشافات 39,39
اکثر 3
اکثریت 39
اگرچه 38
ایالات 39,39,39,39,39,39,39,39,39,39
ایالت 33,39,39,39
ایتالیا 39,39,39,39
ایتالیای 33
ایتالیایی 39,39,46
ایجاد 39
ایران 3,3,33,35,35,35,36,36,36,36
ایرانی 3,3,3,3,36
ایرانیان 3,3,36
ایرلند 39,39,39
ایزابلا 33
ایزو 34,34,34
ایشان 33
ایفا 48
ایلامی 36
ایمان 33
اینحال 39
اینچنین 3,3
اینکار 39
اینکه 3,39,39,53
بابل 3,3
باثباتی 39
بارداری 48
بارهٔ 33,33,33
بارونیوس 38
بازار 34,34,34
بازبینی 35,35
بازرگانان 33
بازل 46
بازگشت 3
باستان 33,33,36,37,37,37,37,38
باستانی 35,35,35,35,35,37,37,37,37,37
باشد 33,33
باعث 33,33,39,39,39,39,39
بالا 33,33,33,53
بالاخره 3,33,33,39
بالای 34
بانوی 34
بانکی 33
باورهای 33,48
باپتیست 34
باپتیستری 33,33
باید 33,33,38,48
بایستی 33
بایگانی 35
بحثی 33
بحران 34
بخار 39
بختیاری 35,35,35
بخشی 33
بخشید 3,3
بدرفتاری 3
بدون 34,36,36,36,38,53
بدیع 33
برابر 33,33,33,33,33,33,33,33,34,34,38
برابری 33,34
برادری 33
برای 1,1,3,33,33,33,33,33,33,33,33,33,33,33,33,33,33,33,33,33,33,33,33,33,33,33,34,34,34,34,34,35,35,35,36,36,36,36,36,36,36,37,37,38,38,38,38,39,39,39,39,39,53,54
برایش 3,33
برتانیایی 39
برجسته 33
برخورد 33
برخوردی 33
برخی 3,3,34,35,36
بردارد 3
بردارند 39
برداشت 33,33
برده 39
برقراری 3,33
برنج 34
برنجی 34
برنده 33
بروند 33
برپا 33
برکنار 33
برگرفته 36
برگزار 34,39
برگمارد 36
برگماشت 3
بریتانیا 34,34,39,39,39,39,53,53
بریتانیای 39
بریتانیایی 33,46
بریتیش 36,36
بزرگ 3,33,33,33,33,33,33,33,33,33,33,34,35,46,46
بزرگی 3,33,39,39
بسازید 34,35,36,37,38,39,54
بستگی 33
بسیار 3,33,33,33,33,39
بسیاری 3,3,33,33,39,39
بشمارند 33
بعدی 39
بفرستد 33
بلکه 3,33
بلگیسیس 38
بمانند 33
بمثابه 33
بنای 33
بناییادبود 34
بندر 34
بندری 53,53
بنسو 39,39
بنفش 34
بنیادهای 33
به 3
بهادار 34
بهار 38,38
بهداشت 1,46
بهزاد 33
بودایی 46
بودن 33
بودند 3,3,33,33,39,39
بوده 34,36
بودی 34
بوسنی 34
بومی 3,39
بومیان 46
بپردازند 3
بکند 39
بگیرند 33
بیازمایم 33
بیان 33
بیاورد 3
بیایند 3,3
بیرونی 3
بیزانس 33
بیست 3
بیسمارک 39
بیش 34,34,34
بیشتر 33,34,34,35,35,35,36,36,37,37,38,38,39,53,54
بیضوی 33
بیمارستان 33
بیماری 3
بیکن 33
تأثیر 3,39,39,39,39
تأثیرگیری 39
تأسیس 3,33
تأمل 33,33
تأملات 33
تأکید 39
تئودور 33
تئوری 33,33
تابش 1,1
تابع 33,33,53,53
تابلوی 33
تاریخ 33,33,33,33,33,33,33,33,34,35,36,36,37,38,38,39,39,39,39
تاریخی 37,37,39,46,53,53,54
تازه 33
تاسیس 53
تانیا 35,35
تبدیل 3,36,39,39
تبعیت 3
تجار 33
تجارت 33,39
تجاری 33,34,35,36,37,38,53,54
تجدید 3
تجربی 35
تجسمی 33,33
تجلیل 35
تحسین 33,33
تحصیل 48
تحصیلات 35
تحصیلاتش 35
تحقق 3
تحقیق 33
تحقیقات 33
تحلیلی 33,46
تحمیل 33
تحول 33
تخته 33
تدریج 34,39,39
تدریس 33
تدفین 3
ترتیب 3,3,33,34,34,34,34,34,34
ترجمه 33,33,33,35,35,46,46,46
ترجمهٔ 33,33,33,33,33,33,33,33,33,36,46,46
تردید 33
ترقیات 33
ترکیبی 34
ترکیه 37,37
تزئینی 33
تسخیر 3
تسلیم 39
تسویه 34
تشویق 33
تشکیل 3,33,39,39
تصادفی 34,35,36,37,38,39
تصاویر 34,35,36,37,38,39
تصرف 37,39
تصمیم 34
تصوبر 34
تصویر 3,33,34
تصویرگری 3,33
تضاد 48
تعادل 39
تعاریف 36
تعالیم 33
تعاملات 33
تعجب 33
تعداد 33,34
تعقیب 3
تغییر 34,34
تغییرات 34,35,36,37,38,39
تفکر 33,33
تقاضا 3
تقاضای 3
تقدیم 33
تقریباً 3
تقسیمات 36,36,36,36,53
تقلید 3,33
تقویت 39
تلاش 3
تلافی 39
تلفن 33,34,35,36,37,38,53,54
تلقی 39,39
تماشای 33
تمام 33,33,33,39
تمامی 33,39,39
تمایزی 38
تمجید 33,33
تمدن 33,33,33,33,33,33,33
تمدنی 36
تملک 39
تندتر 33
تنظیم 38
تنها 3,3,3,3,33,33,38
تنیس 46
تهاجم 3
تهدید 33
تهران 33,33,33
تهیه 3,33
توابع 33
توان 3,3,33
توانست 39,39,39,39,39,39
توجه 39
توجیه 38
تورم 34,34
تورن 33
توزیع 39
توسط 3,33,33,35,36,37,38,39,39,39,39,39,53,53,53
توسعهٔ 39
توصیف 3,33
توفان 33
توهین 39
تکامل 39
تکزاس 39,39
تکفیر 33
تکمیل 33,33
تکیه 33
تیره 3,34
تیری 35
تیمور 34,34
ثابت 33
ثانویه 33,46
ثبات 33,34
ثروت 33,37
ثروتمند 33
جامع 33
جامعه 33,33,48
جامهٔ 3
جانشین 36
جانشینان 3
جاوید 35
جایاواردنپورا 53
جایز 33
جایش 33
جایگاه 3
جبرگرا 39
جدایی 39
جدید 3,3,33,33,33,33,33,33,34,34,34,34,39,39,39,39,39,39,39,39,39
جدیدی 33,34
جذاب 33
جرئت 33
جرمن 39,39
جریان 34
جریر 38
جزئیات 3,33,34,35,36,37,38,53,54
جزایر 53,53
جزیره 39
جزیرهٔ 33
جستارهای 34,35,37,38
جستجو 33
جعبه 53,53,54,54,54,55
جماعت 3
جماهیر 34,34,34
جمعی 33
جمعیت 39,39
جمهور 34,34
جمهوری 34,39,39,53,53,53,53
جنسیت 48
جنوب 3,33,33,34,34,37,53
جنوبی 3,39,53
جنگید 3
جهان 3,33,33,34,39,39,39,39,39
جهانبگلو 33
جهانی 33,33,34,34,37,37,37,37,37,39,39,46,46,53,53
جهلم 3
جواب 3,3,33
جوان 33
حاصل 39
حاضر 3
حاضران 33
حالات 3
حالت 34
حالش 3
حالی 38
حالیکه 39
حاوی 48
حاکم 33,33,33
حدود 39
حدودی 39
حروف 33
حرکات 33
حرکت 33,33,33,33,33,33,33,33,33
حساب 3,34,34,35,35,36,36,36,37,37,38,38,39,39,54
حضرت 33
حفاریهایی 35
حقایق 33
حقوق 46
حقیقت 33,33,33,33,46
حماسی 3
حواس 33
حوالی 3
حکمت 33
حکمی 39
حکومت 33,37
حیات 3
حیرت 33
خاباروفسک 34
خارج 34,39,39,39
خارجی 34
خاطر 34,35
خدائی 33
خدامنشانه 33
خدمت 35
خرافات 33
خرافه 33
خروج 33
خزانهٔ 3
خسرو 35,35
خصوص 34,35,36,37,38,39
خصوصی 39
خطای 1,1
خلاف 33,39
خلاق 53
خلیج 34
خواستار 39
خواهد 3
خواهرخواندگی 1
خودش 33
خودمختار 36,36,39,39,39,53,53
خودکار 34
خوردن 39
خورشید 33,33,33,33,33
خورشیدی 35
خونبار 3
خونین 3
خویش 33
خیالی 33,33
داخلی 39,39,39
دادن 3
داده 3,33,33,34,35,36,37,38,39
دارای 33,33,33,34,34,34,34,34,34,34,34,35,35,35,35,35,36,36,36,38,38,38,38,39,53,53,53,53,53,53,53,53,54,54,54,55
دارد 3,33,33,33,34,35,36,37,38,38,39
داشت 3,33,33,37,39
داشتند 3,33
دانشمند 33
دانشمندان 33,33
دانشنامهٔ 34,34,35,35,36,36,37,37,38,38,39,39,54,55
دانشگاه 33,33
دانشگاهی 33,35
دانمارکی 46
دایره 33
دخالت 39
دربار 33
درباره 33,53
دربارهٔ 1,1,1,33,33,33,33,33,33,33,33,33,33,33,33,33,33,34,34,34,34,34,35,35,35,35,35,36,36,37,37,37,38,39,46,46,46,53
درست 3,33
درستی 33
درعوض 53
درنظر 36
درهای 33,33
درهٔ 3
دروازه 34
درگرفت 3
دریا 3,3,33,33
دریاسالار 3,3
دریافت 3
دریافته 3
دریانورد 33
دریانوردان 3
دریانوردی 34
دریای 37,37,37
دریایی 3,3,33,39,39
دزدی 39
دسامبر 33,36,38,46,46,46,46,46,46
دستاوردهای 33
دسترس 33,34,35,36,37,38,53,54
دستش 34
دستور 3
دستگاه 33,33
دستگاهی 33
دستگیر 39
دشمن 3
دشمنان 33
دشمنی 3
دعوت 33,34,35,36,37,38,39,54
دقیق 34
دقیقا 34
دقیقاً 33,33,34
دلار 34,34,34
دلالت 38
دلاوری 3
دلنشین 3
دلیل 3,33,34,48,53
دماغه 39
دمای 1
دنیا 33,35
دهندهٔ 53
دوام 3
دوباره 3
دور 33
دوران 33,33,33,33,33,33,33,33,33,36,37,37,39,39,46,46,46,46
دورانت 33,33
دوربین 33,33,33,33,33
دوره 33,33,33,34,39,46
دورهٔ 3,36,39
دوسالانه 33
دوست 3
دوستانش 3
دوسر 34
دولت 34,34,39,53
دومین 33,33
دوگامای 33
دویست 3
دچار 33
دژهای 3
دکارت 33,33,33,33,33,33,33,33,33,33,33,33,33,33,33,33,33,46
دکارتی 33
دکتری 33
دگرباشان 34
دیدن 33
دیده 34
دیدگاهی 39
دینامیک 33
دینی 33,48
دیپلماتیک 39
دیکتاتور 39
دیگر 3,33,33,33,34,34,34,35,35,35,36,37,37,37,37,38,38,39,39,39,48,53
دیگری 3,3,33
ذهنی 46
رؤسای 3,34,34
رئیس 33
رابطه 33
رابطهٔ 33
راست 35
رامین 33
راهب 33
راهنما 33
راهنمای 35
رایانه 46
رایج 34,34,36
ربوس 38
رتیکوس 33,33,33
رسانه 33,33
رسانید 33
رسمی 34,39
رسمیت 33,53,53,53
رسید 3,3,34
رسیدن 33
رسیدند 33
رضایی 33
رعایای 3
رفتاری 33
رفتن 3,33
رمقی 3
رنسانس 33,33,33,33,46
رنگه 34
رهبران 39,39
رهنمون 33
روان 33
روایت 3
روایتی 38
روبرو 34
روبل 34,34,34,34,34,34,34,34,34,34,34
روبل_روسیه 34
روبلی 34,34,34,34,34,34,34,34
روحانی 33
روزانه 1
روزگار 33,33
روسکی 34
روسی 46
روسیه 34,34,34,34,34,34,34,34,34,39,39
روشن 33,46
روشنفکر 33
روشنگری 46,46
روشی 33
رومانیایی 46
رومن 35
رومن_گیرشمن 35
رومیان 37,38
روند 3,33,39,39
روکش 34
رویارویی 3,33
رویداد 39
رویدادنامه 38
رویدادهای 34,35,36,37,38,39
رویش 3
رویین 33
ریاضی 33,33
ریاضیات 33
ریاضیدانی 33
ریشهٔ 38
ریلی 39
زبان 33,33,33,33,34,34,34,35,35,35,36,36,36,36,36,38,38,38,38,38,46,53,53,54,54,54
زبانی 33
زرامین 35
زمان 33,33,34,36,39,39,39,39
زمانی 3,35,39
زمستان 3,33
زمین 33,33,33,33,33,33,46
زمینه 34,34,35,39
زنان 46,48,48,48
زنده 3,3
زندگی 33,33,39
زننده 33
زهرا 33
زوبینی 3
زیادی 3,33,33,35,39,39,39,39,39,39,48
زیرا 3,3,34,39
زیرزمینی 39
سؤالات 33
سائو 1
سابق 53,53
ساتراپ 3,36,36,36,36
ساحلی 34,53,53
ساخت 33,34,35,36,37,38,39,39,39
ساختارگرایانه 46
ساختمان 33
ساختن 33,33
ساخته 3,39
سارد 37,37,37,37,37
ساردیس 37
سازد 39
سازش 33
سازمان 33,34,35,36,37,38,53,54
سازنده 34
ساعت 33,34,35,36,37,38,53,54
سالنامه 38,38,38
ساله 33
سالهای 35
سالگی 3,33
سالیانه 38
سامانه 34,34,34,35,35,35,36,36,36,37,37,37,38,38,38,39,39,39,54,55
سانتا 39
ساووی 39
ساکن 3,33
سایر 3,3,34
سایرین 3
سبزه 3
ستارگان 33,33
ستایش 33,33
سخنی 33
سدهٔ 39,39,39,39,39
سدوف 34
سرازیر 39
سراسر 39
سرانجام 3,3,33
سربازان 3,3,3,3
سرحال 3
سردار 3
سردارش 3
سردر 34
سرزمین 33,35
سرزمینی 36,36
سرنویس 36,36
سرپرستی 3,35
سرپیچی 3
سرچشمه 33
سرگردانی 33
سریع 39
سفری 35
سفلی 35
سفید 37
سقوط 3,33,33,33
سلامتی 3
سلتی 33
سلسله 38
سلطنت 33,38,39,39
سلطنتی 34
سلوکوس 36
سناتور 33
سنای 33
سنتی 48,48
سندی 38
سنگین 33
سهمگین 3
سوئد 39
سوئیس 34,34
سواحل 3,3
سوار 3,3,3
سوراخ 33
سوزان 3
سوسیالیستی 34,34
سوفیا 34
سوپرفلت 33
سوژه 33
سوگند 39
سپاه 33
سپاهش 3
سپاهیانش 3,3,3,3
سپتامبر 34,39,39,46,46,46,46,46,46,46,46,53,54
سکولار 33
سیارات 33
سیاره 33
سیارهٔ 33
سیاسی 33,33,39,46,53
سیاه 34
سیبری 34
سیروس 46
سیستم 39
سیلک 33
سینهٔ 3
شاخصهٔ 39,39
شاخه 33
شاخک 34
شاعر 33
شامل 38
شانزدهم 46
شانس 34
شانه 33
شانهٔ 3
شاهان 3
شاهنشاه 36
شاهنشاهی 36,37,37
شاهی 37
شاٴن 33
شاگردی 33
شاید 33,33
شجاعت 3
شجاعتشان 3
شخصاً 3,39
شدند 33,33,34,39,39
شدید 33
شدیدی 39
شرایط 33
شرایطی 46
شرقی 3,33
شروع 33,34,39,39
شرکت 3,33,33,33,33,33,33
شعفی 33
شماره 33
شماری 36
شمال 34,39
شمالی 39,39,39,53
شمعدان 33
شناخت 33
شناختن 33
شناخته 53
شناسه 35
شهرب 36
شهربان 36
شهرهای 1,34,34,37,39,53,53,53
شهری 33,53
شورای 35
شورش 37
شوروی 34,34,34
شوید 34,34,35,35,36,36,37,37,38,38,39,39
شکست 3,3,33,33,37,39,39,39,39,39
شگفتی 33
شیرین 35,35
شیلی 39
صادر 3
صارمی 33,33,33,33,33,33
صحرای 3
صحنه 33
صحیح 3,3
صربستان 33,46
صرفنظر 33,33
صفجه 34,35,36,37,38,39
صفحات 33
صفحه 33,33,33,33,34,34,34,34,35,35,35,35,36,36,36,36,37,37,37,37,37,38,38,38,38,38,39,39,39,39,39,53,54,55
صفحهٔ 33,33,33,33,33,34,34,35,35,36,36,36,37,37,37,38,38,38,39,39,39
صفدر 33,33,33,33,33,33
صفرهای 34
صلیب 34
صمیمی 3
صنعت 33
صنعتی 33,33,33,39,39,39,39,46
صنفی 33
صورت 1,33,33,33,34,35,36,37,38,39,48,54,55
صیقلی 33
ضمیمه 39,39,39
ضیافتی 3
طبعیت 33
طبقه 33
طبیعت 33,33,33
طبیعی 46
طراحی 33,33,34
طریق 3,33,33,33,33,39
طلاق 48
طلایی 39
طوفان 3
طولانی 39
ظاهر 3
ظرفیت 33
عادی 33,33,46
عاقلی 33
عالم 33
عالیه 35
عامه 33
عبارت 1,34,34,35,36,37,38,38,39,54,55
عبور 3
عجیب 3
عربستان 3,54,54
عربی 36,36
عرصه 33
عرضه 34,34
عزاداری 3
عصای 34
عصری 33
عضویت 48
عطایی 46
عقاب 34,34
علامتی 33,34,35,36,37,38,53,54
علاوه 33
علمی 33,33,33,33,33,33,33,33,39,46
علوم 33,33,33
علیل 3
علیه 3,37,46
عملکرد 33
عموم 33,33,33
عمومی 3,46,46,46
عنوان 33,33,33,36,39,39,39,39,39,39,48,48,55
عینی 46
غاری 35
غالب 33
غالباً 39
غربی 33,33,37,39,39,39,53
غریب 3
غیاب 3
غیرانتفاعی 33,34,35,36,37,38,53,54
غیرمجاز 1,1
فاتح 33
فارسی 36
فاصلهٔ 39
فاندلینگ 33
فتوحات 3
فدراتیو 34
فدراسیون 34,34,34,34,34,34
فراتر 3
فرادریایی 36,36
فراز 33
فرانسه 33,33,35,35,39,39,39,46,46,46
فرانسهٔ 33
فرانسوی 35,35,35,39,39,46
فرانکی 34
فراهم 3,33,39
فراوان 33,37
فراوانی 3,36
فراگیر 39
فراگیرد 35
فرایند 46
فردیناند 33
فرزان 33
فرستاد 3
فرستاده 3
فرمان 3,3,3,3
فرماندار 3
فرماندهان 3,36
فرماندهی 3,3
فرمانروا 33
فرمانروایی 33
فرهنگ 39
فرهنگستان 33,35,35,35
فرهنگی 33,33,33,33,33,33,33,33,33,36
فروش 34
فروپاشی 34,34,39
فریب 34
فریبکار 33,33
فضایی 34
فلاسفه 33,33
فلزات 33
فلسفه 33,33,33,33,33,33,33,33,33,46,46,46,46
فلسفهٔ 46
فلسفی 33,33,33,46
فلورانس 33,33,33,33
فلورانسی 33,33
فمینیسم 48,48,48
فوراً 33
فوریه 34,46
فولاد 34,34,34
فویو 53
فکری 33,33,33,33
فیزیک 33,33,33,33,33
فیزیکی 33,48
فیلسوف 33,39
فیلم 46
فیچینو 33
قابل 3,33,34,34,35,35,36,36,37,38,39,39,39,53
قادر 33
قاره 39
قارهٔ 33,39,39,39
قاصد 33
قاعده 33
قانون 33,33,33,33,33,33,39
قانونی 39
قبائل 3,3
قبایل 3
قبرس 53
قبلاً 53
قبول 33
قدرت 33
قدرتمند 39
قدردانی 3
قدیم 34
قدیمی 34
قرار 3,3,3,33,33,33,33,37,37,37,53
قرمز 34
قرون 3,33,33,46,46,46
قسمت 3,33,33,33
قضایی 34
قطعیت 33
قفقاز 34
ققنوس 33,33
قلعه 34,34
قلمداد 33
قلمرو 3,3
قلمروش 3
قلمروهای 53
قلمروی 3
قهرمان 33
قواعد 33,33
قواعدی 33
قوانین 33,33
قوزک 3
قومی 34
قویاً 3
لئوناردو 33
لائیک 33,33
لاتین 39
لاریسایی 3
لازم 33,33
لاله 33
لامپ 39
لرزه 33,33
لشکر 3
لهستانی 46
لوتر 33,33
لورنتسو 33
لوسیپوس 3,3
لویی 46
لیدی 37,37
مأموریت 3
مأیوس 33
مؤثر 33
مؤمنین 33
مابقی 3
ماده 34
مارس 33,33,39,46,46,46
مارک 33
مارکوس 46
ماری 46
ماساگا 3,3,3,3
ماشین 33
مالایی 38
مالکوم 38
مالی 34,34
ماندند 39
مانده 33
ماندگار 3
مانع 33
مانند 35,38
مانوی 46
ماهی 3
ماورای 3
مایل 33
مبارزه 39
مبانی 33
مبتکرانهٔ 39
مبدل 3
متابعت 3
متافیزیکی 33
متحد 33,39,39,39
متحدانشان 39
متحدسازی 39
متحده 1,34,39,39,39,39,39,39,53
متحرک 33
متخاصم 38
متخصص 33
مترادف 33
متزلزل 33
متصل 34,35,36,37,38,39
متعلق 3,3,33,34,35,36,37,37,38,53,54
متفاوت 3,55
متفاوتند 48
متفکر 33
متقاعد 3,3,33
متمایز 38
متمایل 3
متنی 1,1
متوجه 33
متوقف 3,39
متولد 33,33
مثال 48
مثبتی 33
مثلاً 3,33
مثلث 33
مثلثات 33
مجازی 35
مجاور 33
مجبور 39,39,39
مجدد 39
مجروح 3
مجزا 33
مجسمه 33
مجسمهٔ 3,33
مجلس 38
محافظه 33
محاوره 33
محتاط 33
محتوای 34,35,35,36,37,38,39
محتویات 33,34,35,36,37,38,39
محدود 38
محلی 3,33,33,53,54,54
محمد 35
محمدرضا 46
محیط 39
مخالفان 48,48
مخالفت 3,3,48,48
مخترع 33
مخترعان 33
مختصات 37
مختصر 38
مخزن 34,35,36,37,38,39
مداخله 33
مدرسه 35
مدرسی 33
مدرن 33,33,33,33,46,46
مدرک 33
مدلی 3
مدنی 46
مدیریت 3
مدینه 54
مدیون 37
مذهبی 33
مذکور 1
مراسم 3
مراکز 53
مربوط 38,38,38,46
مرتباً 38
مرتبط 1
مرتضی 46
مرجع 33
مردان 3,3,3
مردانش 3
مردم 3,33,33,33,33,35,39,48
مرده 3,3
مردود 33
مرکاتور 33
مرکز 33,33,33,37
مرکزی 34,34,34,34,34,34,53,53
مرکزیت 33
مرگش 3
مریم 35
مزدکی 46
مسئله 39
مسئلهٔ 39
مسائلی 48
مسابقات 34
مستعمرات 39
مستقل 33,33,33,33
مستقلی 39
مستند 35,35,46
مستندات 35
مسعودیه 35
مسلح 3,34,34
مسلط 39
مسلمانان 37,39
مسمومیت 3
مسکن 35
مسکو 34
مسکونی 37,37,53
مسیح 33
مسیحی 33,33,33,46
مسیر 3,37,37
مشابه 3,33,33,34,53,54,54,54
مشارکت 39
مشاهدات 38
مشاهده 1,3,33,33,33,33,33,33,33,33,33,33,33,33,34,34,34,34,35,35,36,37,37,39,46,46,46,53
مشاهدهٔ 3
مشتاقند 3
مشتری 33
مشخص 33
مشغول 33,36
مشهور 3,33,39,39
مشکل 34,39
مشکوة 33
مشیرالدوله 36
مطالب 38
مطالبه 33
مطالعات 35
مطالعه 1,1,33,33
مطلب 33
مطلق 46
معادل 39
معادن 39
معاصر 33,35
معبد 33
معتبر 36
معتقدند 48
معرض 33
معرفی 33
معروف 33,33,33,34
معشوق 3
معماری 33
معمولی 3,53
معنای 39
معنی 36,38
معیت 3
معین 33
مفهوم 33
مفهومی 33,39
مقابل 33,34
مقابله 39
مقام 3,33
مقامات 3
مقایسه 33,33,53
مقدس 33,33,33,33,33,46,54,54
مقدونی 3
مقدونیان 3,3,3
مقدونیه 3,3,3
ملا_فیضمحمد_کاتب_هزاره 55
ملاحظه 33
ملکهٔ 39
مملو 3
ممنوع 39
ممکن 39
منابع 36
منابعی 38
مناسب 3
مناطق 39,39
مناطقی 3
مناظری 33
منتشر 33,33,33,33,33,33,33,33,33,33,33,33,35,35
منجر 3
منجمله 3
منحیث 33
منطقه 39
منطقهٔ 39
منظم 33
منظور 3
منظومهٔ 33
منقدان 33
منقدین 33
مهاجران 39
مهار 33
مهدی 46,46
مهلت 3
مهمی 39
مهندسی 39
مواجه 39
مواصلاتی 37
موافقت 3
موجب 33,33,39,39
موجبات 39
موجود 1,33,33,34,46,53
مورخین 39
مورد 33,33,33,33,35,53,53
موسوم 3,33
موضوعاتی 38
موضوعی 38
موفق 33,35,39
موقعیت 3,33,33,33,33,33
مکان 35
مکتب 33
مکزیک 39,39
میان 3,33,33,33,39
میانه 33,33,37,37,37,46
میانهٔ 3,39
میانگین 1
میراث 37,37,53,53
میلاد 33,36,37,37,37,37
میلادی 33,34,34,39,39,39,39
نئارخوس 3
نابغه 33
نابود 39
ناحیه 37,37
ناحیهٔ 39
ناراتیو 33
نارنجی 34
ناشناخته 34,34,34
ناصادق 33
نافذ 3
نافرمانی 3
ناقوس 33
نامهٔ 33,33
نامیده 34
ناندا 3
ناوگانی 3
ناپدید 3
نایب 33
نبرد 3,3,3,3,39
نبردی 3,3
نبود 33,33,34
نتایج 33
نتوانست 3,3,39
نتوانستند 39
نتوانسته 3
نتیجه 3,33,33,39,39
نتیجهٔ 3
نجومی 34
نخست 33,34
نخستین 33,33,35,35
نداد 3
نداشت 33,33
نروژ 39
نروژی 39
نزاع 3
نزدیک 33,37
نزدیکی 3
نسبی 34
نسخه 34,35,36,37,38,39
نشان 33,34,53
نشانهٔ 3
نشانی 34,35,36,37,38,39,54,54,55
نشده 35
نشسته 35
نطفه 33
نظارت 33
نظامی 3,34
نظرات 39
نظرش 33
نظرند 48
نظریه 33,33,33,33
نظریهٔ 39
نفتی 34,34
نفهمیدند 3
نفوذ 33,33,53
نقاشی 33,33,33,33,33,33,33,33,33
نقاط 33
نقره 39
نقلیه 34,34
نمادی 34
نمانده 3
نمایش 3,33,33,33,39
نمایندهٔ 39
نمود 33,33
نمودند 3,33
نهایی 39
نهضت 33
نوار 1,34,35,36,37,38,39,54,55
نوامبر 46,46,46,46
نوبت 3
نورنبرگ 33
نوزدهم 3,39,39,39,39
نوشت 33
نوشتن 33,33,33
نوشته 38,38,38
نوشتهٔ 33,33,33
نووگورود 34
نویسنده 38
نکته 48
نکردن 48
نگاه 3,33,34
نگران 3
نگری 46
نیاز 33
نیازمند 36
نیایشگاه 37
نیروهایی 33
نیروی 39,39,48
نیست 33,34,35,36,37,38,39
نیوتن 33
نیوفاوندلند 33
نیکل 34,34
نیکول 33
هادسون 33,33
هاستون 39
هاییتی 39
هجوم 39
هخامنشی 36
هدفی 33
هربی 33
هرچند 34,35,36,37,38,39
هرگونه 39
هزار 3,3,3,3,33,37
هزاره 55
هستند 33,33
هسته 53
هشتاد 3
هفتم 33
هفستیون 3
هلاک 3
هلنیستی 33
همان 33,34,39
هماهنگی 3
همدان 37
همراه 3,33,33,33,35,35,35,35,35,35,35,39,39,53,53
همسر 33
همسرانشان 3
همسرش 35
همهٔ 3,34,34,35,35,36,36,37,37,38,38,39,39
همواره 33,33
همچنان 33,33,33,34,39,39
همچنین 3,3,34,34,34,35,37,39
همچون 38,39
همگی 33
همیشه 33
همین 1,3,3,33,34,35,36,37,38,39,39,54,55
هندسه 33
هندسی 33
هندو 46
هندی 3
هنرمند 3,3,33
هنرمندان 33,33
هنرهای 33,33,33,33,33,33
هنری 33,33,33,33,33
هنوز 35
هوایی 37,37,37
هگمتانه 3
هیئت 35,48
هیئتی 35
هیزم 3
هیلونگجیانگ 53
واتیکان 39
واحد 34,34,34
واحدهای 36,36
وادی 33
وارث 33
وارد 1,1,34,34,34,35,35,35,36,36,36,37,37,37,38,38,38,39,39,39,39,39,39,39,54,55
واسکو 33
واقع 33,34,35,37
واقعیت 33
والدینشان 3
واهمه 3
واژه 36
واژهٔ 36
واژگان 33,33,35,35,35,36,36,36,38,38,38,38,38,53,54,54
واکنشی 33
وایمار 33
وبگاه 34,34
وجود 1,1,1,3,3,3,3,3,3,3,3,3,3,33,33,33,33,33,33,33,33,33,33,33,33,33,33,33,33,33,33,33,33,33,33,33,33,33,33,33,33,33,33,33,33,33,33,33,33,33,33,33,33,33,33,33,33,33,33,33,33,33,33,33,33,33,33,34,34,34,34,34,34,34,34,34,34,34,34,34,34,34,34,34,34,34,34,34,34,34,34,34,34,34,34,34,34,34,34,34,34,34,34,34,34,34,34,34,34,34,34,34,34,35,35,35,35,35,35,35,36,36,36,36,36,36,36,36,36,36,36,36,36,36,36,36,36,36,36,36,36,36,36,36,36,36,36,36,36,36,36,36,36,36,37,37,37,37,37,37,37,37,37,37,37,37,37,37,37,37,37,37,37,37,37,37,37,37,37,37,37,37,37,37,37,37,37,37,37,37,37,37,38,38,38,38,38,38,39,39,39,39,39,39,39,39,39,39,39,39,39,39,39,39,39,39,39,39,39,39,39,39,39,46,46,46,46,46,46,46,46,46,46,46,46,46,46,46,46,46,46,46,46,46,46,46,46,46,46,46,46,46,46,46,46,46,46,46,46,46,46,46,46,46,46,46,46,46,46,46,46,46,46,46,46,46,46,46,46,46,46,46,46,46,46,46,46,46,46,46,46,46,46,46,46,53,53,53,53,53,53,53,53,53,53,53,53,53,53,53,53,53,53,53,53,53,53,53,53,53,53,53,53,53,53,53,53,53,53,53,53,53,53,53,53
وحشتناک 3
وردون 46
وزارت 53,53
وسایل 34,34
وسطی 33,33,33,46,46,46
وسیعی 39
وسیله 33,37
وضعیت 3
وطنشان 3
وظیفه 46,46
وفادار 39
وقار 3
وقایع 38,38,38
وقتی 3,33,33
وقوع 39,39
ولایت 53,55
ولایتی 53
ویتنامی 46
ویتنبرگ 33
ویدئویی 33
ویرایش 1,1,33,33,33,33,33,33,33,34,34,34,34,34,35,35,35,36,36,37,37,37,38,46,46,46,53,53,54
ویلیام 46
وینچی 33
ویژه 34,35,36,36,37,38,39,39,39,46,53,53,53
ویکتور 39
ویکتوریایی 39
ویکی 34,35,36,37,38,39
پائین 34
پادشاه 33,33,33,37
پادشاهان 38
پادشاهی 38,39
پارتی 35
پارس 37
پاریس 46,46
پاسخ 3
پافشاری 3,48
پاکستانی 46
پایان 33,33,33,33,34,35,39,39,39,39,39,39
پایانی 33,39,46
پایتخت 37,37,37
پایدار 34,35,36,37,38,39
پایه 33,33,33,34,34,34,34,46
پاییز 33,38
پایین 33,33
پترارک 33
پترزبورگ 34,34
پتروپاولوفسکی 34
پدید 33
پذیرایی 3
پذیرش 48
پذیرفت 33
پذیرفته 39
پرائریال 46
پرایسیای 3
پربار 35
پرتغال 39
پرتغالی 33,33
پرداخت 3
پرده 33
پرستو 34
پرسکوا 34,34
پرسیدن 38
پرنس 33
پرنور 39
پروس 39
پریما 33
پزشکی 33
پساتحلیلی 46
پساصنعتی 33,46
پناه 3,39
پنجاب 3
پنجم 33
پنجمین 33
پورتا 39
پوشش 34
پوشیدن 3
پوشیده 33
پژوهش 33,33
پیاتنیتسا 34
پیاده 3,3
پیدا 34,34,39,39
پیرامون 34,34,34,35,35,35,36,36,36,37,37,37,38,38,38,39,39,39,54,55
پیرنیا 36
پیروز 3,39,39
پیروزی 39
پیروی 33
پیزا 33,33,33
پیشامدرن 46
پیشبرد 39
پیشرویشان 3
پیشین 34,35,36,37,37,37,38,39,53
پیشینش 3
پیمان 3,39,39
پیوستن 48
پیوستند 39
پیوند 33,34,34,34,34,34,35,35,35,35,35,36,36,36,36,37,37,38,38,39,39,39,46,53,53,54,54
پیوندهای 34,35,36,37,38,39
چاپخانه 33
چرخش 34,34,34,34
چرخه 34
چشمان 33
چشمی 33
چندین 3,3,3,34
چنین 33,33,39,39
چهار 3,33,33,33,33
چهاردهم 46
چگونگی 34,35,36,37,38,39
چیره 33
چیزی 33
چیست 46
چینی 38
ژانویه 34,34,34,39,46,46
ژرمنی 33
ژنرال 39
ژوئن 3,34,46,46,46,46,46,46,46,46,46,46,46
ژوری 48
ژوییه 46,46
کابوت 33
کاتب 55
کاتولیکی 33,46
کاخی 33
کاذب 33
کاراکترهای 33
کاربرد 36
کاربری 34,34,35,35,36,36,37,37,38,38,39,39,54
کارتبه 33
کارخانجات 39,39
کاردانو 33
کارشناس 35
کارگر 33
کاریکاتور 33
کازان 34
کاستیل 33
کاسیرر 46,46
کافی 33
کالا 34
کالیفرنیا 39,39
کالین 33
کامل 33
کاملی 33,39
کامپو 46
کامیلو 39,39
کانتربری 33
کاهش 34
کاوش 35
کاوور 39
کبرا 33
کبود 34
کبیر 39
کتاب 33,33,33,33,33,33,33,33,33,33,33,33,33,35,35,35
کتابخانه 35,46
کدام 36
کراتروس 3
کراسنویارسک 34
کرانهٔ 3
کردن 33,34,35,36,37,38,39,54,55
کردند 3,3,33,33
کرده 3,33,33,33,33,33,33,33,36
کرملین 34
کریمه 34
کشانده 3
کشتارهای 3
کشتاری 3
کشتی 3,3
کشفی 33
کشور 34,34,39,39,39,39,39,39,39,39,53,53
کشورهای 34,37,37,38,39,39,39,53,53
کشورهایی 39
کشوری 34,36,36,36,36
کلاسیک 33,33,46
کلانی 33
کلاً 33
کلمهٔ 38
کلیسا 33,33,33,33,33,33,33
کلیسای 33,33,33
کلیسایی 33
کمال 33
کمبریج 33
کمتر 39
کنار 33,33,39
کناری 1,34,35,36,37,38,39,54,55
کنتاووی 34,34
کنترل 3,35,39,39,39,39,46,48
کنند 3,33
کننده 34
کنید 33,39
کوبیدن 39
کوتاه 3,39
کودک 33
کوران 3
کوریک 33
کوشید 3
کومنالنی 34
کوپرنیک 33,33,33,33
کوپک 34,34,34,34
کوچک 33,37
کپلر 33
کیلو 33,33
گئورگ 33
گازی 34
گالیله 33,33,33,33,33,33,33,33,33,33,33,33,33,33,33
گامبادنه 35
گاندریتس 3
گاندولفو 39
گانگاریدای 3
گذاشت 35,39
گذاشته 3,33
گذشت 3,3
گرافیک 33,33
گرایی 33
گردآوری 33
گردش 33,34,34
گردشگری 37,37
گردنش 3
گردید 33,33,39
گرفت 3,33,34,37
گرفتن 3,3,33
گرفتند 33
گرفته 3,3,3,33,36,39,39,53
گروشی 46
گروه 35,48
گرچه 33,34,35,36,37,38,39
گسترده 3
گسترش 33,39,39,39,39,39,39,39,39
گستره 53
گشوده 37
گفتار 38
گفتاوردهای 46
گفتن 33
گفته 3,33,36,36,39
گفتهٔ 3
گلوله 33,33,33
گمارده 36
گناه 33
گنبدی 33
گوتیک 33
گوناگون 33,35
گونه 39
گویند 33
گیبرتی 33
گیرا 33
گیرشمن 35,35,35,35,35
یادبود 34,34,34,34
یادداشت 35
یادکرد 34,35,36,37,38,39
یادکردهای 1,1
یادگار 35
یادگاری 34
یاری 3
یاسائی 33,33
یاشین 34
یافت 34,39,39
یافتن 33,39
یعنی 33,33,33,33,34,39
یقین 33,33
یهودی 33
یواخیم 33
یوروپیا 33
یونان 3,37,37,37,46,46
یونانی 3,3,3,33,33,33,36
یونسکو 37,37,37
یکای 34,34,34
یکصد 34
یگانه 33
