آبدالونوموس 3
آثار 41,42,48,48,48,48,48,48,48,55
آثارش 48
آثاری 41,48
آخرین 3,48,48
آخوندزاده 55
آدام 48
آراء 48
آرشیو 55,55,55
آرلی 48
آرمانی 3
آرگومان 42
آزاد 55,55
آزادسازی 48
آزادی 48,48,48,48,48,48,48,48
آزار 48,48,48,48
آستان 41
آسمانی 1
آسیا 3
آسیای 42
آسیب 48
آسیبی 48
آشوری 42,42
آشکار 3,3,48
آشکارسازی 48
آشیل 3,3
آغاز 41,48,48,48,48,48,48,48,48,48,48,48,55
آغوش 48
آفریقایی 48
آلمان 48,48
آلمانی 48
آلیسون 48
آمدند 48
آمده 1,42,42
آمریکا 48,48,48,48,48,48,48,48,48,48
آمریکایی 48,48,48
آملیا 48
آموزش 48,48
آنالیز 48,48,48
آنان 48,48,48,48,48,48,48,48,48,48,48,48,48,54
آنجا 48,48
آنجلس 48
آنجلو 48
آنزالدوا 48
آنچه 48
آنکه 48
آورد 3,48
آوردن 48,48
آوردند 48
آورده 48,55
آوریل 48
آپادانا 3,3
آگاهی 48
آگوستو 48
آیتم 42
آیلا 48
آیلیان 3
آینده 3,48
آینه 41
ابتدا 3,3
ابتدای 48
ابداع 48
ابدالی 55
ابراز 48,48
ابزاری 48
ابعاد 48
ابهت 3
ابوالفضل 41
ابوعلی 41
ابیض 1
اتاقی 48
اتحادیه 48
اتخاذ 3
اتفاقات 48,48
اتوود 48
اثربخش 48
اثری 48
اجازه 48,48,55
اجباری 42
اجتماع 48,48
اجتماعی 48,48,48,48,48,48,48,48,48,48,48,48,48,48,48,48,48,48,48,48,48,48,48,48,48,48,48,48,48
اجتماعیِ 48
اجرای 48
احتمال 42
احتمالاً 3,3
احزاب 54,54
احساس 48
احساسات 48,48
احقاق 48,48,48
احمد 41,55
احیا 48
احیای 48
اختیار 55
اختیاری 42
اخلاقی 48,48,48
اخیر 41,42,42,48,55,55
اداری 48
ادامه 3,48,48,48,48,48,48,55
ادبی 48,48,48,48,48,48,48,48,48,48
ادبیات 48,48,48,48,48,48,48,48
ادعا 48,48,55,55,55
ادعای 48
ادیان 48,48,48
ارائه 48,48,48,48
ارتباط 3,48,48
ارتباطاتی 48
ارتباطهای 48
ارتقا 48
ارزش 48
ارزشمند 41
ارزیابی 48
ارسطو 3
اروپامحور 48
اروپایی 48
ارکستر 48
ازدواج 3,3,48,48,48
اساس 1,48,48,48,48,48,55
اساسی 48,48,48,48,48,48
استادان 41
استاندارد 48
استثنا 48
استحکام 3
استخدام 48
استدلال 3,48,48,48
استراتژی 48,48
استریک 48
استعداد 48,48
استفاده 3,3,41,48,48,48,48,48,48,48,48,48,48,48,55
استقرار 55
استقلال 48
استناد 48,55
استندپوینت 48
استواری 48
استودیو 48
اسرائیل 1
اسرائیلی 48
اسلام 48
اسلامی 41,41,48,48,48,48,48,48,48
اسناد 41,55,55
اسپانیا 48
اسپندر 48,48
اسپنسر 48
اسکندر 3,3,3,3,3,3,3,3,3,3,3,3,3,3,3,3,3,3,3,3,3,3,3,3,3,3,3,3,3,3,3,3,3,3,3,3,3,3
اسکندریه 3,3
اسیران 55
اشاراتی 48
اشاره 48,48,48
اشتاینر 42
اشتراکات 48
اشتغال 55
اشخاص 48
اشغالی 42
اشکال 48,48,48
اصحاب 1
اصرار 48,48
اصطلاحات 41,41
اصطلاحاً 41
اصفهان 41
اصلاح 48
اصلاحات 48,48,48,48
اصلاحاتی 48
اصلی 42,48,48,48,48,48,48,48,48,48,48,48,48,48,48,48
اضافه 48
اضلاع 41
اطاعت 48
اطراف 41
اطفال 48,48
اطلاعات 3,42
اطلاعاتی 3,48
اطلس 41
اطمینان 48
اعتباری 48
اعتراض 55
اعتصابات 48
اعتقاد 3
اعتنایی 48
اعدام 48,48,55
اعراب 42
اعضای 48,48,48,55,55
اعطا 48,48
اعطای 48,48,48
اعظم 48
اعلام 48,48,48,48
اعمال 48
اغلب 48
افتاد 55
افتتاح 41
افتخار 3
افراد 48,48,54,55
افرادی 48,48
افزایش 3,48,48,48,48,48,48,48,48,48,48,48,48
افزود 48
افزون 3
افشاء 55
افغانستان 48,55,55,55,55,55,55,55,55,55,55,55,55,55,55
اقتصاد 48
اقتصادی 48,48,48,48,48,48,48
اقدامات 48
اقلیت 48
اقوام 42
الآمدی 41
الاسلام 48
البته 48,48
التواریخ 55,55
الجزایر 48
الحبیب 55,55,55
الحسن 48
العلومی 55
الفهرست 3
المپیاس 3
المپیک 3
المی 48
الهیات 48,48,48,48
الواح 3
الوهیت 3
الکل 3
الگو 1,41,41,41,41,42,48
الگوی 48,48,48
الیس 48
امارت 55
امام 41,41,41
امان 48
امتساک 3
امتیازات 48
امرار 48
امراض 3
امروز 48,48,48
امروزه 42,48,48
امروزی 42,42,48,48
امری 48,48
امضا 48,48
امضای 48,48
املاک 48
امواج 48,48,48
امپراتوری 3,3
امکان 42,48,48
امکانات 48
امیر 48
انتخاب 48,48,48,48,55
انتخابات 48,48,48,48
انتشارات 48
انتظارات 48
انتقاد 48,48,48,48
انتقادات 48
انتقادی 41,48
انتقال 48
انجام 3,42,48,48,55
انجمن 41
انجمنهای 48,48
انجمنی 48
انداختن 48
اندازه 48
اندوه 3
اندیشه 48,48,48,48
انسان 48,48,48
انضمام 3
انطباق 48
انقلاب 48,48,48,48,48,48,48,48,48,48,48
انقلاباتی 48
انقلابی 48,48
انقیاد 48
انواع 41,48
انکار 48
انگلس 48
انگلستان 48
انگلیس 48
انگلیسی 48,48
انگیزه 48
اهداف 48,48,48,48,48,48,48,48
اهمیت 48,48,48,48,48,48
اهمیتی 48
اواخر 3,48,48,48,48,48,48
اوایل 42,48,48,48,48,48,48,48,48,55
اورسولا 48
اوستا 3
اوضاع 55
اولویت 48,48,48
اولین 42,48,48,48,48,48,55
اولیه 48,48
اومانیست 48
اومانیسم 48
اوّل 48
اوکراین 48
اوگدن 3
اَحزاب 1
اپنزل 48
اکتاویا 48
اکتفا 48,48
اکثراً 1
اکراه 3
اکنون 3
اکوفمینیسم 48
اگرچه 48,48,48,48
ایالات 48,48,48,48,48,48,48,48,48,48,48,48,48,48,48,48,48,48
ایجاد 42,48,48,48,48,48,48,48,48,48,48,48,48,48
ایدئولوژی 48,48
ایدئولوژیک 48
ایران 41,41,48,48,48,48,48,55,55,55
ایرانی 3
ایرانیان 3
ایرلند 48
ایرلندی 48
ایریگاری 48
ایشان 3
ایفا 3,48
ایلین 48
ایمان 54
اینجا 48
اینکه 48,48,48,48,48,48,48,48,48,48,48,48,48,48
ایولین 48
بابل 3,42
باتلر 48
باخبر 3
بارداری 48,48,48
باریک 41
بازاریاب 48
بازبینی 48,48,48
بازتولید 48
بازداشته 55
بازدید 3
بازرگانی 42
بازنگری 48
بازگردید 54
بازگشت 48,55,55,55,55,55
بازی 48,48
باستان 3,3,3,42
باستانشناسان 3
باستانی 3,42,42
باشد 3,3,48,48,48,48,48
باشند 48
باشید 48
باعث 48,48,48,48,48,48,48,48
بافندگی 42
باقی 3,41,48
بالاتر 48
بالاخص 3
بالانسی 48
بالای 48,48,48
بانیان 48
باهوش 3
باور 3,48,48,48
باورش 3
باورند 42,42,48
باورهای 48
باکو 48
باید 48,48,48,48,48,48,48,48,48,48,48,48
ببیند 48
ببینید 42
بتوان 48,48
بتوانند 48,48,48
بخاطر 55
بخشی 48,48,48,48,48,48,48
بخشیدن 3,3
بخشیده 48
بدانیم 3
بدخشانی 55
بدری 55
بدون 3,48
بدین 48
برآمده 48
برآوردند 3
برابر 3,48,48,48,48,48,48,48,48,48,48,48,48,48,48,48,48,48,48,48,48
برابری 48,48,48,48,48,48,48,48,48,48,48,48,48,48,48,48,48,48,48,48,48
برادر 48
براون 48
برای 1,3,3,3,41,42,42,48,48,48,48,48,48,48,48,48,48,48,48,48,48,48,48,48,48,48,48,48,48,48,48,48,48,48,48,48,48,48,48,48,48,48,48,48,48,48,48,48,48,48,48,48,48,48,48,48,48,48,48,48,48,48,48,48,48,48,48,48,48,48,48,48,48,48,48,48,48,48,48,48,48,48,48,48,48,48,54,55,55,55
برایشان 48
برتانیا 48
برتری 48
برجای 41
برجسته 48,48,55,55
برخاسته 48
برخورد 48,48
برخوردار 48
برخورداری 48,48
برخی 3,42,48,48,48,48,48,48,48,48,48,48,48,48,48,54,55,55,55,55,55,55
برداشتن 48
برداشتی 48,48
بردن 48,48
برده 48
بردگی 55,55
برررسی 48
بررسی 48,48,48,48,48,48,48,48,48,48,48,48,48,48
برساخته 48
برسد 48
برعهده 48,48
برقرار 3
برقراری 48,48,48
برنیس 48
بروادویو 48
بروز 3,3
برپا 48,48
برپایه 48
برپایی 55
برگرفته 48
برگزار 48,48,48
بریتانیا 42,48,48,48,48,48,48,48,48,48,48,48,48
بزرگ 3,48,48,48,55,55
بزرگسال 48
بزرگسالی 48,48
بزرگسالیشان 48
بزرگی 3,48,48
بسازید 42
بستر 3
بسته 48
بسیار 41,48,55
بسیاری 3,3,3,3,3,41,48,48,48,48,48,48,48,48,48,48,48,48,48,48,55,55,55
بسیاریشان 48
بعثی 42
بعدی 48
بعضاً 48
بعضی 55
بغدادی 41
بلافاصله 3
بلامیرس 48,48
بلکه 48,48,48,48
بنابراین 3
بناهای 41
بنایی 42
بنمایانند 48
بنویسد 48,55
بنیاد 41,41
بنیادگران 48
بهبود 48,48,48,48
بهتر 48
بهتری 48
بودایی 48,48
بودن 48,48,55
بودند 3,3,48,48,48,48,48,48,48,48,48,48,48,48,48,48,48,48,48,48,48,48,48,48,48,55,55
بوده 3,3,48,48
بکشد 48,48
بگذارید 48,48
بگیرد 48
بیان 3,48,48,48
بیانی 48
بیرون 48
بیستم 42,48,48,48,48,48
بیش 48
بیشتر 41,42,48,48,48,48,48,48,48,48,48,48,48,48,48,48,48,48,48
بیشترشان 48
بیشتری 48,48
بیلد 48,48
تأثیر 48,48,48,48,48,48,48,48,48
تأثیرات 48,48,48,48,48
تأثیراتی 48
تأثیرگذار 48,48,48
تأثیرگذاران 48
تأثیری 48
تأسیس 48,48,48,48
تألیف 55
تأکید 48,48,48,48,48
تأیید 3,3,55
تئوری 48,48,48,48,48
تابع 48
تابعیت 48,48
تاریخ 3,41,41,42,48,48,48,48,48,48,55,55,55
تاریخی 42,48,48,48,48,48,48
تاریکی 48
تازه 41
تاکستانی 41,41
تاکنون 3,48,48,48
تبدیل 1,48,48,48,48,48,48,48,48,48
تبعیض 48,48,48,48,48,48,48,48,48
تبلیغ 48
تبیین 48,48,48
تثبیت 48
تجارب 48,48,48,48
تجارت 3
تجاری 41,48
تجاوز 48,48,48
تجدید 48
تجربه 48,48,48
تجزیه 48
تجسم 48
تجلی 48
تحرک 48
تحریر 41,55
تحسین 3
تحصیل 48,48,48,48
تحصیلات 48
تحصیلی 48
تحفه 55
تحقق 48,48
تحقیقات 48,48
تحلیل 48,48,48
تحلیلی 48
تحمیل 3
تحول 48,48,55
تحولات 48,48
تخریب 48
تخیلی 48,48,48
تدریس 3,48,55
تربیت 48
ترتیب 1,48,48,48
ترجمه 41
ترسیم 41,48
ترغیب 55
ترفیع 48
ترور 48
ترویج 48
ترکیب 48
تزار 48
تزیین 41
تسخیر 3
تسلیم 48,54
تشویق 48,48
تشکیل 48,48,55
تصادفی 42
تصاویر 42
تصحیح 41
تصدی 55
تصمیم 48
تصور 3
تصوری 48
تصویب 48,48,48,48,48
تصویر 3,3,3,48,48,48
تضمین 48
تظاهرات 48
تعبیرات 48
تعداد 3
تعدادشان 48
تعدادی 48
تعریف 48,48,48,48,48
تعلق 3
تعلیق 48
تعیین 48,55
تغیر 48
تغییر 48,48,48,48,48,48,48,48,48,48
تغییرات 42
تغییراتی 48,48
تغییری 48
تفاوت 48,48
تفسیر 48,48,48
تفننی 41
تفوق 48
تفکرات 48,48,48,48
تفکری 48
تقدیر 3
تقسیم 3,48,48,48,48
تقویت 48
تلاش 48,48,48,48,48,48,48,48,48,48,48,48,48,48,48,48
تلاشی 3
تلفن 41
تلفیق 41
تلقی 48,48,48
تمام 48,48,48
تمامی 48
تمایز 48
تمایلات 48
تمایلِ 48
تمدن 3,41,42
تمدّن 42
تمرکز 48,48,48,48,48,48,48,48,48,48,48
تندرو 48,55
تندیس 41
تنزل 3
تنظیم 48,55
تنها 3,3,3,3,48,48,48,48,48,48,48
تنهایی 48,48
توازن 48
توافق 48,48
توالی 48
توانایی 3,3,48
توبه 54
توجه 3,3,42,48,48
توجهات 48
توجیه 48
توسط 3,3,3,42,48,48,48,48,48,48,48,48
توسعه 48,48
توصیف 48,48,48,48,48
توضیح 48,48,48,48,48,48
تولید 48
توماس 48,48
تکراری 42
تکنسین 48
تیزهوش 3
ثروت 48
جالب 3
جامع 48
جامعه 48,48,48,48,48,48,48,48,48,48,48,48,48,48,48,48,48,48,48,48
جانب 3
جانبه 48
جانسون 48
جانشینان 3,3
جانشینی 3
جاودانگی 3
جایگاه 48,48,48,48,48,48,48
جایگاهی 48
جایی 48,48
جبهه 48
جداسازی 48
جداگانه 48
جدایی 48,48
جدید 41,42,48,48,48,48
جدیداً 3
جدیدی 48,48,48,48,48,48,48,48,48,48,48,48
جذبه 3
جرقه 48
جرمی 48
جرگه 55
جریان 48,48,48,48,48,48,48,48,48,48,48,48,48,48,48,48
جریانات 48,48
جزئیات 41
جستارهای 41,48
جستجو 48,48
جستجوی 3,3
جسمانی 3,3
جلوگیری 48,48
جلوی 1
جمال 48
جمشید 3,3
جمعیت 48,54
جمله 3,41,48,48,48,48,48,48,48,48
جمهوری 3,48,48,48
جنبش 48,48,48,48,48,48,48,48,48,48,48,48,48,48,48,48,48,48,48,48,48,48,48,48,48,48,48,48,48,48,48,48,48,48,55,55
جنبشی 48,48,48,48,48,48,48
جنبهٔ 3
جنجالی 3
جنسی 3,3,3,48,48,48,48,48,48,48,48,48,48,48,48,48,48,48,48,48,48,48,48,48,48,48,48,48,48,48
جنسیت 48,48,48,48,48,48,48,48,48,48,48,48,48,48
جنسیتشان 48
جنسیتی 48,48,48,48,48,48,48,48,48,48,48,48,48,48,48,48,48,48,48,48,48,48
جنسیتیِ 48
جنوب 42,42,42,42,48
جنون 3
جنگیدن 48
جنین 3,48,48
جهان 3,3,3,41,41,42,48,48
جهانی 48,48,48,48,48,48,48,48
جوامع 48,48,48,48,48,48
جوان 3
جوانا 48
جودی 48
جودیث 48
جولی 48
جونز 48
جیمز 48
جیمی 48,48
حادثه 3
حاشیه 48
حاصل 48
حاضر 48,48,48,48
حاضرند 48
حالی 54
حامی 48
حاوی 3
حاکم 48
حاکمیت 48
حبیبیه 55
حداقل 3
حدود 3,48
حدوداً 48
حدودی 48
حرمی 3
حروف 1
حرکتی 48
حساب 3,42,42,48,48,48,48,48
حسابگر 3
حسدا 1
حضانت 48,48,48,48
حضرت 41,41,41
حضور 48,48,48,48,48,48,48,48,48,48,55
حقتان 48
حقوق 48,48,48,48,48,48,48,48,48,48,48,48,48,48,48,48,48,48,48,48,48,48,48,48,48,48,48,48,48,48,48,48,48,48,48,48,48,48,48,48,48,48,48,48,48,48,48,48,48
حقوقدانان 48
حقوقی 48
حقیقت 48
حمایت 3,48,48,48,48
حوادث 55,55
حواشی 41
حوزه 48,48
حکومت 48,48,55,55,55,55,55,55,55,55
حیات 3,3
خارج 48
خارجه 55
خاصی 48
خاطر 3,3
خانه 48,48,48,48,48
خانواده 48,48,48,48,48,48,48,48,48,48
خانگی 48
خبرش 3
خداست 3
خدماتی 55
خرده 48
خزانه 3
خسته 48
خشونت 48
خصوص 42,48,48,48,48,48,48,55,55
خصوصی 3,48,48,48,48,48,48
خطاب 48,48
خطاط 41
خطرناکی 48
خطوط 41,48
خلاف 3
خواستار 48,48,48,55
خواسته 48,48
خوانده 48
خواننده 48,48,48
خوانندگان 48
خوانندگی 48
خواه 55
خواهان 48
خواهد 48
خواهی 55
خوبی 3,48,48
خودجوش 48
خودشان 48,48,48,48,48,48,48
خودم 48
خودمختار 48
خورهٔ 3
خوشنویسی 41,41
خویشاوندی 48
خیلی 48
داخلی 48
دادن 3,3,48,48,48
دادند 48,48,48,54,55
داده 42,48,48,48,48,48,55
دادگاه 48
دارای 42,42,48,48,48,48
دارایی 48,48,48
دارد 3,42,48,48,48,48,48,48,48,48,48,48
دارند 3,48,48,48,48,48,48,48,48,48,48,48,48,48,55,55,55
داریوش 3,3,3
داستانی 48
داشت 3,3,3,3,3,48,48,55,55
داشتن 3
داشتند 48,48
داشته 3,48,48,48,48,48,48,48
دانستند 48
دانش 3,3,3,48,48
دانشمندان 55
دانشنامهٔ 42,42
دانشگاه 48
دانشگاهی 48,48,48
دختر 3,3,48,48
دختران 48,48,48
درآمد 48
درآمدی 48
درازی 48
دربارش 3
درباره 48
دربارهٔ 1,3,3,3,41,41,41,42,42,48,48,48,48,48,48,48,48,48,48,48
دربردارد 55
درحال 48
درحالی 48,48
درست 3
درسی 55
درمان 55
درمقایسه 48
درهای 41,48
دروتی 48
دروغین 54
درگیری 48
دریغ 48
دسامبر 41,48
دستان 3
دستاوردهای 3
دستخوش 48
دسترس 41,48,48
دسترسی 48,48,48,48,48
دستمزد 48
دسته 48,48
دستور 55
دستوری 48,48,48
دستگاه 48
دستگیر 55
دستیابی 48,48,48,48,48,48,48,48,48,48,48,48,48
دشمن 48,48,54
دعوت 42,55
دفاع 48,48,48
دلالت 48
دلایل 3,48
دلباختگی 3
دلیل 48,48,48,48,48,48,48,55,55
دموکرات 48,48,48
دنبال 3,48,48,48,48,48,48,48,48,48,48,48,48
دنیا 3,55,55
دنیای 3
دهخدا 41
دهید 48
دوانده 48
دوایر 41
دوران 48,48,48,55,55,55,55
دوره 48,48,48,48,48,48,48
دورهٔ 3,48
دوست 3
دوستی 3
دولت 3,48,48,55
دولتی 48,48,55
دومی 3,48,48
دگرباشان 48
دیانی 48,48
دیدند 54,54
دیده 3,48,55
دیدگاه 48,48,48,48,48,48
دیدگاهی 48
دیدی 48,48,48,48
دینی 48,48,48,48,48
دینیشان 48
دیوار 48
دیوان 48
دیودور 3
دیگر 3,41,42,42,42,48,48,48,48,48,48,48,48,48,48,48,48,48,48,48,48,48,48,48,48,48,55,55
دیگران 48
دیگرِ 48
دیگری 1,3,48,48,48
ذاتی 48
ذکاوت 3
رئیس 48
رائه 48
رابطه 3,48,48,48,48,48,48
رابطهٔ 3,48
رادیکال 48,48,48,48,48,48,48,48
راست 54
راسل 48
رانده 48
راهنمای 54
راهکار 48
رایج 48,48
رجال 55
رجبی 41
رجولیت 48
رساندن 48,48
رسانده 48
رسمی 48,55
رسمیت 48,48,48,55
رسولش 54,54,54
رسید 3,48,48
رسیدن 48,55
رشته 55
رضوی 41
رفاه 48
رفتار 3,48,48,48,48,48
رفتارهای 3
رفتن 48
رفتند 48
رفته 48,48
رفراندوم 48,48
رفیقه 3
رمانس 3
رهایی 48
رهبران 48,48
رهبرانش 48
رهبری 3,48,48,48,48,48,48,48,48,55
رهنمون 48
روابط 3,48,48,48,48,48,48,48,48
رواق 41
روان 48,48
روانشناختی 48,48
روانه 55
روانکاو 48
روانکاوانه 48,48
روانکاوی 48
روانی 3,48
روایت 55
روایتی 48
روبرت 48
روبرو 48,48
روحانی 55
روحانیان 48,55,55
روحانیون 48
روزانه 55
روزمره 48
روزنه 41
روشنفکر 48
روشنفکران 55
روشنفکری 48
روشنک 3,3,3
رونق 48
رویدادهای 42,55
رویکرد 48,48
رویکردی 41
ریتفلد 48
ریشه 48,48,48
ریگون 48
زبان 42,42,48,48
زبانی 48
زدند 42
زمان 3,3,48,48,48,48,48,48,48,55,55,55,55,55,55,55,55,55
زمانش 55
زمانی 3,48,48,48,48
زمین 3
زمینه 48
زناشویی 3
زنان 3,3,48,48,48,48,48,48,48,48,48,48,48,48,48,48,48,48,48,48,48,48,48,48,48,48,48,48,48,48,48,48,48,48,48,48,48,48,48,48,48,48,48,48,48,48,48,48,48,48,48,48,48,48,48,48,48,48,48,48,48,48,48,48,48,48,48,48,48,48,48,48,48,48,48,48,48,48,48,48,48,48,48,48,48,48,48,48,48,48,48,48,48,48,48,48,48,48,48,48,48,48,48,48,48,48,48,48,48,48,48,48,48,48,48,48,48,48,48,48,48,48,48,48,48,48,48,48,48,48,48,48,48,48,48,48,48,48,48,48,48,48,48,48,48,48,48,48,48,48,48,48,48,48,48,48,48,48,48,48,48,48,48,48,48,48,48,48,48,48,48,48,48,48,48,48,48,48,48,48,48,48,48,48,48,48,48,48,48,48,48,48,48,48,48,48,48,48,48,48,48,48,48,48,48,48,48,48,48,48,48,48,48,48,48,48,48,48,48,48,48,48,48,48,48,48
زنانه 48,48,48,48,48
زنانِ 48,48
زنانگی 48,48,48
زنانی 48,48,48
زندان 55,55,55,55
زندگی 3,48,48,48,48,48,48,48,48,48,48,48
زندگیمان 48
زودتر 48
زیادی 3,48,48,48,48,48
زیارت 55
زیرا 48,48,48,48,48,48
زیرژانر 48
زینب 41
سؤال 48,48,48
سؤالی 48
سابق 48
سابقهٔ 3
ساخت 42
ساختار 48,48,48,55
ساختارهای 48
ساختاری 48,48
ساخته 48
سادگی 48
سازد 3
سازش 55
سازمان 41,48,48,48,48,48,48
سازماندهی 48
سازمانی 48
ساعت 41,48,48
ساله 48,55
سالهای 55,55
سالی 48,48
سامانه 42,42,42
ساندوال 48
ساویل 48,48
ساکت 48
ساکن 42
سایبرفمینیسم 48
سایر 48,48,55
سایه 48
ستمی 48,48,48
سدوزایی 55
سراج 55,55,55
سراغ 48
سرانجام 48
سردار 3
سرداران 3
سردر 41
سرزمین 42
سرلشکر 3
سرلوح 41,41
سرنوشت 48
سرنویس 42
سرور 55
سرورخان 55
سروش 41
سرپرستی 48
سرپناه 48
سرکوب 48,48,48,48
سرگذشت 48
سزایی 48
سطوح 48
سعودی 48
سفارش 48
سفید 48
سفیدپوست 48,48
سفیر 55
سقوط 48,55,55
سلامت 3
سلسله 55
سلطه 48,48,48,48,48
سلیر 48
سنای 48,48
سنتی 48,48,48,48,48
سنتیشان 48
سوءاستفاده 48
سوئیت 48
سوئیس 48,48
سوئیسی 48
سودمند 48,48
سوره 54
سوزان 48
سوزانا 48
سوسیال 48,48
سوسیالیست 48,48,48,48,48,48,48,48
سوسیالیستی 48,48,48,48,48
سوسیالیسم 48,48
سولی 48
سومر 42,42
سومریان 42
سومی 48
سوگیری 48,48
سپاهیان 54
سپرده 55
سپری 48
سکولار 48
سیاست 48
سیاسی 48,48,48,48,48,48,48,48,48,48,48,48,48
سیاق 3
سیاه 48,48
سیاهپوستان 48
سیترون 48
سیپریان 48
شارلوت 48
شاعر 48
شاغل 48,48
شامل 48,48,48,48,48,48,48,48,48,48,48,48,48,48,48,48,48,55,55
شاهان 3
شاهد 48
شاهزادهٔ 3
شاهنشاهی 3
شاگردان 48
شایانی 48
شاید 48,48
شایسته 48
شایعات 55
شباهت 48
شخصی 48
شخصیتی 48
شخصیشان 48
شدند 3,48,48,55
شدید 48,48,48,48
شدیدتر 48
شدیدی 48
شرایط 48,48,48,48
شرایطِ 48
شرعی 55
شرعیه 55
شرقی 3
شرودر 48
شروع 3,48,48,48,48
شرکت 48,48,48,48,48
شعار 48
شغلی 48
شمال 3,42
شمالی 42
شمرده 48
شناختن 55
شناخته 48,48,48,48
شناختی 48,55
شناسانه 48
شنیدن 3
شهادت 48
شهرت 48,48
شهرسازان 48
شهرهای 1,41
شهرهایی 3
شهروند 48
شهروندان 48,48,48
شهری 42
شوالتر 48,48
شواهد 3
شورا 48
شورای 41
شوروی 48
شوهر 48,48
شوهران 48
شوهرش 48,48
شوکه 48
شوید 42,42
شکار 3
شکست 48
شکسته 41
شکنجه 55,55
شکوفایی 48,48,48
شیءانگاری 48
شیفتگی 3
شیلی 48
شیلیایی 48
شیوه 41,48,48
شیکاگو 48
صاحب 48,48,48,48
صبری 41,41
صحبت 48
صداآمیزی 48
صدای 48,48,48,48
صرفاً 48,48
صفات 1
صفحه 41,42,42,42,42,55,55,55,55
صفحهٔ 42,42
صنایعی 42
صنعت 48,48
صورت 3,42,48,48,48,48,48,48,48,48,48,48,48,48,48
صورتی 48
صیدا 3
ضدفمینیسم 48
ضدیت 48
ضروری 48
ضریح 41,41
ضعیف 55
ضمایر 48
ضمناً 48
ضمیر 48
ضمیری 48
طبقات 48,48,48,48,48
طبقاتی 48
طبقه 48,48
طبقهٔ 48
طراح 48
طراحی 41,48,48
طرفدار 48,55
طرقی 48
طریق 48,48,48,48
طلایی 41
طلبی 48,48
طلبیدن 48
ظاهر 48
ظاهراً 3,3,3
ظریف 41
ظهور 3,48,48,48
عاشق 3
عاطفی 48
عالی 48,48,48,48
عامل 48,48
عامه 48,48
عبارت 42,48,48,48,48
عبارتند 48
عباس 41
عبدالرحمن 55
عبدالمجید 41
عبدالواسع 55
عدالت 48,48
عراق 41,41,42,42,42,42
عربستان 48
عربی 48,48
عرصه 48,48,48,48
عرصهٔ 48,48
عرضه 55
عزیزکردهٔ 3
عصبانی 48
عضویت 48,55
عقاید 48
عقلانیت 3
عقیدهٔ 3
علاقه 48,48,48
علاقهٔ 3,3
علامتی 41
علاوه 48,48,48
علتِ 48
علمی 48,48,48,55
علیه 48,48,48,48,48,48,48,48,48,48,48,48
عمده 48
عمرش 3
عملاً 48
عملگرا 3
عموماً 41
عمومی 48,48,48,48,48,48,48,48,48
عمیق 48
عمیقاً 48,48,48
عمیقی 3
عناصر 48
عناوین 41,48
عنوان 3,48,48,48,48,48,48,48,48,48,48,48,48,48,48,48,48,48,48,48,48,48,48,48,48,48,48,48,48,48,48,55
عهده 55,55
عوام 48,48
غالب 3,48
غالباً 3
غایی 48
غربی 3,48,48,48,48,48,48,48,48,48
غرور 3
غلام 55
غلامرضا 41
غلبه 48,48
غیرانتفاعی 41
غیرایرانی 41
غیرداستانی 48,48
غیرسامی 42
غیرسفید 48
غیرسفیدپوست 48
غیرسفیدپوستان 48
غیرصنعتی 48
غیره 41,41,48
فارغ 48
فاشیستی 48,48
فاشیسم 48,48
فاصله 48,48,48
فاضل 3
فاقد 48,48
فانتزی 48
فتوا 55
فتوحاتش 3
فدرال 48,48
فدرالی 48
فراتر 48
فراخوانی 42
فرار 55
فراز 48
فراسوی 3,48
فرامین 3
فرانسه 48,48,48,48,48,48
فرانسوی 48,48,48,48
فراهم 3
فراوان 54
فراوانی 3,55
فرایند 48
فردی 48
فردیت 48
فرزند 3,3,3,48,48,48
فرزندخواندگی 3
فرزندپروری 48,48
فرستاد 55
فرستاده 3,55
فرضیات 48
فرضیه 48,48
فرعی 42
فرمان 42,42
فرماندهان 48
فرمانروایی 3
فرهنگ 3,3,41,41,48
فرهنگی 3,3,48,48,48,48,48
فروخت 48
فرودست 48,48,48,48
فرودستی 48,48
فرودهای 48
فروپاشی 3
فروید 48,48,48,48
فریبنده 54
فشار 48
فصلنامه 41
فضائلی 41
فضای 48
فضایی 48,48,48
فعال 48,48,48,48,48,48,48
فعالان 48,48,48,48,48,48,48,48
فعالانه 48
فعالیت 48,48,48,48,48,48,55
فعالین 48
فقرات 55,55
فلان 48
فلزکاری 42
فلسفه 3,48
فلسفی 48,48
فمینیست 48,48,48,48,48,48,48,48,48,48,48,48,48,48,48,48,48,48,48,48,48,48,48
فمینیستی 48,48,48,48,48,48,48,48,48,48,48,48,48,48,48,48,48,48,48,48,48,48,48,48,48,48,48,48,48,48,48,48,48,48,48,48,48,48,48,48,48,48,48,48,48,48,48,48,48,48,48,48,48,48,48,48,48,48,48,48,48,48,48,48
فمینیسم 48,48,48,48,48,48,48,48,48,48,48,48,48,48,48,48,48,48,48,48,48,48,48,48,48,48,48,48,48,48,48,48,48,48,48,48,48,48,48,48,48,48,48,48,48,48,48,48,48,48,48,48,48,48,48,48,48,48,48,48,48,48,48,48,48
فمینیسمی 48
فهرست 48
فوقانی 41
فکری 48
فیزیکی 48
فیلسوفانِ 48
قائل 48
قابل 3,41,42,42,48,48,48
قالب 48
قانع 48
قانون 48,48,48,48,48,48,48,48,48,48,48
قانونی 48,48,48,48,48,48,48,48,48,48,48,48,48,48,48
قبول 48,48
قدرت 3,3,48,48,48,48,48,48,48,48,55
قدرتمند 3
قدرتی 3,3
قدمت 3
قدمتی 42
قدیمی 48
قرآن 1,41,48
قرار 3,48,48,48,48,48,48,48,48,48,48,48,48,48,48,48,48,48,55,55,55,55
قرارداد 48,48
قراردادهای 48
قراردادی 48
قرمز 48
قرنِ 48
قرون 48,48,48
قسمت 41
قسمتی 3,55
قضایی 48
قلقل 1
قلمداد 48
قلمرو 3
قلمروهای 42,42,48,48
قمری 55
قوانین 48,48,48,48,48,48,48,48,48,55
قوانینی 48
قومی 42
لازم 48,48
لاکان 48
لباس 3,3
لجوج 3
لحاظ 48
لزوم 48
لزوماً 3
لشکرکشی 3
لغات 41
لندن 48
لهستان 48
لوای 48
لوحه 3
لیبرال 48,48,48
مأموریت 55
مؤثر 3
مؤسس 48,48
مؤمنان 54
مؤنث 48,48
ماثور 48,48
مادر 3,48,48,48
مادرسالاری 48
مادری 48
ماده 48
ماراگو 48
مارجی 48
مارس 48
مارسیا 48
مارکسیست 48,48,48,48,48,48,48
مارکسیستی 48,48,48,48,48
مارکیویتش 48,48
مارگارت 48
مافی 48
مالک 48
مالکیت 48,48,48
ماندن 54
مانده 55
مانع 48,48,48,55
مانند 48,48,48,48,48,48,48,48,48,48,48
ماهیت 48
مایا 48
مایل 41,41
مبارزاتی 48
مبارزه 48,48,48,48,48,48,48,48,48,48,48,48,48
مبارزهٔ 48
مبدأ 42
مبدل 3,3
مبنی 3,48,48
مبهم 48
متأثر 48,48
متأهل 48,48,48,48,48
متحد 3,3
متحده 48,48,48,48,48,48,48,48,48,48,48,48,48,48,48,48,48
متحمل 48
متداول 41
متذکر 48
متشکل 55
متصل 41,42
متعدد 3
متعلق 3,41,48
متغیرهای 48
متقابل 48,48
متقدم 48
متمرکز 48
متناسب 48
متنوع 48
متهم 55
متوقف 48
متون 48
متونی 48
مثابه 48
مثابهٔ 48
مثال 48,48,48,48,48
مثبتی 48
مثلاً 48
مجادلات 48
مجبور 48,48
مجتهدین 55,55
مجدد 48
مجدداً 48,48,48,48
مجرد 41
مجرمان 48
مجلس 41,48,48,48,48
مجله 48
مجمع 48
مجموع 48
مجموعه 48
محافظت 48
محافظش 3
محاکمه 48,48
محبوس 48
محترمی 48
محتوای 42
محتویات 42
محدود 3,48,48,48
محدوده 48
محدودیت 48
محروم 48,48,48
محرومیت 48
محرک 48
محقق 48
محققان 48
محلقه 54
محلی 42,48
محمد 41,41,55,55,55,55
محمدتقی 48
محمدرضا 41
محور 48
مخاطبان 48
مخالف 48
مخالفت 48,48,48,48,48,55
مخبر 41
مختلف 41,48,48,48,54,55
مختلفی 48,48
مخدرات 48
مخدوش 48
مخزن 42
مخصوص 48
مخفی 48
مدارک 42,55
مدافعان 48
مدتی 55,55
مدرسه 48,55
مدرنیته 48
مدعی 48,48,55
مدلی 48
مدنی 48,48,48,48,48
مدور 41
مدیترانه 3
مدیر 48
مذهب 41,41
مذهبی 48,48,48,48
مذکر 48
مذکور 48,48
مراتب 48
مرادی 41
مراکز 3
مربع 3
مربوط 42,48,48,48,48,48,48,48,54
مرتبط 48,48,48,48
مرتبه 48
مرتفع 48
مرحله 48,48
مرداد 48
مردان 48,48,48,48,48,48,48,48,48,48,48,48,48,48,48,48,48,48,48,48,48,48,48,48,48,48,48,48,48,48,48,48,48,48,48,48,48,48,48,48,48
مردانه 48,48,48,48,48,48
مردانگی 48,48,48,48
مردسالار 48
مردسالارانه 48
مردسالاری 48,48,48,48,48
مردم 3,42,42,48,48,48,54,55
مردمان 55,55
مردمانش 3
مردمانی 3
مرصع 41,41,41
مرکب 41
مرکز 41
مرکزیت 48
مرگش 3
مریض 55
مسئله 48,48,48,48
مسئول 48
مسئولیت 48
مسائل 48,48,48,48,48,48,48,48,48
مسائلی 48,48,48,48
مساجد 41
مساحت 3
مستدل 3
مستطیلی 41,41
مستعمرات 48
مستفاد 3
مستقل 48
مسلط 3
مسلمان 48,48
مسکن 48,48
مسکونی 42,42
مسیحی 48,48,48
مسیحیت 48,48
مسیر 55
مسیرهای 3
مسیری 48
مشابه 42
مشابهی 48
مشارعلیه 55
مشارکت 48,48,48,55
مشاغل 48,48,48,48,48,48,48
مشاغلی 48
مشاهده 1,41,41,42,48,48
مشترکی 48
مشتمل 48
مشخص 3,48
مشخصه 48,48
مشروطه 48,48,48,48,48,55,55,55
مشروطیت 48,48,48,48,48,48,55
مشروعی 3
مشغول 48,55
مشمولیت 48
مشهود 3
مشهور 48
مشکلات 3,48
مصری 48
مصنوعی 48
مضامینی 48
مضمامین 48
مطابق 48,48,48,48
مطالب 48
مطالعات 48,48,48,48,48
مطالعاتی 48,48
مطالعهٔ 48
مطبوعات 48
مطرح 48,48,48,48,48
مطلوب 48
مطمئن 48
مطهر 41
مطیع 48
مظاهرش 48
معاش 48
معاصر 48,48
معاف 48
معالجه 55
معتبر 55
معتدل 48
معتقد 48,48,48,48,55
معتقدند 48,48,48,48,48,48,48
معتقدین 48
معدودی 48
معرض 3
معروف 48
معقتدند 48
معماران 48
معماری 48,48,48,48,48,48
معمولاً 48,48,48,48,48,48,48,48,48,48,48
معمولی 48
معنی 3,48
معیارهای 48
معین 48
مغربی 41
مفاهیم 48
مفاهیمی 48,48
مفسران 48
مفهوم 3,48,48,48,48
مفهومی 48
مقابل 3
مقاطع 48
مقالات 48
مقاله 42,48,48
مقام 3
مقامات 48
مقاومت 3
مقبرهٔ 3
مقبولیت 3
مقدار 48
مقدس 48,48
مقدم 48
مقدونی 3
مقدونیان 3,3
مقدونیه 3,3
ملازمان 3
ملازمانش 3
ملحق 48
ممنوع 48,48
ممنوعه 1
ممکن 3,3,3,48,48,48
منابع 3,3,55,55,55,55
مناسب 48,48
مناطق 3,3,42,55
منافع 48,48,48,48
منافقان 54
مناقصه 48
منبعِ 48
منتشر 48,48,48,48
منتقد 48
منتقدان 48,48,48
منتهی 48
منجر 48,48,48,48,48,48,48,48,48,48
منحصر 3
منشور 41
منشی 55,55
منطقه 3,42,42,55
منطقهٔ 42
منطقی 3,48,48
منظوم 48
منفی 48,48,48
مهارت 55
مهجوران 48
مهدی 55
مهم 55
مهمی 3,48,48,48,48,48
مهندس 48
موئتلفان 48
مواجه 48,48,55
موارد 48,48,55
مواردی 48,48,48
موازاتی 48
موازی 48
موازین 55
موافقت 48
موالید 48
موانع 48
موجبات 3
موجود 41,48,48,48,48,48,48,54,55
موراستفاده 48
مورخان 48,48
مورد 48,48,48,48,48,48,48,48,48,48,48,48,48,55,55,55,55
مورگان 48
موزه 41,48
موسولینی 48
موسوم 48
موسی 1,1,55
موسیقایی 48
موسیقی 48,48,48,48,48,48,48,48,48
موضع 48
موضوع 48,48,48,48,48,48,48,48,48
موضوعات 3,48
موضوعاتی 48,48
موضوعی 3,3,48
موضوعیتی 48
موظف 55
موفق 48,48,48,48
موفقیت 3,48,48
موقت 48
موقتی 48
موقعیت 48,48,48,48,48,54
مولوی 55,55
مکانی 48
مکتب 48
مکتبی 48
میان 3,48,48,48,48,48,48,48,48,48,48,48,48,48,48,48,48,48,48,48,48,48
میانرودان 42,42
میانه 48
میانِ 42
میدان 54
میراث 3,3
میشل 48
میلاد 42,42
میلادی 3,3,48
میلش 3
میلیاردی 48
میهمانی 48
میکالوسکی 42
نئولیبرالیسم 48,48
نابرابر 48
نابرابری 48,48,48,48,48,48,48,48,48
نابغگی 48
نابود 3
ناحیه 42
ناخشنودی 3
ناخنی 41
ناخواسته 48
ناخودآگاه 48
نادر 55,55,55,55,55,55
نادیده 48,48
نارضایتی 3,48
ناسیونال 48
ناشی 3,48,48
ناعدالانه 48
ناعدالتی 48
نامزد 48,48
نامزدی 48,48
ناموفق 48,48
نامی 42
ناندا 3
ناهمگون 3
ناپذیری 48
ناگهانی 3
نباشد 48
نباید 48
نتایج 48,48
نتوانست 3,48
نتیجتاً 48,48,48,48,48
نتیجه 48,48,48,48
نجات 55
نحوهٔ 3
نخبه 55
نخستین 42,42,42,42,48,48,48,48,48,48,48,48,48,48,48,48,48
نخورید 48
ندادند 48
ندارد 48,48
ندارند 48,48
نداشت 3
نداشتن 48
نداشته 48,48
ندهید 48,48
ندیم 3
ندیمه 48
نزدیک 3,41
نزدیکی 48,48
نسبت 1,3,3,3,48,48,48,48,48,48,48,48
نسبتاً 3,3,48
نستعلیق 41
نسخه 42
نسوان 48
نشات 48
نشان 3,3,42,48,48,48,48
نشانگر 48,48,48
نشانی 42
نشده 42,48,48,48
نشریه 48
نشستن 48
نشینان 55
نظام 41,48,48,48,48,48,48,48,48,48,55
نظامی 48,48,55
نظران 48,48
نظرند 48
نظری 42,48,48,48,48,48,48,48,48
نظریات 48,48,48,48,48
نظریاتی 48
نظریه 48,48,48,48,48,48
نظریهٔ 48
نظمی 48
نظیر 48,48,48,48
نفسش 3
نفوذ 3
نقدهایی 48
نقشه 3
نقشهٔ 3
نقشی 48
نمادهای 48
نمادی 48
نمایند 48
نماینده 48,48
نمایندگی 48
نمونه 48,48
نهاد 48
نهادهای 48
نهایت 48
نوار 42
نوامبر 48
نوجوان 48
نوخواسته 48
نورستانی 55
نوزدهم 48
نوشتار 41
نوشتاری 48
نوشتن 48
نوشته 3,41,48,48,48,55,55,55,55,55,55
نوعی 48
نویسنده 3,48,48,48,55
نویسندگان 48,48,48
نوین 48,48
نَوَر 48
نپال 48
نژاد 48,48
نژادپرستی 48,48,48
نژادی 48,48
نکات 48
نکته 48,48,48
نکتهٔ 48,48
نکردن 3,48
نکرده 48
نگاران 42
نگاه 48
نگاهی 48
نگرش 48
نگرفتنش 48
نیاز 48
نیازمند 48
نیازهای 48
نیازی 48,48
نیافت 3
نیامده 3
نیایش 48
نیرو 48
نیروهای 48
نیروی 42,48,48,48,48,48
نیست 42,48,48,48,48,48,48,54
نیستند 48
نیمه 48
نیمی 48
نیوزلند 48
نیویورک 48,48,48,48
نیکاراگوئه 48,48
هارتمن 48,48
هاروی 48
هاشچایلد 48
هالی 48
هالیدی 48
هانی 48
هانیش 48
هایدن 48
هایدی 48,48
هجدهمِ 48
هجری 55
هخامنشی 3,3
هدفشان 55
هروثسویثا 48
هروی 41,41,41,41,41
هرچند 42,48,48,48,48,48,55
هرگونه 48,48,48
هزار 3,55
هزاره 42,42,55,55,55,55,55,55,55,55,55,55,55,55,55
هستند 48,48,48,48,48,48,48,48,48,48,48,55
هشتگ 48
هفستیون 3,3,3
هلالی 41
هلفورد 48
هلنیستی 3
همان 3,54
همانگونه 48,48
همراه 3,48,55
همزمان 48,48,48,48
همسر 3,48
همهٔ 3,42,42
هموار 48
همواره 3
همچنین 3,48,48,48,48,48,48,48,48,48,48,48,48,48,48,48
همچون 3,42,48,48,48,48,48,48
همکاری 48
همگی 54
همیشه 48
همین 42,48,48,55,55,55
هندوستان 3
هندی 3
هنرمند 48,48,48
هنرهای 41,41,48,48
هنری 48,48,48
هنوز 48,48,48,48,48,48,48,48
هنگام 3,3,41
هوادار 48
هوست 48
هونگ 48,48
هوکس 48
هویت 48,48,48
هویتی 48
هیئت 3,55,55,55
هیات 1
هیاتی 55
هیتلر 48
وابستگی 48
وارث 3
وارد 42,42,42,48,48,48
واسطه 48
واصف 55
وافری 3
واقع 48,48,48
واقعیت 48
واژه 48
واژهٔ 3
واژگان 41,42
واکنش 48,48
واکنشی 48,48
واگل 48
وجود 1,1,1,1,1,1,3,3,3,3,3,3,3,41,41,41,41,41,41,41,41,41,41,41,41,41,41,41,42,42,42,42,42,42,48,48,48,48,48,48,48,48,48,48,48,48,48,48,48,48,48,48,48,48,48,48,48,48,48,48,48,48,48,48,48,48,48,48,48,48,48,48,48,48,48,48,48,48,48,48,48,48,48,48,48,48,48,48,48,48,48,48,48,48,48,48,48,48,48,48,48,48,48,48,48,48,48,48,48,48,48,48,48,48,48,48,48,48,48,48,54,54,55,55,55,55,55,55,55
وخامت 48
وردیه 48
ورزش 3
ورزی 48
ورود 48,48
وزارت 55,55
وزرا 55
وسطی 48
وسعت 3
وسیعی 48
وسیله 3
وضعیت 3,48,48,48,48,48,48,48,48,48,48
وظایف 48
وعده 54
وقایع 48,55,55,55,55,55
وقتی 3,3,48,54,54
وقفه 48
ولستنهولم 48,48
وولف 48
وکیل 55
ویران 3
ویراگو 48
ویرایش 1,41,41,41,42,48
ویرجینیا 48
ویستا 48
ویلیامسون 48
ویژه 42,48,48
ویکای 48
ویکی 42
پاتروکل 3
پادشاه 3
پادشاهی 3
پارلمان 48,48
پاسخ 48
پافشاری 3,48,48
پاندورا 48
پایان 48,48,48,48,48,48
پایانی 48
پایبندی 48
پایدار 42
پایداری 55
پایه 48,48,48
پایگاه 3
پاییز 41
پایین 41,41,48
پدرسالارانه 48,48,48,48,48
پدرسالاری 48,48,48,48,48,48
پدرش 3,3
پدیدار 48
پذیرد 48
پذیرش 48,48
پذیرفت 3,48
پذیرفتن 48
پذیرفتند 48
پرانتز 1
پربارتر 3
پرداخت 48,48
پرداختن 48
پرداختی 48
پردازندگان 48
پرده 48
پردیس 48
پرستیده 3
پرسیدند 3
پرسیده 48
پرنده 48
پرودنس 48
پروسه 48,48
پروژه 48
پرینگز 48
پسااستعماری 48,48
پستی 48
پسران 48
پسرش 3
پغمان 55
پلوتارک 3
پنجاب 3
پنهان 48
پنکهرست 48
پنگوئن 41
پهناور 3
پهناوری 3
پوداپست 48
پوست 48
پوستر 48
پوشش 48
پوشیدن 3
پولی 48
پژوهش 48
پژوهشگران 42,42,48,48
پیدا 48,48,48,48,48,48,48,48,48,48,48,48,48
پیرامون 42,42,42
پیروزی 48
پیروی 48,48
پیشاتاریخی 42
پیشافراتی 42
پیشتر 48
پیشرفت 48,48,48
پیشفرض 48
پیشنهاد 48
پیشنهادی 48
پیشگیری 48
پیشین 3,42,48
پیوتر 42
پیوسته 48,48
پیوش 48
پیوند 42,42,42,48,48,48,48,48
پیوندهای 42
پیوندهایی 48
چارچوب 48,48,48
چالش 42,48,48,48
چاپخانه 48
چاپشان 48
چرایی 48
چشمگیرش 3
چطور 48
چمبرلین 48,48
چنان 3
چندانی 48
چنداول 55
چندی 48
چندین 3
چنین 3,48,48
چهار 41,48,48,48
چهارم 3,48,48,48,48,48,48,48,48
چهارمی 48
چهارچوب 48
چهره 48
چهرهٔ 48
چوبی 3
چودوروف 48
چگونه 48,48,48
چگونگی 42,48,48
چیزی 48
چینی 48
چیکانا 48
ژانر 48,48,48
ژاپن 48
ژولیت 48
کابل 55,55,55
کاتب 55,55,55,55,55,55,55,55,55,55,55,55,55,55,55
کارآفرینان 48
کاربری 42,42
کارزارهای 48,48
کارزهای 48
کارفرمایان 48
کارول 48,48
کارگر 48,48,48
کارگران 48
کارگری 48
کاری 48,48,48
کاسته 48
کافی 48,48
کامل 48,48,48
کاملاً 48
کانادا 48
کانتون 48
کاهش 48,48,48
کاوانه 48
کاوانهٔ 48
کتاب 48,48,48,48,48,48,55,55,55,55,55,55,55,55,55,55,55,55
کتابخانه 3,3,3,41
کتابی 48,55
کتیبه 41,41,41,41,41,41,41
کدام 41
کردن 42,48,48,48,48,48,48,48,48,48,55
کردند 3,3,48,48,48,48,48,48,48,48,55
کرده 3,3,41,48,48,48,48,48,48,48,48,48,48,48,48,55
کرسی 55
کریس 48
کریستیان 48
کسانی 48,48,48
کسوت 3
کشاورزی 42
کشته 54
کشور 48,48,48,48,48,48,48,48,55
کشورهای 48,48,48,48,48,48
کشورهایی 3,48
کشوری 1
کشیدن 48
کشیده 41
کفار 54
کلارک 48,48
کلاسیک 42,48
کلاسیکِ 48
کلماتی 48
کلمه 48,48,48,48
کلکانی 55,55,55,55
کلیدی 48
کلیسا 48
کماکان 48
کمتر 48,48
کمونیست 48,48,48
کمونیستی 48,48
کمکی 41
کنار 48,48,48,48
کناری 42
کنتاکی 48
کنترل 3,48,48,48,48
کنفرانس 48
کنند 48,48,48,48,48,48
کننده 48
کنوانسیون 48,48
کنون 48
کنونی 42
کوئیرهای 48
کودکان 48,48,48
کودکانشان 48
کورش 41,41
کونالی 48
کوهن 48
کوچک 41
کوچکی 48
کیلومتر 3
کینگستون 48
گالوانیزه 48
گاهی 41,41,41,48
گاور 41,41
گذاشت 3
گذاشتن 48
گذاشته 48
گذشته 48,48,48,48,48
گرایش 3,48,48
گردید 48,55,55
گرفت 48,48,55
گرفتن 48
گرفتند 48,48,48,48,48
گرفته 48,48,48,48,48,55
گرنیه 48
گروه 48,48,48,55,55,55,55
گروهش 48
گروهی 48,48,55
گرچه 42
گرین 3
گزارشهای 55
گسترده 48
گسترش 42,48,48,48,48,48,48
گستره 48
گفتاوردهای 48,54
گفتمان 48
گفتمانی 48,48
گفتند 54
گفته 3,3,3,48,48,48,48,48,48,48,48,48,48,48,48
گفتهٔ 3
گفتگو 55
گلوی 41
گماشته 3
گمان 55
گوتی 48
گوناگون 48
گوناگونی 48
گونه 48
گویین 48
گیلمان 48
گیلیکان 48
یابی 48,48
یادآوری 48
یادبود 41
یادکرد 42
یاری 48
یافت 42
یافته 55,55
یانگ 48
یعقوب 55
یعنی 42,48,48
یهودی 48,48,48
یوسفی 41
یونان 3
یونانی 3,3,3
یونانیان 3
یکدیگر 48
یکسان 48,48
یکسانی 48
یکپارچه 48
