آباد 48
آبیاری 42,42
آتشدان 58
آتشکده 58
آتشگاه 58
آثار 3,3,3,3,3,55,55,55,57
آجری 42,58
آخرین 48,48
آخوندزاده 55
آخِناتون 1
آذربایجان 58
آذرفرنبغ 3,3
آذرگشنسب 58
آرام 42,57,57,57,57
آرامگاه 55,58,58
آرامگاهی 58
آرایش 57
آرزو 3
آرشیو 48
آرمانی 3
آریان 3,3,55
آریستوبولوس 3
آزاد 57
آزادی 48
آزمایش 57
آسانی 57
آستان 58
آسیا 3
آسیای 58,58,58
آشکارساز 57,57
آفریقا 58
آلفا 57,57,57
آلمانی 57
آلومینیوم 57
آلیاژ 57
آمار 48,48,56
آمدند 42
آمنحوتپ 1
آموزشگاه 55,55
آمیزی 55
آنان 3
آنتیپاتر 3
آنجا 57
آنجایی 57
آندره 58
آنچه 3
آنکه 3,42
آهنین 56
آوانویسی 42
آوانگاری 42
آوردند 42,48
آورده 48,58
آوریل 55
آٰرشیو 55
آژانس 57,57
آیتم 56,57,58
آینده 3
إِذْ 54,54
إِلَّا 54
ابتدا 3,3,3,58
ابتلا 57,57,57
ابراهیم 55,55
ابربالا 57
ابرپایین 57
ابعاد 58,58
ابوالحسن 58
اتاق 58
اتحادیه 56
اتمی 57,57,57,57,57,57,57
اثرات 57
اثری 57
اجازه 48
اجباری 56,57,58
اجتماعی 42
اجرای 58
اجزای 58
اجسام 57
احاطه 56
احتمال 57,57,57
احتمالاً 3,42,58
احداث 58
احمد 55
احمدی 55
احوالات 55
احیای 3
اختلافات 3
اختیار 48
اختیاری 56,57,58
اخلاقی 55
اخیر 56,56,57,57,58,58
ادامه 42,48,58
ادامهٔ 42
ادعا 48,48,48,56
ادغام 3
ارائه 57
اربابان 42,42,42
اربیتی 57
ارتباط 55
ارتفاع 58
ارجاع 48,48,48,57,57
ارجاعات 48,48,48,56
اردبیل 58
اردشیر 58
ارزشمند 55
ارزگانی 55
ارشد 3
اروپا 3,56,56,56,56,56
اروپای 56,56
اریدو 42,42,42
ازبین 3
اساس 48,48,56,57,57,57,57,57,57,57,57,58
استان 58
استاندارد 3,48,48,48,48,48,48,48,48,48,48,48,48,48,48,48,48,48,48,48,48,48,48,48,48,48,48,48,48,48,48,48,48,48,48,48,48,48,48,48,48,48,48,48,48,48,48,57,57
استخر 3
استخوان 57,57,57
استدراکات 55
استفاده 42,42,48,48,48,56,57,57,57,57,57,57,57,57,57,57,57,57,57,57,57,57,57,57,58,58,58,58,58
استفادهٔ 42
استقبال 56,56
استقرار 58
استقلال 55
استمرار 42
استوارند 3
اسحاق 55
اسلام 55,55,55,58
اسلامی 55,55,55,55,55,58,58,58,58,58,58
اسماعیل 3,55,55,55,55,58,58
اسماعیلی 55
اسمعیل 48
اسکان 42
اسکن 57,57,57
اسکندر 3,3,3,3,3,3,3,3,3,3,3,3,3,3,3,3,3,3,3
اسکنرهای 57
اشتراک 48
اشرف 55
اشعه 57,57,57,57,57,57,57,57,57,57
اشکال 57
اشکالات 57
اشیا 57
اشیاء 57,57
اصطلاح 42
اصطلاحی 42
اصلاح 48
اصلی 42,55,55,55,55,55,55,55,55,56,57,58,58,58,58,58
اصول 55
اضافی 57
اطراف 56,58
اطلاعات 56,56,57,58
اطلاعاتی 3
اطلاق 57
اطمینان 42
اعتصاب 48,48
اعتماد 42
اعضای 57
اعطای 42
اعلام 48
اغلب 57,58
افتخاری 55,55,55
افراد 42
افزایش 48,57,57,57,57
افزوده 55,55
افسانه 3
افسر 3
افضل 55
افغان 55
افغانستان 55,55,55,55,55,55,55,55,55
اقامت 56,56
اقامتگاه 58
اقدام 48
اقلیم 56
الاخوان 55
الاستیک 57,57
الامان 55
الانشا 55,55
التواریخ 55,55,55
الثمنه 54
الحاقی 57,57,57,58
الخبار 54
الدره 54
الذهب 54
الزهرا 55
السلام 54
العرب 54
الفبای 42
الله 55,55,55
اللَّهُ 54
المختار 54
المدائن 42
المدینه 54
المپیک 3
الهه 55,55
الههٔ 42
الهیاری 55
الَّذِينَ 54
الْمُؤْمِنُونَ 54
الْمُنَافِقُونَ 54
الکترومغناطیس 57,57,57
الکترومغناطیسی 57,57
الکترون 57,57,57,57,57,57,57,57,57,57
الکترونی 57,57
الکترونیکی 57,57
الکتریکی 57,57
الگو 1,1,3,3,3,48,48,55,55,55,56,56,56,56,56,56,57,57,57,57,57,57,57,57,57,57,57,57,57
الگوی 3,57,57,57,57,57,58
امام 55,55
امامزاده 58
امان 55
امانیه 55
امروزه 57
امروزی 42,58
امنیتی 57
امواج 57,57,57
امور 57
اموری 42
امپراتوری 42,56
امکان 56,57,58
امیریه 48
انبار 55,55,57,57,57
انبارهای 42
انبوه 42,42
انتحاری 55,55,55,55,55,55,55,55,55,55
انتخاب 48,48,48
انتخابات 48,48,48,48
انتشار 57
انتشارات 3,3,48,48,48,58
انتقاد 48,55
انتقال 57,57
انتقالات 57
انتقالی 57
انجام 42,48,56,56,57,57,58
انجمن 3
اندازه 3,48,57
اندازهٔ 42
اندرونی 48
اندود 58
اندکی 57
اندیش 48
انرژی 57,57,57,57,57,57,57,57,57,57,57,57,57,57,57,57,57,57,57,57,57,57,57,57,57,57,57,57,57,57,57,57,57,57,57,57,57,57
انسان 57,57,57
انسانی 55
انسانیه 55
انسجام 55
انشا 55
انعکاس 56
انقلاب 48,48,55
انقلابی 48,48
انواع 57,58
انور 55
انگشتر 3,57
اواخر 3,3
اوایل 42
اورشلیم 56
اوروک 42,42,42,42,42
اوستا 3,3,3
اوستایی 3
اوغان 55
اوقات 57,57
اولین 56,56,57,57,58
اولیه 3,42,57,58,58
اوژه 57
اکبر 55
اکتبر 48,55
اکثر 3
اکثرشان 3
اکدی 42,42,42
اکدیان 42,42
اکرم 55
اکسیژن 57
اکنون 42
ایجاد 3,42,42,42,42,57,57,57,57,57,57,57,57,58,58,58
ایران 3,48,48,58,58,58
ایرانشناسی 3
ایرانی 3
ایزد 3
ایزوتوپی 57,57
ایمنی 57,57,57,57
اینکه 3,57,57,57
ایوان 58
ایوبی 58
ایکس 57,57,57,57,57,57,57,57,57,57,57,57,57,57,57,57,57,57,57,57,57,57,57,57,57,57,57,57,57,57,57,57,57,57,57,57,57,57,57,57,57,57,57,57,57,57,57,57,57,57,57,57,57,57,57,57,57,57,57,57,57,57,57,57,57,57,57,57,57,57,57,57,57,57,57,57,57,57
ایکسی 57,57
بابا 58,58
باتورا 56
باختری 1
بادار 57
بادغیس 55
باردار 57
بارز 42
بارش 56
بازار 55
بازتابی 42
بازشناسی 55
بازمانده 3,58
بازنمایی 55
بازهٔ 57
بازپرسازی 42
بازی 48
باستان 3,3
باستانی 3,3,3,55
باسفال 42
باشد 3,3,42,57,57
باشند 42,57
باشگاه 55
باعث 42,42,42,57,57,57,57,57,57,57,57
باقرالعلوم 55
باقری 48
باقی 3,3,42,42,42
بالا 3,57,57,57,57,57,57,57,57,57,57,57,57,57,57,57,57,57
بالاتر 57,57,57,57,57,57,57
بالای 56,57,57,58,58
باور 42
باورند 42
باکیفیتی 42
باید 48,48,57,57,57
بایگانی 3
بحران 42
بحرانی 57,57,57,57
بخار 57,57,57,57
بخارا 58
بخشی 42,58
بدخشی 55
بدراو 55
بدست 57
بدون 42,56,56,57,57,57,57,58
برابر 48,57,57,57
براساس 58
برانگیخته 48,57
برای 3,3,48,48,48,48,48,48,48,48,48,48,55,55,56,56,56,56,56,56,57,57,57,57,57,57,57,57,57,57,57,57,57,57,57,57,57,57,57,57,57,57,57,57,57,57,57,58,58,58,58,58,58
برجای 58
برخورد 48,57,57,57,57,57,57,57,57
برخوردار 48
برخی 42,48,57,57,57,58,58
برداری 57
برداشتند 58
بررسی 57
برسیان 58
برطبق 57
برعکس 42
بروند 48
برپایی 58
برچسب 3
برگرفته 57
برگزار 48
برگشت 57
بزرگ 1,1,3,42,55,56,56,56,56,57,58,58,58,58,58
بزرگداشت 55
بسازید 56,57,58
بستر 55
بستگی 57,57
بسیار 56,56,56,57,57,57,57,57,57,57,58,58,58
بسیاربالا 57
بسیارپایین 57
بسیاری 56,57
بطلمیوس 3
بعدی 3,3,3,57,57
بعضی 55,57
بلال 3
بلندتر 57
بلکه 3
بناب 48
بنابراین 57
بناهای 58,58,58,58,58
بناهایی 58,58
بنای 58,58
بنایی 58
بنیاد 3
بنیادین 57,57
به 58
بهبود 57
بهداشتی 57
بهره 3
بهشتی 55
بهمن 48,48,48,55
بودا 55
بودن 56,57
بودند 3,3,42,42,42,48,58
بوده 42,58
بومی 42
بَلبَن 58
بیان 3,55
بیرون 57
بیرونی 48,57,58
بیرکه 55
بیست 56
بیشتر 3,55,56,56,57,57,57,57,58,58,58
بیمارستان 55
بیماری 57
بیهقی 55
تأثیر 42,57
تأثیرات 48,57
تأسیس 3,56
تأیید 57
تئوتونیک 56
تابستان 56
تابستانی 56
تابش 56,57,57,57,57,57,57,57
تابشی 57,57,57,57
تاتار 55,56
تاجگذاری 56
تاخت 3
تاریخ 3,3,42,48,54,54,55,55,56
تاریخِ 48
تاریخی 1,3,42,42,56,56,56,56,56,57
تاریک 3
تازه 3
تالار 58
تالاری 58
تبدیل 48,57,58,58,58
تبلیغ 48
تبیان 55
تجاری 55,56,56,57
تجلیل 55
تحریک 57,57
تحفه 55
تحفهْ 58,58
تحقق 48
تحقیقات 48,48,57
تحلیل 57
تخریب 3
تخلیه 57
تداوم 3
تدریج 42
تدریجی 42
تراشیده 58
تراکای 56
تراکم 42,57
تربت 58
تربیت 56
ترجمه 48,48,48,58
ترجمهٔ 3,48
تردید 3
ترشیزی 55
ترمذ 58
تروریستی 55,55
ترکمن 55
ترکمنستان 58
ترکمنی 55
ترکیب 42,58
ترکیه 58
تزیینات 58
تسالمات 42
تسمیه 55
تشخیص 42,57,57
تشدید 57,57
تشریفاتی 58
تشعشع 57,57
تشکیل 42,56,56,56,58,58
تشیع 55
تصادفی 56,57,58
تصاویر 56,57,57,58
تصدیق 55
تصویب 48
تصویر 3,54,57,57
تصویربرداری 57,57,57
تصویرهای 3
تعاریفی 57
تعبیر 56
تعبیه 58
تعریف 57,57,57
تعیین 57,57,57,57
تغییر 42,42,42,48,57
تغییرات 56,57,57,58
تغییراتی 57,58,58,58
تقاطع 56
تقریباً 42,42,57,57
تقلید 58
تلفن 55,56,57,57,57,57,57
تلفیق 58
تلویزیون 48
تمام 42,42
تمایز 57,57,57
تمایل 57
تمدن 42,48
تمیز 57
تنسر 3
تنظیم 57
تنگاتنگی 42
تنگستن 57
توافق 57
توان 57,58,58
توانایی 57
توانستند 48
توثیق 3
توجه 58
توجهی 57
توده 57
توریم 57,57,57,57
توسط 3,3,3,42,42,42,42,54,57,57,57,57,57,57
توسعه 48
توصیف 3
تولید 57,57,57,57,57,57,57,57,57,57,57
تولیدی 57,57
تکفام 57,57,57
تکمیل 58
تکنیک 57
تیوب 57,57,57,57,57
جادویی 57,57,57
جامع 48,56,56,56,58,58,58,58,58,58,58
جامعه 48
جامعی 57
جانبی 58
جانشین 3
جانشینان 3
جانشینانش 3
جاهای 57,58
جایزه 57
جایگاه 56
جاییکه 57
جدّی 48
جرزهای 58
جرمان 55
جزئیات 55,56,57
جستارهای 3,57,58
جسورانه 48
جسیم 58
جعبه 55,55,56,56
جعفری 55,55
جغرافیایی 42
جفری 48
جلسه 48
جماعت 3
جمدت 42,42
جمشید 3
جمعه 55
جمعی 48
جمعیت 42,42,48,56,56,56,56
جمله 3,3,56,56,58,58,58,58
جمهوری 56
جنوب 1,42,42,42,58,58
جنگل 56
جنین 48
جهان 42,58
جواد 48
جوانان 55
جوزا 55
جویا 55
جگرن 55
حاجی 42
حاصل 57,57,57,57
حالت 57
حاوی 57,57
حاکم 42,58
حاکمیت 42
حاکمیتِ 42
حاکی 42
حبیب 55
حدود 3,42,42,42,42,57,57,58,58
حدوداً 42,42
حدودی 58
حرارت 57
حراست 55,55
حرکت 48,57
حریت 48
حساب 42,56,56,56,57,57,57,58,58
حساسیت 57
حسین 55,55,55,55,55
حسینیه 55
حضور 3
حقانی 55
حقوق 55
حقوقی 48
حقوقیِ 48
حقیقت 42
حقیقتی 3
حمایت 48,48,48,48
حمله 3,55,55
حوالی 58
حکمای 55,55,55
حکومت 42,48,55
حکیمی 55
حیات 42,55
حیاط 58
حیاطهای 58
حیدریه 58
حیوانات 57,57
خاتمه 58
خادمان 3
خارا 55
خارج 57,58,58,58
خارجی 58
خاصی 56
خاصیت 57
خاطر 57,57
خالی 42,57,57
خاوری 55,55,55
خدای 42,42
خرسنگی 1
خسرو 55,55
خصوص 56,57,58
خصوصیات 57,58
خطای 48,48,48,48
خطرناک 57
خطوط 57,57,57
خلاف 42
خلیج 42
خواب 56,56
خواجه 55
خواستار 55
خواص 57,57,57
خواهد 3,56,56
خواهند 3
خوبی 57
خودش 3
خودشان 42,42
خورده 42
خورشید 58
خورشیدی 48,48,48,48,48,55,58
خوشک 55
خیابان 48
خیرخانه 55
دائم 58
داخل 54,57,57,58
داخلی 58,58,58
دادن 48,48,48,56,57,57,57,57
داده 3,42,56,56,57,57,58
داران 55
دارای 3,42,48,55,55,56,56,56,56,56,56,56,56,56,57,57,57,57,57,57,57,57,57,57,57,57,57,57,57,57,57,58
دارد 3,56,56,57,57,57,57,57,58,58,58,58,58
دارند 3,57
دارنده 57,57,57,57
داستان 3,3,3,42
داشت 3,48,55,56,57,58,58
داشتند 3,42
داشته 55,57,58,58
داعیهٔ 3
دانسته 58
دانشجو 56,56,56
دانشمندان 58
دانشنامهٔ 56,56,57,57,58,58
دانشگاه 56,56
دانشگاهی 56
داوود 55,55
داوودی 55
دایزنگی 55
دایمیرداد 55
دایه 55
دایکندی 55
درباره 55
دربارهٔ 1,3,3,48,54,55,55,55,56,56,56,56,56,57,57,57,57,57,57,57,57,57,57,57,58
دربازتاب 55
دربرگیرنده 57
درجات 57
درجه 56,56,56
درخواست 48
درست 58
درصد 56,56,56,56,57
درمیان 48
درونی 57
درگاه 3,58
درگذشت 48,55,55,55
دریابی 55
دریافت 57
دسامبر 57
دستخوش 58
دسترس 48,48,48,48,55,55,56,57
دسترسی 3
دسته 57
دستوری 55,55
دستکم 3
دشمن 56
دعوت 56,56,57,58
دقیقا 58
دقیقی 55
دلجو 55
دلیل 57,57,57,57,57,57,58
دمای 56,56,56,56,57,57,57,57
دموکرات 55,55
دموکراتیک 48
دنبال 58
دنیا 56
دهانه 58
دهقان 55
دهلی 58,58
دهنده 58
دوازده 58
دوباره 48
دوجنبی 42
دودمان 42,42
دودمانی 42,42,42,42,42,42
دوران 1,1,1,1,3,42,48,55,55,56,58,58,58
دوره 42,48,48,48,57,58,58,58,58,58,58,58,58,58,58,58,58,58,58,58,58
دورهٔ 42,42,42,42,42,42,48,48,48,58,58
دوزبانی 42
دولان 55
دولت 48,48,55
دومین 3
دوگانه 57
دچار 42,57
دکتر 57,57
دیالکتیک 48
دیجیتالی 48,48,48,48,48,48,48,48,48,48,48,48,48,48,48,48,48,48,48,48
دیده 56
دیدگاه 42
دیدی 3
دیغک 55
دینی 3,42,58
دیوار 58
دیوارهای 58
دیوان 55
دیودور 3,3
دیگر 3,3,42,42,42,42,42,48,48,55,56,56,56,56,56,56,56,57,57,57,57,57,57,57,57,58,58,58,58,58
دیگران 58,58
دیگرکاربرد 57,57
ذرات 57,57,57,57,57,57
ذرهٔ 57
ذکرشده 3
رآکتور 57,57,57,57
رادیو 48
رادیوگرافی 57,57
راست 57,57
راستای 57
راندمان 57
راهرو 58,58
راهنمای 56
رایج 58
رایلی 57
رباتک 55
رباط 58
ردهٔ 3
ردیف 56,56
رسمی 55,55,55,56
رسمیات 55
رسمیت 56,56
رسید 58
رشتی 55
رضوی 58
رعایت 55
رفاه 55
رفته 57,58,58
رفراندومی 48
رفیعی 55
رنسانس 42
رهبر 3
رهبری 3
رهیاب 55
روابط 56
رواج 42,58
روایت 3
روایی 3,3
روحانیت 48
رودخانه 56
روزانه 56
روزگار 3
روست 42
روستاهای 55
روستای 55,58
روسیه 56
روشن 3
روشنک 3
روشنگران 48
رومریس 56
رونتگن 57,57,57,57,57
روند 3,56,58
رویدادهای 55,55,55,56,57,58
رویه 57
رَءَا 54
رَسُولُهُ 54
رژیم 57,57
ریخت 3
ریسک 57
ریوی 57,57
ریّان 1
رېْوْنتګېن 57
زابل 55,55
زارینش 42
زاهدی 55
زاویه 57
زبان 3,42,42,42,42,56,56,56,57,57,57
زبانی 42,42
زحمات 55
زرتشتی 3,3
زرتشتیان 3,3
زرتشی 3
زمان 1,3,3,3,42,42,48,55,55,55,55,55,55,55,55,55,56,56,56,57,58,58
زمانی 3,42,57,58,58
زمانیکه 57,57
زمردی 48
زمستان 56,56
زمینه 3,58,58,58
زنان 48,48,48,48,48,48,48,48,48,48,48,48,48,48,48
زنانه 48
زنانی 48
زنجان 58
زنده 57
زندگی 3,3,42
زنیات 55
زهرا 55
زوایای 57,57
زوزه 56
زیاد 42,58
زیادی 57,58
زیارتگاه 55
زیرا 3
زیستی 57
ساحل 42
ساحلی 42
ساخت 56,57,58,58,58,58,58
ساختار 57
ساختمان 58,58
ساختن 58
ساخته 42,42,42,55,56,57,57,57,58,58,58
ساختگی 3
سازمان 48,55,56,57
سازه 58
ساسانی 3,3,58,58,58,58,58,58
ساسانیان 3,58,58,58,58
ساطع 57,57,57
ساعت 55,56,57,58,58,58,58
ساقی 55
سالانه 56,56
سالانهٔ 42
سالمی 58
سالگرد 55,55
سامانه 56,56,56,57,57,57,58,58,58
سامانهٔ 42,42
سامی 42,42
ساناساریان 48
سانتیگراد 56,56,56
ساکن 42,42,56
ساکنین 42
سایبان 58
سخنرانی 48
سدهٔ 42,42,42,42,42
سراج 55,55
سراسری 55
سرانجام 48
سربی 57
سرتاسر 3
سرداران 3
سردسته 56
سرزمین 42,42,42
سرشماری 56,56
سرطان 57,57
سرطانی 57
سرعت 57,57,57
سرنوشت 55
سرنویس 57,57
سروش 3
سروقد 58
سرپرستی 48
سرپل 55
سریع 42,57,57,57,57,57,57,57,57
سعادت 48,55
سعیدی 55
سفالی 42,42
سفید 48,48,57,58
سفیران 3
سقوط 55
سلاح 57,57,57,57,57,57,57
سلامتی 57,57
سلطان 56,58
سلیمان 58
سمهودی 54
سنبله 55,55
سنتی 55
سنّتی 58
سنگی 58
سنگین 57,57,57,57
سنیپیسکس 56
سوابق 57
سوار 3
سوخت 57,57,57,57,57,57
سوختگی 57
سوراخ 56,58
سوراخی 58
سوزاند 3
سومر 42,42,42,42,42,42,42
سومری 42,42,42,42,42,42,42
سومریان 42,42,42,42,42,42,42,42,42
سومریانی 42
سپاه 3
سپرده 48
سکنه 42
سکونتگاه 56
سیاسی 3,48,55
سیاه 42,42,42
سیدحیدری 55
شاخص 42
شارژ 57
شاری 55
شامل 3,56,57,58,58,58
شانهار 42
شاهان 3,3,42
شاهدان 3
شاهپور 3
شبیه 58
شتاب 57,57
شجاعی 55
شدند 42,58
شرایط 48
شرعیه 55,55
شرقی 42,58
شرکت 48,48
ششمین 55
شفیع 55,55,55
شمار 48
شماری 58
شمال 1,42,42,42,55,56,58
شمرد 58
شناختند 58
شناخته 48,56,57,58,58
شناس 57,57
شهاب 55
شهبازی 3
شهرت 3,58
شهرستان 56,56
شهرهای 3,3,3,42,42,56,56,56,56,56
شهری 56
شهریور 57
شهیر 55
شورای 48,57
شومر 42
شوند 42
شوید 56,56,57,57,58,58
شکارچی 42
شکافت 57,57,57,57,57,57,57
شکست 57
شکستن 57
شیرزاد 55
شیرزادی 48
شیعه 55,55
شیمایی 57
شیمیایی 57
شیوه 57,58
صادقی 55,55,55,55,55
صالحی 55
صدور 3
صراحتاً 3
صفجه 56,57,58
صفحه 3,48,48,48,55,55,55,56,56,56,56,56,57,57,57,57,57,58,58,58,58
صفحهٔ 56,56,56,57,57,57,58,58,58
صنایع 42
صنعت 57
صنعتی 57
صورت 3,42,48,48,48,48,55,56,57,57,57,57,58
صورتیکه 57
ضخیم 57
ضربدار 55
ضربی 58
ضریب 57,57
طاقهای 58
طاقی 58,58,58,58,58,58,58,58,58,58
طالبان 55
طبقات 48
طبیعی 57,57,57,57
طراحی 57
طرفدار 48
طریق 57,57,57,58
طلاق 48,48
طوری 57
طَّائفَةٌ 54
ظاهر 55
ظاهرشاه 55
ظروف 42,42
ظهور 42
عارف 55
عاشورا 55
عبارت 56,57,57,58
عبارتند 57,57
عباس 55
عباسی 54
عبدالحمید 54,55
عبدالرحمن 55,55
عبدالواسع 55
عبده 55
عبور 48,57
عبید 42,42,42
عبیدی 42
عثمان 58
عددهای 57
عربستان 42
عرفانی 55
عسکر 55
عضوی 57
عضویت 48,48,48,48,48,48,48,48,48,48,48,48,48,48
عقرب 55,55,55
علامتی 55,56,57
علامه 55
علاوه 57,57
علوم 48,48,55
علیزاده 55
علیه 55
عمده 54
عمدهٔ 57
عمومی 48,48,55
عمویش 55
عمیق 58
عناصر 57,57,58
عنوان 3,3,42,42,42,48,48,48,55,55,57,57,57,58
عیسی 55
عینی 3
غالب 57,57,57,57,57,57
غربی 42,58
غرجستانی 55
غلام 55
غُرُورًا 54
غیرانتفاعی 55,56,57
غیرایرانی 3
غیردینی 58
غیرسامی 42
غیرمجاز 48,48,48,48
غیرمذهبی 58,58,58,58
فارس 42,58
فارسی 3
فاطمی 58
فاقد 58
فتوالکتریک 57
فرابالا 57
فراغت 55
فرانسیسی 56
فراوانی 57
فراپایین 57
فرایند 57,57,57
فرایندهای 57
فرزند 55
فرمان 48,48
فرماندار 42
فرنبغ 3,3
فرهنگ 3,3,3,42,42
فرهنگسرای 3
فرهنگی 3,3,48,55,56,56,56,56,56,56
فروردین 48
فرکانس 57,57
فضاسازی 58
فضای 54,58,58
فعال 57
فعلاً 55
فعّال 48
فقرات 55
فلاکس 57
فلذا 3
فلزات 57
فلزی 57
فلسفی 48
فلورسنت 57
فلورید 57,57,57,57,57,57
فمینیستی 48
فمینیسم 48,48
فواید 57
فوتو 57
فوتوالکتریک 57,57,57
فوتون 57,57,57,57,57,57,57,57,57,57,57,57
فوریه 55,55,56
فیروزآباد 58,58
فیزیک 57
فیزیکدان 57
فیلیپ 1
فیوزهای 55
فیوضات 55
قابل 42,42,56,56,56,57,57,57,57,57,58
قابلیت 57
قادر 57
قاعدتاً 3
قاقادی 42
قالب 3,42,58
قانون 48,48,57
قبادی 48
قبرس 1,56,56
قبله 58,58,58
قدرت 3,42,57,57
قدردانی 55
قدیم 55
قدیمی 56,56,56
قرار 3,42,42,42,56,56,56,57,57,57,57,57,57,57,57,58
قسمت 57,57
قسمتی 57,57
قطعات 58
قطعهٔ 3
قطعی 57
قفسه 57
قلعه 55,56,56,58
قلمرو 56
قلمروهای 56
قلندر 55
قندوز 55
قوزی 55
قَالَت 54
قُلُوبهِم 54
قیام 55
لئوناتوس 3
لازم 57
لاشه 58
لامپ 57,57,57
لاچین 55
لایه 57
لحاظ 3,55
لطفاً 57
لوگر 55
لَكمْ 54
لَمَّا 54
لیتوانی 56,56,56,56,56,56,56,56,56,56
لیتوانیایی 56
مؤثر 3
مادر 48,48
ماده 57,57
مارس 55
مارینو 56
مازاد 42,57
ماند 42,42
ماندند 42
مانده 58,58,58
ماندو 58
ماندگار 55
مانع 57,57,57
مانند 48,48,57,57,58,58,58
ماهیت 57,57
ماهیگیر 42,42
ماهیگیری 56,56
ماکریموم 57
مایع 57,57,57,57,57,57,57,57
مبتلا 55
مبتنی 42,42,42
مبشر 55
مبهم 42
متأثر 58
متحد 42
متحده 56
متخصص 42
متخصصان 42
متشکل 57,58
متصل 56,57,58,58
متصور 42
متعلق 3,3,42,42,55,56,57,57,58
متفاوت 3,42,55,55,56,57,57,57,57,57
متفاوتی 56
متقدمین 55
متمایز 42,58
متمدن 42
متمرکز 42
متناسب 57,57
متنوع 58
متنی 48,48,48,48
متوسط 56,56,57
متوقف 57,57
متون 3,3
متونی 3
مثال 57,57,57,57
مثبت 3,57
مجازی 56
مجاهد 55
مجاهدین 55
مجردی 58
مجزا 42,48
مجزای 3
مجلس 48
مجموعه 56
محاسبه 57
محافظ 42
محافظان 3,3
محافظت 57,57
محتمل 57
محتوای 56,57,58
محتویات 56,57,58
محدود 57
محدوده 57,57,57,58
محراب 58
محصورسازی 57,57,57,57,57
محققین 55
محلی 57,57
محمد 42,55,55,55,55,55,55,55,55,55,55,55,55,55,55,55,55,55,55
محمدحسینی 55
محمدخان 55,55
محمدرضا 48
محمدعلی 55
محمدی 55,55,55,55
محمدیه 58,58
محمود 54
محور 58
محوری 58
محوطه 58
محیط 57
مخالف 3
مخالفان 48
مختصات 56
مختلف 57,57,57,57
مختلفی 48
مخدرات 48,48
مخرب 3
مخزن 56,57,58
مخصوصاً 57
مدارک 42,42,42
مدال 55,55,55
مدرس 55,56
مدرن 48
مدعی 3
مدور 58
مدینه 54
مذهبی 3,42,42,42,58,58,58
مذکور 58
مرابطون 58
مراحل 58
مراسم 55,55,58
مراغه 58
مراکش 58
مربع 58,58,58
مربوط 42,55
مرتبط 55
مرحلهٔ 42
مردان 48,48,48,48
مردم 42,42,42,48,48,55,55,55,55,55,55,55,55,55,56,56,58
مردمان 42
مردمانی 42
مرطوب 56
مرقد 54
مروج 54
مرکز 42,42,42,55,56,56,58
مرکزی 58,58,58,58
مزار 55,55
مزاری 55,55
مزبور 58
مسئله 48
مسائل 42
مساجد 58,58,58,58,58,58,58,58,58,58,58
مساجدِ 58
مساوی 48
مستطیل 58,58
مستقل 42
مستقلاً 58
مستقیماً 57
مستند 3,56,57
مستندات 56
مسجد 55,55,55,55,58,58,58,58
مسجدجامع 58
مسلمانان 58
مسیحی 3
مسیحیان 3
مسیر 3,55,55,57
مسیری 57
مشابه 57,57,57
مشارکت 48
مشاهده 1,3,3,42,48,55,55,56,56,56,57,57,57,57,57,57,57
مشاهیری 3,3
مشتق 42
مشخص 42,42,57,57
مشخصه 57
مشهود 3,42
مشهور 57
مصرف 57,57,57,57
مصرفی 57
مصری 42
مصلی 55
مطالب 55,57
مطالعات 48,55
مطالعه 48,48,48,48
مطالعهٔ 48
مطرح 48
مطهر 54
معادل 57
معاصر 58
معاهده 57
معبد 42,42
معتبر 48,48,56,57
معدن 55,55
معرض 57,57
معروف 48
معلوم 55
معماری 58,58,58,58
معمول 57
معمولاً 57,57,57,57,57,57
معنی 42,42,42,57
معیار 57
مغلوب 42
مغناطیس 57
مغناطیسی 57,57,57
مغول 55
مفرغ 42,42
مفقود 55
مفید 57,57,57
مقابل 57,57
مقادیر 57,57
مقاوم 57
مقبره 58,58
مقدار 3,57
مقدس 3,3,42
مقدم 58
مقدونیه 3
مقطع 57
ملاحظات 3
ملازمان 3
ممالیک 58
ممکن 42,42,57,57,57,57,57
منابع 48,48,56,57
منازعات 3
مناسک 42
منبع 3,48,48,48,57,57
منبعِ 57
منتشر 57,57
منتقل 57,57,57
منجر 42,42,57
منحرف 57
منحصر 58
منشأ 3
منصور 55
منطبقند 57
منطقه 3,42,42,58
منظور 55
منفذ 58
منفی 56
منقش 42
مهردارش 3
مهم 58
مهمی 48
مواد 57,57,57,57
مواقع 57
موجود 54,55,55,55,56,57,57,57,57,57,57
موجی 57
مورد 42,56,56,56,56,57,57,57,57,57
موسوی 55
موضوع 57
موظف 55
موعود 55
موفق 3
موقت 58
موقعیت 55
مولانا 55
مولد 57,57,57,57
مَّا 54
مَّرَضٌ 54
مُقَامَ 54
مِّنهْمْ 54
مکانی 58,58
مکانیسم 57,57,57,57,57,57
مکتوب 42,55
مکلف 55
مکینتایر 57
میان 3,3,3,42,42,58,58
میانرودان 42,42,42,42,42
میانه 58
میانگین 56,56
میدان 48,57,57,57,57
میراث 3
میرایی 57,57,57
میردشتی 3
میرزا 55
میرک 55
میرکیشه 55
میری 55
میزان 55,55,56,57,57,57,57
میلاد 42,42,42,42,42,42,42,42,42,42,42,42
میلادی 3,3,56
میلیون 48,57
میمنه 55
مینداگاس 56
میهمانان 48,48
میوند 55
میکرومتر 57
میکولوس 56
نائیل 55
نابود 3
ناحیه 42
نادر 55,58
ناشناخته 57,57
ناشی 57,57,57
ناصری 55,55
ناطفه 55
ناطقی 55
نامشخص 42
نامه 55,56,56
نامیده 57
ناکشسان 57
ناگهانی 57
نبوده 55,57
نتیجه 3,57,57,57
نتیجهٔ 42
نجار 54
نجیب 42
نخستین 3,42,42,42,42,42,42,42,42,56,56,58
نداشت 3
نزدیک 3,42,57,58
نزدیکی 58
نسبت 48,55,57
نسخه 55,55,55,55,55,55,55,55,55,56,57,58
نسوان 48,48,48
نشاط 55
نشان 48,48,56,57,57,58
نشانگر 57
نشانی 56,57,57,58,58
نشده 42
نشریات 48
نشین 55
نظری 55
نظیر 48,58
نفوذ 56,57,57,57,57,57
نفوس 55
نقاشی 42
نقشه 58,58,58,58,58
نماد 42,58
نمای 58
نمایان 57
نمایش 56
نمایند 57
نموده 57
نمونه 58
نهایت 3,42
نوار 56,57,58
نوامبر 55,55,56
نوبل 57
نوترون 57,57,57,57,57
نوروز 55
نوری 55,57
نوزاد 3
نوسنگی 1,1
نوشت 55
نوشتن 3
نوشته 3,3,3,3,55,55,55,55
نوعی 42,57
نویسندگان 48
نژاد 55
نکات 55
نکودری 55
نگارش 55,55
نگارشی 42
نگاری 57,57,57,57
نگاه 57,57
نگهداری 3,42
نگیگا 42
نیاز 42,57
نیازمند 48,48,48,48,48,48,56,57,57
نیاسر 58,58
نیای 42
نیروی 42,42
نیست 3,42,56,57,57,58
نیستند 57
نیشابور 58
نیشینا 57
هجابندی 42
هجوم 42,56
هردوی 3
هرچند 55,56,57,57,58
هزار 3,42,42,56
هزاران 57
هزارستان 55
هزاره 55,55,55,55,55,55,55,55,55,55,55,55,55,55,55,55,55,55,55,55,55,55,55,55,55,55,55,55,55,55,55,58
هزارهٔ 42,42,42,42
هزارگنجی 55
هزارگی 55
هستند 57,57,57
هسته 57,57
هستیا 48,48
هشتاد 55,55
هشتم 58
هشتیم 55
هلنیستی 3,3
هلیوم 57,57,57,57
همان 42,57
همانند 57
همدوسی 57,57
همراه 42,56,56,56,56,56,57,57,57,57,57,57,57,57,57,57
همزیستی 42
همسر 57,57
همهٔ 56,56,57,57,58,58
همچنان 42
همچنین 56,56,56,56,57,57,57,57,58,58
همچون 58
همگانی 42
همگرایی 42,42
همگون 3
همگی 57
همین 42,42,56,56,57,57,57,57,57,58,58
هنوز 42
هنگام 57,57,57,57
هنگامی 55,55
هوای 56,56
هوایی 56,56
هوشنگ 58,58
هولوکاست 56,56,56
هژمونی 42
هیتی 42
هینز 48
وابسته 58
واثق 55
واحد 57
واحدی 55
وارد 3,48,48,48,48,56,56,56,57,57,57,58,58,58
والا 55,58,58
واپاشی 57
واژهٔ 57
واژگان 56,56,56,56,57,57,57
واکنش 57,57,57,57
واکنشی 57
وجود 1,1,1,1,1,1,3,3,3,3,3,3,3,3,3,3,3,3,3,3,3,3,3,3,3,3,3,3,3,3,3,3,3,3,3,3,3,3,3,3,42,42,42,42,42,42,42,42,42,42,48,48,48,48,48,48,48,48,48,48,48,48,48,48,48,48,48,48,48,48,48,48,48,48,48,48,48,48,48,48,48,48,48,48,48,48,48,48,48,48,48,48,48,48,55,55,55,55,55,55,55,55,55,55,55,55,55,55,55,55,55,55,55,55,55,55,55,55,55,55,55,55,55,55,55,55,55,55,55,55,55,55,55,55,55,55,55,55,55,55,55,55,55,55,55,55,55,55,55,55,55,55,55,55,55,55,55,55,55,55,55,55,55,55,55,55,55,55,55,55,55,55,55,56,56,56,56,56,56,56,56,56,56,56,56,56,56,56,56,56,56,56,56,56,56,56,56,56,56,56,56,56,56,57,57,57,57,57,57,57,57,57,57,57,57,57,57,57,57,57,57,57,57,57,57,57,57,57,57,57,57,57,57,57,57,57,57,57,57,57,57,57,57,57,57,57,57,57,57,57,57,57,57,57,57,57,57,57,57,57,57,57,57,57,57,57,57,57,57,57,57,57,57,57,57,57,57,57,57,57,57,57,57,57,57,57,57,57,57,57,57,57,57,57,57,57,57,57,57,57,57,57,57,57,57,57,57,57,57,57,57,57,57,57,57,57,57,57,57,57,57,57,57,57,57,57,57,57,57,57,57,57,57,57,57,57,57,57,57,57,57,57,57,57,57,57,57,57,57,57,57,57,57,57,57,57,57,58,58,58,58,58,58,58,58,58,58,58,58,58,58,58,58,58,58,58,58,58,58,58
وحدت 55,55,55,55
ورزشی 55
ورقه 57,57
وروتا 56
ورودی 58,58
وسیع 42
وسیله 3,56,56
وسیلهٔ 57
وضعیت 48
وضوح 57
وضوخانه 58
وقوع 3,3
ولایات 55,55
ولایت 55
ولتاژ 57
ولسوالی 55
ولنیوس 56
وهمن 3,3
وَعَدَنَا 54
وړانګ 57
ویتنیس 56
ویرایش 1,3,48,55,55,55,56,56,56,56,57,57,57,57,57,57,57,57
ویلنیا 56
ویلنیوس 56,56,56,56,56,56,56,56,56,56,56,56,56,56,56,56
ویلینیا 56
ویلینیوس 56,56,56,56,56,56
ویژه 48,56,57,58
ویکی 56,57,58
يَأَهْلَ 54
يَثرْبَ 54
يَقُولُ 54
پادشاه 42
پادشاهان 56
پادشاهی 56
پارت 3
پارس 48
پارسا 55
پارلمانی 48
پاسبان 48
پاسخ 3,3
پانزده 58
پایان 42,42,42,42
پایتخت 56,56,56,56,56,56
پایدار 56,57,58
پایستگی 57
پایه 56,56,57
پایهٔ 3
پایین 57,57,57,57
پدرش 55
پدید 57,58
پدیدار 42
پدیده 57
پذیرایی 48
پرآب 57,57
پراکنده 57,57
پراکندگی 57,57
پراکنش 57,57,57,57,57
پرتو 57,57,57,57,57,57,57,57,57,57,57,57,57,57,57,57,57,57,57,57,57,57,57,57,57,57,57,57,57,57,57,57,57,57,57,57,57,57,57,57,57,57,57,57,57,57,57,57,57,57,57,57,57,57,57,57,57,57,57,57,57,57,57,57,57,57,57,57,57,57
پرتو_ایکس 57
پرتوافشانی 57
پرتوایکس 57
پرتوزا 57
پرتوهای 57,57,57,57,57,57,57,57,57
پرجمعیت 48,48
پرداختند 3
پرسرعت 57,57,57
پرسش 3
پروتون 57
پروفسور 42
پزشکی 57,57,57,57,57,57,57,57,57
پلاسمای 57,57
پلوتارک 3
پنجره 58
پنجشیر 55
پنجم 48
پنجمِ 48
پهلوی 3,48
پوزیترون 57,57
پوست 3
پوشاندند 58
پوشش 58,58
پوشی 57
پوشیده 58
پولاد 55
پژواک 55
پژوهشگاه 55
پژوهشگران 3,3,42
پژوهشی 3
پکتیا 55
پیام 55
پیامبر 54
پیدا 57
پیرامون 56,56,56,57,57,57,58,58,58
پیرامونی 58
پیشاتاریخی 42
پیشانگارشی 42
پیشرفت 42
پیشرفته 57,57,57,57
پیشنهاد 3
پیشنهادی 56
پیشگام 42
پیشین 48,56,57,58
پیوست 3
پیوسته 57,57
پیوند 56,56,57,57,57,57,57,57,57,57,57,57,57,57,57,57,57,57,58,58
پیوندهای 56,57,57,57,58
چائو 1
چادرهای 42
چالش 57
چراکه 57
چندان 57
چنین 3,56
چهار 42,48,57,58,58,58,58,58,58,58,58,58,58,58,58,58,58
چهاردر 58
چهاردروازه 58
چهارطاق 58,58,58,58,58,58,58,58
چهارطاقی 58,58,58,58,58,58,58,58,58,58,58,58,58,58,58,58,58,58,58,58,58,58,58
چهارم 1,3,48,55,55
چهارپایه 58
چهارچوب 48
چهارگوش 58,58
چهرهٔ 3
چوپان 55
چگال 57
چگونگی 56,57,58
چیزی 42,57
ژانت 48
ژانویه 54,55,55,55,55,55,55,55,55,55,55,56,56
ژنتیکی 57
ژوئیه 56
کابل 55
کاتب 55,55,55,55,55,55,55,55,55,55,55,55,55,55,55,55,55,55,55,55,55
کاتولیک 56
کاربرد 57,57,58,58
کاربردهای 57,57,57,57,57
کاربردی 57
کاربری 56,56,57,57,58,58,58,58
کارمندان 48
کارهای 58
کاروانسرای 58
کارگران 55,55
کارگیری 58
کاری 48
کاشان 58,58
کاشف 57
کاظم 55
کاغذ 57
کافتی 1,1
کافی 57,57,57,57,57
کالاهایی 42
کالبدی 58
کامل 48
کاملاً 3,3,56
کامپتون 57,57,57,57,57
کانتون 58
کاهش 57,57
کتاب 54,55,55,55,55,55,55,55,55,55
کتابخانه 3,48,48,48,48,56,57
کتابی 55
کتیبه 3
کدام 42
کراتروس 3
کرانه 1
کردن 56,56,57,57,57,57,57,58
کردند 42,56
کرده 3,57,57,58
کریستالی 57
کسانی 3
کشاورزان 42
کشاورزانی 42
کشاورزی 42
کشتار 55
کشتن 57
کشتیرانی 56
کشور 56
کشورهای 56,56,56,56,56,57,57,57,57,57,57,57,57
کشورگشایی 3
کشید 3
کشیده 1,57
کفار 56
کلاسیک 42
کلان 55
کلاین 57
کلسیم 57
کلکانی 55,55
کلیسا 56,56,56
کلین 57
کمتر 55,57
کنار 42,58
کناری 56,57,58
کنترل 48,56,57
کنده 55
کنند 48
کننده 57,57,57,57
کنید 57,57
کوانتومی 57
کوتاه 3,57
کوثر 55
کودک 48
کورتیوس 3,3
کورس 3
کوشش 3
کوشک 58
کوشید 3
کوچک 57,58
کوچکتر 42
کوچکی 58
کوینت 3
کُنارسیاه 58
کیان 55,55
کیانی 55
کیلو 57
گازی 57,57,57,57
گاما 57,57,57,57,57,57
گامای 57
گاهی 57,57
گاوی 3
گدار 58,58
گدیمسناس 56
گدیمیناس 56
گرجستان 58
گرداگرد 42
گردشگری 55
گردشی 42
گرفت 42,57
گرفتن 42,57,57
گرفته 56,57,58
گرما 57
گرمای 57
گروه 57,57
گرچه 56,57,58,58
گزارش 56
گسترده 57
گسترش 42,57,57,58
گستره 56,58,58
گسست 3
گسیل 57,57,57,57,57,57,57
گفته 3,55,55,57,57,57,58
گلوور 57
گمان 57
گنبد 58
گنبدهای 58
گنبدی 58,58,58
گودئا 42
گوسفند 42
گوشه 58
گوشواره 58
گوناگون 42
گوناگونی 3
گونه 57,57,57,57,57
گویش 42,42
گچین 58
گیراندازی 57,57
یابند 42
یاخته 57
یادکرد 48,48,48,56,57,57,58
یادکردهای 48,48,48,48
یادگار 58
یافت 42,48,58,58,58
یافتن 48
یافته 42
یخبندان 42
یعقوب 55
یعنی 48,57,58
یهودیان 56,56,56
یوستین 3
یوسفی 55
یونان 3,3,3,3,3,3,3,3,3,3,3
یونانی 3,3,3,3
یونانیان 3
یونش 57,57
یونهای 57,57,57
یونی 57,57,57,57
یونیزاسیون 57
یونیزه 57,57,57,57,57
یکاولنگ 55
یکاولنگی 55
یکدیگر 42
