آباد 60
آبراهامیان 6
آثار 42,42,6
آخال 6
آخرین 3,42,59,59,59
آذربایجان 6
آرگومان 1,1,59,59,59
آریایی 5,5
آزادی 48
آسیای 58
آسیایی 6
آشنائی 59
آشنایی 42
آشور 42
آشکار 5
آغاز 42,42,42,42,6,60
آغازین 3
آلمان 6,6
آمار 59
آمدند 42
آمده 42,42,42,5
آموزش 3
آنان 3,3,3,5,5
آنجا 42,5,59,6
آنجائیکه 59
آنچه 59
آنکه 59
آکروپلیس 6
آگهی 59,59
آیتم 2,4,5,59,6,60
آیرواند 6
آینده 59
إِلَّا 54
إِيمَانًا 54
ئوفمیا 60
ابخونا 60
ابراهیم 1
ابوعبدالله 54
اتحادیه 60,60,60,60,60,60
اتفاق 59
اثبات 42,59
اجاره 59,59,59,59
اجباری 2,4,5,59,6,60
اجتماعی 3,48,48
اجرای 59,59,59,59
احتمال 42
احراز 59,59,59,59,59,59
احیای 4
اخبار 59
اختلاف 42,59
اختیار 42
اختیارات 59
اختیاری 2,4,5,59,6,60
اخیر 1,1,2,2,4,4,5,5,59,59,59,6,6,60,60
اداء 59
اداره 42,42
اداری 42
ادامه 42,42,42,42,5
ادبی 42,48
ادعا 6
ادعاهای 6
ادعای 42,59
ادعایی 59
ادغام 59,59,59
ادیبان 42
اذیت 48
ارائه 59,59,59
ارایهٔ 5,59
ارتباط 4
ارتش 6,6
ارتفاعات 5
ارجاسپ 3
ارجاع 5,59
اردشیر 3,3,3
ارزش 59,59
ارزشی 59
ارزهای 59,59
ارسال 59,6
ارشیر 3
ارقام 59,59
ارگان 59
ازای 59
اساس 42,59,59,6
اساساً 3
اساسنامه 59,59
اساسی 4,4,4
استان 2,2,4,4,4,4,60,60,60
استان_کرمانشاه_در_جنبش_مشروطه_ایران 2
استاندارد 4,6
استانی 5
استثنای 6
استخراج 6,6
استرالیا 48
استعلام 59
استعمارگران 42
استفاده 2,3,4,42,42,42,5,5,59,59,59,59,59,6,60
استفادهٔ 59
استفانو 4
استقرار 59
استیلای 3
اسفند 48,58,6,6
اسلامی 2,58,58,58,59,60
اسمهان 54
اسناد 59,59,6,6,6
اسپانیا 60,60,60,60,60
اسکندر 3,3,3,3,4,4
اسکندریه 4,4
اشاره 42,42
اشاعه 3
اشتقاق 5
اشخاص 59,59
اشرف 6
اشغال 42
اشکانی 5,5,5
اشکانیان 3,5
اصدار 59
اصطلاحات 59,59,59
اصطلاحاً 5
اصلاح 59
اصلاحات 59
اصلی 1,2,4,42,5,59,6,60
اصلیِ 5
اصول 59
اضافه 59
اضافی 5,5
اطراف 42
اطلاعات 1,2,3,3,4,5,59,6,60
اطلاعاتی 5
اعتبار 59,59,59,59,59
اعتباری 6
اعطای 59
اعلام 59,59
افتتاح 59,59
افراد 42,48,48,48,48,59
افرادی 42,59,59
افراسیاب 3
افزایش 5,59
افزون 3
اقتباس 42
اقتصاد 42
اقتصادی 5,59,59,59
اقتصادیِ 5
اقدام 59,59
اقسام 59
الإسکندریة 4
الاجرا 59
البر 4
التاریخ 54
الجرو 54
الحدیث 54
الحضاری 54
الداخل 60
السید 54
الضمان 59
العرب 4,4,54
العربی 54
العربیة 54,54
العصر 54
العلمیة 54,54
اللَّهُ 54,54
المدن 54
المپیک 4,4,6
الواح 42
الولیم 42
الْأَحْزَابَ 54
الگو 3,3,3,3,3,3,4,4,4,4,4,4,4,4,4,4,4,4,42,48,48,48,48,48,58,58,59,59,6,6,6,6,6,6,60,60,60,60,60,60,60
الگوهای 60,60,60
الگوی 5,5,59,60
الیمائی 5,5,5,5,5,5,5,5,5
الیمایی 5,5,5
الیماییس 5,5
اماره 59
امام 4,4
امانت 59
امتیاز 6
امتیازات 6
امتیازنامه_دارسی 6
امتیازنامهٔ 6
امثال 59
امروز 59
امروزه 59,59
امضا 59,59,59,59,59,59,59,6,6,6
امضاء 59,59,59,59
امضادار 59
امضاً 59,59
امضای 59
املاک 6
امور 59
اموی 60
امپراتوران 4
امپراتوری 4,4,4,4,4,4,4,42,42,42,42,59,60,60
امکان 2,4,5,59,59,6,60
انبار 60,60
انتشار 54
انتقال 59,59,59,6
انجام 2,4,5,5,59,59,59,59,59,59,59,6,60
اندازهٔ 42,59
اندلس 60,60
اندک 5,5
انسانی 48
انصراف 59
انقضای 59
انقطاع 42
انقلاب 6,6
انواع 59
انگلستان 6,6,6
انگلیس 6,6,6
انگلیسی 4,6
اهواز 5,5
اوایل 2,5
اورمزد 3,3,3,3
اوروک 42,42,42,42,42,42,42,42
اورویل 6,6
اولین 59
اوما 42
اوکانیا 60
اوکراین 48
اویل 6
اکتبر 4,60
اکتشاف 6
اکدی 42,42,42,42,42,42,42,5
اکرمی 59
اکوان 3,3
اگرچه 3
ایالات 48,48,48,6
ایالتی 6
ایانتوم 42
ایجاد 42,42,42
ایران 2,2,2,3,4,48,48,48,58,59,59,59,59,59,59,59,6,6,6,6,6,6,6,6,6,6,6,6,6,6,6,6,6,6,6,6,6,6,6,6,6
ایرانی 3,59
ایرانیان 3,3
ایزد 3,3,4,4
ایزو 60,60
ایشاع 1
ایلام 42,5,5,5,5
ایلامی 5,5
اینترنتی 3,60,60
اینتف 3
اینصورت 59
اینکه 5,59,59,59,59,59,59,6
بابت 59,59
بابل 3,42,42
بابلی 5,5
بابیرئوش 5
باره 59
بارون 6,6
بازار 48,59
بازداشت 59
بازرگانان 42
بازرگانی 5,5,59
باستان 2,4,4,4,4,4,4,4,4,4,4,4,4,4,4,5,58
باستانی 4,4,4,42,42,42
باشد 59,59,59,59,59,59,59,59,59,59,59,59,59,59,59,59,59,59,59
باشند 42
باعث 42
باقی 42,42
بالا 59,59
بانک 59,59,59,59,59,59,59,59,59,59,59,59,59,59,59,59,59,59,59,59,59,59,59,59,59,59,59,59,59,59
بانکداری 59,59
بانکی 59,59,59,59
باور 42
باید 59,59,59,59,59,59,59,59,59,59,59
بایسترس 60
بایستی 59
بایگانی 3
بحواله 59
بخاطر 4
بخشی 59
بخواهد 59
بدان 59
بدهد 59,59
بدهی 59
بدون 42,59,59,59,59,59,59,59,59
بدیهی 59
برابر 5,6
برادر 3
برازجان 5
براساس 6
براون 6,6
برای 1,1,2,3,3,4,4,4,42,42,5,5,5,5,58,59,59,59,59,59,59,59,59,59,59,59,59,59,59,59,59,59,59,59,59,6,6,6,6,60,60,60
برتری 42
برجسته 42
برخی 42,42,42,59
بردارد 59
برده 42,59
برنز 1
بروز 42
برگشت 59,59,59,59,59
برگشتی 59,59
برگهٔ 59
بریتانیا 48,48
بزرگ 2,3,3,4,4,4,42,42
بزرگتر 42
بزرگی 42,60
بزهکار 59
بسازید 2,4,5,59,6,60
بستان 2
بستاند 59
بسته 59,59,59
بسیار 5,59
بسیاری 42,5
بشارت 5
بشمار 4,4
بطلمیوسی 3
بطلمیوسیان 3
بعداً 59
بعدی 59
بعضاً 59,59
بعضی 59
بغداد 2
بلاسکس 60
بلاش 3
بلامحل 59,59,59,59,59
بنابراین 59
بنام 59
بنای 60
بندر 4
بندری 4,4,4
بنویسد 59
بهبود 2,5,59,59
بهرام 3,3,3,3,3,3,3
بهرامیان 3
بهزاد 4
بهشت 58
بهمن 6
بودن 5,59,59,59,59
بودند 42,42,42
بوده 42,42,5,5,5,59
بوذرجمهر 3,3
بومی 42,42,42
بُرده 1
بپردازید 59
بگوییم 5
بگیرید 59
بیروت 54,54,54
بیزانس 4
بیست 3,3,3,3,3,3,3,3
بیستم 2,3,3
بیسو 60
بیشتر 1,2,3,3,4,4,42,42,5,5,58,59,59,59,59,6,60,60
بیژن 3
بیکتریا 60
تأثیر 42,58
تأخیر 59,59
تأسیس 59,6
تأمین 59,59
تأمینی 59
تأکید 42
تأیید 59,59,59
تابع 1,1
تابعه 6
تادیه 59
تاریخ 42,48,58,59,59,59,59,59,59,59,59,59,59,59,59,59,59,59,59,6,6
تاریخی 4,4,42,42,42,5,5,59,60,60
تاریخیِ 5
تاریک 4,5
تاسوعا 6
تبارلات 59
تبدیل 42,59
تثبیت 5
تجارت 59
تجاری 1,3,4,5,58,59,59,59,60
تجسمی 4,4
تحصیل 59
تحقق 59,59
تحلیلی 48
تحمیل 42
تخیلی 48
تداوم 58
تدریج 42
ترابری 48
ترتیب 5,59,59
ترتیبی 59
ترجمه 1,1,5,6
ترنتیوس 4
ترکستان 3
ترکمانچای 6
ترکمن 58
ترکیبات 59,59
تزئینی 4
تسخیر 42
تسلیم 59,59,59,59,59
تسنیم 59
تصادفی 1,2,4,5,59,6,60
تصاویر 1,2,4,5,59,6,60
تصرف 42
تصریح 59,59
تصویرگری 4,4
تضمین 59,59,59,59,59,59,59
تضمینی 59,59
تطابق 5
تعبیه 59
تعداد 42,59
تعدادی 59
تعریف 59
تعقیب 59,59,59,59,59
تعلیق 59
تعهد 6
تعهدات 6
تعهدی 59
تغییر 5,5
تغییرات 1,2,4,5,59,59,6,60
تفاوت 59
تقاضا 59
تقاضای 59,59
تقدیم 59,59,59
تقریباً 42,42,59
تقریبی 5,5
تقسیم 42
تقسیمات 2
تلفظ 5
تلفن 1,3,4,5,58,59,60
تلفنی 4
تلویزیون 6
تلگرافخانه 6
تمام 42,42,42,42,59,59,59,59
تماماً 42
تمدن 42,6,60
تندی 42
تنظیم 59,6
تنها 3,59,6
تهدید 6,6
تهران 4,4
توازن 48,48
توانست 42,42,42,42,42
توانستند 5
توانِ 5
توتم 5
توجه 2,5,5,59,59,6
توجهی 6
تودیع 59
تورانیان 3
تورم 59
توزیع 3
توسط 2,3,4,4,42,42,42,59,59,59,59,59,59,59,59,6
توسعه 48
توفان 4
تولد 3
تومان 59,59,59,59
تکرار 59
تکراری 59,59,59
تکیه 5
تگزاس 6
ثابت 42,59,59,59,59,59
ثالث 59
ثروت 5
جابجایی 5
جادویی 3,3
جاری 59,59,59,59,59,59,59
جامع 60,60,60,60
جاهای 59
جاویدان 6
جاکوبسن 42
جایگزین 5
جایگزینی 6
جداسازی 59
جدید 3,4,59
جدیدی 6
جرأت 42
جرایم 59
جریان 3,42
جزئیات 1,3,4,5,58,59,60
جزای 59
جزایر 6
جزایی 59
جستارهای 4,5,59,6
جعبه 1,3,4,4,5,5,5,60,60
جغرافیایی 60,60,60,60,60,60
جغرافیاییِ 5
جمعیت 4,42,48
جمهوری 3,4
جنبش 2,2,2,2,48,48,48,48,48
جنبه 59
جنسیت 48,48
جنسیتی 48
جنوب 2,42,42,42,60
جنوبی 42
جنگی 3
جنین 48,48
جهان 3,4,4,42,58,59,60
جهانی 2,2,2,4,4,4,6,6,6,60,60,60,60,60,60,60,60,60
جواز 59
حاصلخیزی 42
حالت 59
حامل 59,59,59
حاوی 3
حاکی 42
حجاب 6
حداکثر 59,59,59,59
حدود 42,42,42,42,59,59
حروف 5,59,59
حساب 2,2,2,4,4,5,5,5,59,59,59,59,59,59,59,59,59,59,59,59,59,59,59,59,59,59,59,59,6,6,60,60
حصار 42
حقوق 48,48,48,48,48,48,59
حقوقی 59,59
حقیقت 42
حماسهٔ 42
حمایت 42,6,6,6,6,6
حملات 5
حمله 2
حوادث 5
حکاکان 42,42
حکمرانی 42,42
حکومت 42,42,6,6,60
حکومتی 42
حیات 42,5
خاتمی 6
خارج 5,59,59,59,59,6
خارجهٔ 6
خارجی 6
خاستگاه 5,5
خاقان 3,3
خاقانی 59
خالص 6
خالقی 3
خالی 59
خبرگزاری 59
خدایی 42
خدمات 6
خدمت 59,59,59,59,59,59
خراب 1,1
خراسان 6
خرداد 48,48,59,59,59,6
خرید 59,59
خسارات 59,59,59
خسارت 59,59,59,59
خسرو 3
خسروپرویز 3
خشونت 42
خصوص 2,4,5,59,6,60
خصوصی 59
خصومت 3
خطایی 5
خطرناک 59
خلاف 5,59,59,59
خلافت 60,60
خلیج 42,6,6
خمینی 6
خواست 59
خواهد 59,59,59,59,59,59,59,59,59,59,59,59,59,59,59,6,6
خواهند 59
خودداری 59
خودمختار 60
خودگردان 5
خوردگی 59
خورشید 6
خورشیدی 6
خوزستان 5
خویش 5
خیابان 48
خیالی 42
خیانت 59
خیریه 6
داخل 59
دادخواست 59
دادرسی 59
دادسرا 59
دادند 42
داده 2,4,4,42,5,5,59,59,59,59,59,6,60
دادگاه 59,59,59,59,59
دادگستری 59,59
دارا 3
دارالفکر 54
دارالنهضة 54
دارالکتاب 54
دارالکتب 54,54
دارای 1,1,1,1,1,1,3,3,3,3,3,4,4,42,5,5,5,5,5,59,59,59,60,60,60,60,60,60,60,60,60,60
داراییهای 6
دارد 1,2,4,4,42,5,5,59,59,59,6,60
دارسی 6,6,6,6,6
دارند 59,59
دارندة 59
دارنده 59,59,59,59,59,59,59,59,59
داریوش 2,5
داشت 42,6
داشتن 59,59
داشته 42,42,42,5,5,59,59,59,59
دانش 58,58
دانشنامه 54
دانشنامهٔ 2,2,4,4,5,5,59,59,6,6,60,60
دانشگاه 6,6
دانشگاهی 3,60,60
داور 6,6
دختران 6
درآمدی 48,48
درآورد 42
دربارهٔ 2,3,3,3,3,4,4,4,4,4,4,4,4,4,48,48,48,5,58,59,59,59,6,6,6,6,60,60,60,60,60,60
دربرگیرندهٔ 42
درخواست 59
درستی 5
درسی 6
درصد 6
درصدی 6
درهر 59
دریافت 59,59,59,59,59,59
دریای 6
دسامبر 58
دسترس 1,3,4,5,58,59,60
دسته 42,59,59,59,59
دستور 4,59,59,59,59,6
دستوردهنده 59,59
دشمنانش 42
دعاوی 59
دعوت 2,4,5,59,6,60
دفاع 48,48
دفترچهٔ 59
دقیق 5
دقیقتر 59
دلاور 5
دلایل 59
دلیل 59,59
دمشق 60
دنبال 5
دنیا 42
دنیل 5
دوازده 4
دوازدهم 3,3
دودمان 3,3,3,3,42,42,42,42,42,6,6,6
دودمانی 3,42,42,42
دوران 42,42,59,6,6,6,6,60
دوره 2,2,2,3,4,42,42,42,42,42,42,42,42,5,59,59,59,6,6,6,6,6,6
دورهٔ 42,42,42,42,42,42
دوسالانه 4
دوفصلنامه 58,58
دولت 5,59,6,6,6,6,60
دولتی 59,59
دومیزید 42
دومین 4,4
دوکه 60,60
دچار 3
دکتر 5,6
دگرباش 48
دگرگونی 5
دیده 42,5
دیدگاه 42
دینی 4,6,6
دیوار 42
دیوارهای 42
دیوان 6
دیگر 1,2,4,4,4,4,4,42,42,5,5,5,5,59,59,59,59,59,59,59,6,60,60,60,60
دیگران 58
دیگری 59,59,59,59,59
ذوالاکتاف 3
رئالس 60
رابطه 5,59
رادیو 6
رالی 6
راهبردی 48
راهنمای 4,60
رایج 59
ربوی 59
رسانه 48
رستم 3,3,3,3,3
رسمی 4,42,59,59,59,59,59,59,60
رسمیت 59
رسید 42,5
رسیدن 42
رسیده 42
رسیدگی 59,59
رضاشاه 6
رعایت 59,59
رعیتی 5,5
رفتار 42
رفتن 3,5
رقابت 42
رقیب 42,42
رنسانس 4,42
روابط 6
رواج 5,5
روایتگر 42
روحت 6,6
روزافزون 42
روزگار 5,5,5,59
روستاهای 42,42
روسیه 48,6,6,6,6
روشنگریِ 5
رومی 4,4,4,60,60
رونق 5
رویداد 59
رویدادهای 1,2,4,5,59,6,60
رَسُولُهُ 54,54
رکود 59
ریاست 6
ریال 59,59,59
ریخته 6
زاگیسی 42
زبان 1,1,1,1,1,3,3,3,4,42,42,42,42,42,42,42,5,5,59,60,60,60,60,60
زدند 42
زروان 3
زعورا 1
زمان 42,42,48,5,5,59,59,6
زمانی 4,4,42
زنان 3,48,48,48,48,48,48,48,48,48,48,48,48,48,48,48,48,48,48,48,48,48,48,48,48,48,48,48
زندان 59
زننده 4
زودی 42
زَادَهُمْ 54
زیادی 42,42,42,42
زیرا 3,42,59
زیربخش 1
زیستند 42
سابق 59
ساحلی 4,4
ساخت 2,4,4,42,5,59,59,6,60
ساختار 5
ساخته 5
سارگن 42,42
سارگون 42,42
سارگُنی 42
سازمان 1,3,4,5,58,59,59,60
سازنده 59
ساعت 1,3,4,5,58,59,60
سالخوردگان 42
سالم 54
ساله 6
سالیانه 6
سامانه 2,2,2,4,4,4,5,5,5,59,59,59,6,6,6,60,60,60
ساموئل 5
سامی 42,42,42
ساکن 5
سایر 6
سباستیان 60
ستاد 6
سراسر 6
سراسری 6
سرانجام 3,6,6
سربازان 42
سرتاسر 3
سردار 3,6
سردفتر 59
سررسید 59
سرزمین 5,5,5
سرقفلی 59
سعادت 48,48,59
سعید 54
سفید 59,59,59,59,59,6
سقوط 42
سلحشور 5
سلسله 5,6
سلوکی 5,5
سندانتقال 59
سهام 6
سهیم 3
سومر 42,42,42,42,42,42,42
سومری 42,42,42,42,42,42,42,42,42,42,42
سومریان 42,42,42
سوییس 48
سپاه 4
سپاهیان 3
سکونت 59,59
سیاست 42
سیاسی 2,4,5,5,59,6
سیاه 48
سیاوخش 3
سیزدهم 3,42
سیستم 59,59
سیطرهٔ 42
سیلک 4,4
سینای 4,4,4
سینما 6,6
شابک 5
شاغل 59,59
شامل 42,59,59,6
شامی 54
شانزدهم 3
شاهان 3,3,3,3,4,4,42,42,42,42,42,42,42,5,5,5,6
شاهانی 42
شاهنامهٔ 3,3
شاهنشاهی 3,6,6,6,6
شاهی 42
شاپور 3,3,3,3,6
شاکی 59,59,59,59,59
شاید 59
شبیه 42
شخصی 59,59
شدند 3,3,3,42,5
شرطی 59
شرقی 4,4,5
شروع 42,59
شرکت 59,59,59,59,6,6,6,6
شرکتی 59,59
شریک 59
شعبه 59
شغلی 59,59
شفیق 6
شمار 5,5
شماره 59
شمارهٔ 59
شمال 42,42,42,5
شمالی 6
شناخته 4,42,42,5
شناسه 3
شهبانو 6
شهرهای 4,4,4,4,42,42,42,60,60
شهری 3,4,4,60
شورا 42
شورای 3
شوروی 6
شوید 2,2,4,4,5,5,59,59,6,6,60,60
شکارگاه 3,3
شکایات 59
شکایت 59,59,59,59,59,59,59,59,59,59,59,59,59,6,6
شکوفاییِ 5
شیروی 3
شیرویه 3
شیمیایی 2,60
شیپمن 5
صاحب 59,59,59,59,59,59,59
صادر 59,59,59,59,59,59,59,59,59,59
صادره 59
صادرکننده 59,59,59,59,59,59,59,59,59,59,59,59,59,59,59,59,59
صادق 59
صحنة 5
صدور 59,59,59,59,59,59,59,59,59,59,59,59,59,59,59,59,59,59,59,59,59,59,59,59
صراحتاً 59
صفجه 2,4,5,59,6,60
صفحه 1,1,2,2,2,2,3,4,4,4,4,5,5,5,5,58,59,59,59,59,59,6,6,6,6,6,60,60,60,60,60,60
صفحهٔ 1,1,2,2,2,4,4,5,5,5,59,59,59,6,6,6,6,60,60,60
صفویه 2
صنایع 60
صندوق 59
صنعت 6,6
صنعتی 4,4,4
صورت 2,4,42,5,5,5,59,59,59,59,59,59,6,60
صورتی 59,59,59,59,59
صورتیکه 59,59
صَدَقَ 54
ضمانت 59,59,59
طراحی 3
طرفداران 6,6
طلایی 60,60
طلخند 3
ظهرنویسی 59
ظهور 5,5
عابرپیاده 6
عادی 59,59
عاشورای 6
عالی 6
عامیانه 5
عبارت 2,4,5,59,59,59,6,60
عبدالرحمن 60
عبدالعزیز 54
عبدالله 54
عربستان 48
عربی 5
عقرب 3,3
علامتی 1,3,4,5,58,59,60
علاوه 59
عللی 59
علمی 60
علمیه 60,60
علوم 60
علیه 48,48,48,59,59,59,59,59,59,59,59,59
عمدتاً 3,42
عملگر 4,60
عناصر 59
عنوان 3,3,42,42,42,42,5,59,60
عهدة 59,59
عهدنامه 6,6
عهده 59,59,59
عیلام 5
عیلامتو 5
عیلامی 5
غربی 6
غلامرضا 6,6
غیرانتفاعی 1,3,4,5,58,59,60
غیرقابل 59
غیرممکن 59
غیرمنقول 59
فارس 42
فارسی 59
فاصله 59
فتوحاتش 4
فراخوانی 59,59,59
فراموش 59
فرانسه 6
فراهم 59,59,59
فرایند 59
فرایین 3
فردوسی 3
فردی 59,59,59
فرعون 3,3
فرمان 42,42
فرماندهی 6
فرمانروای 42
فرمانروایان 3,42
فرمانروایی 42
فرمانفرمانیان 6
فرمود 6
فرنترا 60
فرهنگ 42,42,42,48,48,5,5,59,6,60
فرهنگی 4,48,48,58,58
فرود 3
فریزر 6
فضای 58
فعالان 48,48
فعالی 5
فقره 59
فمینیستی 48
فمینیسم 48,48,48,48
فمینیسمی 48,48,48,48,48
فناوری 4
فهرست 3,3,42,42
فورد 6
فوری 59
فوریه 59
فولکلور 6
فکری 6,6
فیلیپ 3
فینکنشتاین 6
فینیقیه 60,60
قائم 59,59
قابل 2,4,4,42,5,5,59,59,59,59,59,59,59,59,59,59,59,59,59,6,60
قاجار 6
قاره 59
قانون 4,59,59,59,59,59,59,59,59,59,59,59,59,59,59,59,59
قانونی 59,59,59,59,59
قباد 3
قبال 59
قباله 59
قبول 59
قبیل 42
قدرت 3,3,42,42,5,5,5,5
قدرتشان 5
قدرتی 3
قدیم 4,59
قرار 4,42,59,59,60
قرارداد 59,6,6,6,6,6,6,6,6,6,6,6,6,6
قراردادی 6
قرارهای 59
قرارگرفتن 5
قرضه 59
قرون 42,59
قرچغای 3,3
قسمتی 59
قضایی 59
قطعی 59,59
قلمرو 42,5
قلمروهای 1,5,5,5
قلمروی 42
قمری 60
قهری 59
قوانین 59
قَالُواْ 54
قُرطَبه 60
لاتین 4,42,5,5
لازم 59
لاله 4
لانچا 60
لاگاش 42,42,42,42
لبنان 54,54
لبیب 4
لرنشین 5
لطفاً 2,5,59,59
لغتی 59
للیمن 54
لهجهٔ 3
لوحی 42
لیره 6
مأمور 6
مؤثر 59
مؤسس 60
مؤلف 5
ماخذ 59,59
مادر 1,59
مادران 6,6
ماده 59,59,59,59
مارتو 42
مازندران 6
مالکیت 59,59,59,59
مالی 59,59,6
ماندن 5
مانند 42
مبادرت 59
مبادلات 59,59
مبادله 59
مبارزه 6
مبالغ 59,59
مبتلا 48,48
مبتنی 3,42
مبدل 3
مبلغ 59,59,59,59,59,59,59,59,59,59,59,59,59,59,59,59,59,59,59,59,59,6,6,6
مبلغی 59
مبهم 5
متأخر 4
متاخر 4
متافیزیکی 4
متحده 48,48,48
متشکل 42
متصل 2,4,5,59,6,60
متعدد 42
متعلق 1,3,4,5,58,59,60
متعهد 6
متفاوت 5,60,60,60
متفرقه 59
متقاضی 59,59
متهم 59
متوقف 59
متون 42,42,5,5,5,59
مثلاً 5,59
مجازات 59,59,59,59,59
مجازی 3,5
مجرد 59
مجمل 6
مجموع 59,59,59
مجموعه 42
محال 59,59,59,59,59
محاوره 5,5
محتوای 2,2,3,4,5,59,59,6,60
محتویات 2,4,5,59,6,60
محدودیتی 59
محرّر 59
محسوب 59
محفوظ 59
محلی 1,1,3,4,4,4,5,5,5,5,59,59
محمد 54
محمدرضا 6,6,6
محکوم 59,59,59,59,59,59
محکومیت 59
مختصات 4,60
مخدرات 48
مخزن 2,4,5,59,6,60
مخصوص 6,6,6
مخصوصی 59
مدارس 42
مدارک 42,42,59,59
مدارکی 59
مدرکی 59
مدیترانه 42
مدیره 59,59,59
مدیون 59
مذاکرات 6
مذهبی 48,6
مذکور 59,59,59
مراجعه 59,59
مراجعین 59
مراکز 60,60,60
مربوط 4,42,42,42,59,59
مربوطه 6
مرتبط 5
مرتکبین 59
مرجع 59,59
مرداد 2,6
مردانی 5
مردم 4,48,48,5,5,60
مردمان 42,5
مرزی 42
مرطوب 42
مرمت 58,58
مرور 5
مرکز 42,6,6,60
مرکزِیت 42
مرکزی 3,59,59
مرگش 42
مسئول 59
مسائل 59
مساجد 58
مسافرتی 59,59
مستحق 59
مسترد 59,59
مستقل 5
مستند 3,3,5
مستندات 3
مستنداتی 59
مسجد 6,6,60
مسلسل 59
مسلم 54
مسکونی 1,4,4,4,4,60,60
مشابه 1,1,4,4,42,59,59,59
مشارکت 59
مشاهده 3,3,3,4,4,4,4,4,4,4,48,48,48,58,59,6,6,6,60,60,60,60
مشاوره 42
مشترکاً 3
مشتری 59,59
مشتق 5,59
مشخص 59,59,59,59
مشخصات 59
مشروطه 2,2,2,2
مشمول 59
مشهود 59
مشهور 42
مصاحبت 3
مصالحه 3
مصداق 59
مصدق 6
مصنوعات 42
مصوب 59
مطابقت 59
مطالب 5,59
مطالعه 5
مطالعهٔ 42
مطرح 5
معادل 59,59,59,6
معاشرت 3
معاصر 4,4,6,6
معافیت 59,59,59
معاملات 59
معامله 59
معتادان 48
معتبر 59
معتقد 42,5
معرف 59
معرفی 59,59,59
معروف 4,60
معماری 58,58,58,58
معمولاً 5,59,59,59,59,59,59
معنی 5,59
معوق 59
معین 59,59,59
مغازه 59
مفصل 6
مفهوم 59,59
مقالات 48
مقاله 2,5,5,59,59,59,59
مقام 59,59,59
مقدار 59,59
مقداری 59
مقدس 1,4,5
مقدم 59
مقدونیان 3,3
مقدونیه 3,3,3
مقرر 59
مقصر 59
ملاک 59,59
ملزم 59
ملصق 59
ممنوعیت 59,59
ممکن 42,59
منابع 42,5,5,5
مناطق 42,5
منافع 6
مناقشه 6
منبع 3,60,60,60
منتقل 59
منجر 3,5
مندرج 59,59,59,59,59,59,59,59,59
مندرجات 59
منزل 59
منسیا 60
منطقه 4,42,42,5,5,6,60
منظور 59
منقول 59
منوط 59,59
منوچهر 6
مهاجران 2,2
مهاجرت 42
مهبود 3
مهمی 4,5
مواد 48,60
موارد 59,59,59,59,59,59,59,59,59
مواردی 59
موافقت 59
موجب 5,59,59,59
موجبات 59,59,59
موجود 4,4,59,59,59,59,60
موجودی 59
مورخین 42
مورد 42,5,59
موردنظر 59
مورمون 48
موسیقی 60
موضوع 59,6,6,6,6
موعد 59
موعدی 59
موفقیت 42
موقت 2,2
موقعیت 59
موقوف 59,59
موقوفی 59
مُهر 59
مکلف 59,59,59,59
میان 42,5,6,6
میانجی 3
میانرودان 42,42,42,42,42
میانه 3,4
میانی 3,3,3
میترا 58
میراث 58,58,59,60
میلاد 42,42,42,42,5
میلادی 5,54,54,54,54,59,6,6
میلیارد 59,59
میلیون 4,59,59,59,59,59,59,59
نابینایان 6
ناتنی 3
ناحیه 42,59
ناشناخته 60,60,60
ناشنوایان 6
نامحدود 59
نامزد 59,59,59,59,59,59
نامش 42,42,59
نامشروع 59
نامه 59,59,59,59,59,59,59,59
نامید 42
نامیده 3
ناکس 6,6,6
نباید 59,59
نبرد 5
نتیجه 59
نخست 3,3,42,6,6
نخستین 42,42,42,42,42,42,42,59,6
نخواهد 59
ندارد 42,59,59
نداشتن 59
نداشته 59
نرسی 3
نزدیک 5
نسبت 42,48,59,59,59,59
نسبیِ 5
نسخه 2,4,5,59,59,6,60
نسوان 48,48
نشان 59,59
نشانی 2,2,3,4,5,59,59,59,59,59,6,60,60,60,60
نشده 3,5,59,59
نشستند 6
نشود 59,59
نصرالله 6
نظام 42
نظامی 3,4,4,4,42,48,5,6,6,6
نظیر 42,42
نعمت 48
نفاق 3
نفتی 4,6,6,6,6
نقاشی 4,4,4
نقاط 42,59
نقداً 59,59
نقدی 59,59
نقشه 4,60,60
نقطه 42
نماید 59,59,59,6
نمایندگان 59
نمایندگی 59
نمایندگید 59
نمود 59
نموده 59,59
نهاد 59
نهایت 3,42,6
نهایی 6
نواحی 5
نوار 2,4,5,59,6,60
نوامبر 59,59
نوبت 59
نوزدهم 2,3,3
نوسان 42
نوشتن 59,59,59
نوشته 42,42,59,59,59,59,59,6,6
نوعی 59
نویس 59
نویسنده 59
نوین 3,6
نپذیرفت 3
نژاد 48
نکات 59
نکته 42
نکرد 59,59,6
نکند 59
نگارش 42,42
نیاز 5,59,59
نیازمند 1,1,2,2,5,5,5,5,5,59,59,59,59
نیای 3
نیرومندی 42
نیروی 42
نیست 1,2,4,5,59,6,60
نیستید 59
نیمه 5
نیکول 4
نیکوکار 3
هجایی 42
هجدهم 3,3
هجری 60
هخامنشیان 3,3
هرسه 5
هرمزد 3,3,3
هرچند 2,4,5,59,6,60
هرکس 59
هرگاه 59,59,59,59
هرگونه 59
هزار 42,59,59,59,6
هستند 59,59,59
هستید 59
هشتم 3,3,3,60
هفتخان 3
هفتم 3,3,3,54
هفته 59,59
هفدهم 3
هلنی 3
هلنیستی 3,3
همان 59
همراه 3,3,3,3,3,5,5,59
همسایه 42,58
همسایگی 42
همسر 59
همسرش 5
همهٔ 1,1,2,2,4,4,5,5,59,59,6,6,60,60
همواره 60
همچنان 42
همچنین 4,42,42,60
همکاری 48
همگی 3
همیشه 59
همین 2,4,42,42,42,5,5,59,59,59,59,6,6,60,60
هنرمندان 4
هنرهای 4,4,4,4,4,4,6
هنری 3,4,4,4,4,42,42,48,48
هنوز 5,6
هنگام 42,42,59,59
هواپیمایی 6
هوایی 4,4,42,5,60,60
هوجه 5,5
هویت 59,59
هَذَا 54
هیئت 59,59,59
هیجدهم 2
واحد 3
وارد 2,2,2,4,4,4,5,5,5,59,59,59,59,59,6,6,6,60,60,60
وارده 59
واقع 59,59
واقعی 59
واندنبرگ 5
واپسین 42
واژه 5,5,5,5,5,5,59,59
واژهٔ 59,59,59
واژگان 1,1,1
واکنش 6
واگذار 59,59,6
وثیقه 59
وجهی 59
وجود 1,2,2,2,2,2,2,2,3,3,3,3,3,3,3,3,3,3,3,3,3,3,3,3,3,3,3,3,3,3,3,3,3,3,3,3,3,3,3,3,3,3,3,3,3,3,3,3,3,3,3,3,3,3,3,3,3,3,3,3,3,3,3,3,3,3,3,3,3,3,3,3,3,3,3,3,3,3,3,3,3,3,4,4,4,4,4,4,4,4,4,4,4,4,4,4,4,4,4,4,4,4,4,4,4,4,4,4,4,4,4,4,4,4,4,4,4,4,4,4,4,4,4,4,4,4,4,4,4,4,4,4,4,4,4,4,4,4,4,4,4,4,4,4,4,4,4,4,4,4,4,4,4,4,4,4,4,4,4,4,4,4,4,4,4,4,4,4,4,4,4,4,4,4,42,42,42,42,42,42,42,42,42,42,42,42,42,42,48,48,48,48,48,48,48,48,48,48,48,48,48,48,48,48,48,48,48,48,48,48,48,48,48,48,48,48,48,48,48,48,48,48,48,48,48,48,48,48,48,48,48,48,48,48,48,48,48,48,48,48,48,48,48,48,48,48,48,48,5,58,58,58,58,58,58,58,58,58,58,58,58,58,58,58,58,58,58,59,59,59,59,59,59,59,59,59,59,59,6,6,6,6,6,6,6,6,6,6,6,6,6,6,6,6,6,60,60,60,60,60,60,60,60,60,60,60,60,60,60,60,60,60,60,60,60,60,60,60,60,60,60,60,60
وجودش 42
وجوهی 59
وحدت 3
وحشت 42
وحشیانهٔ 42
ورقه 59
وزیر 3,6
وستنهولتز 42
وسطای 42
وسعت 5
وسیعی 42
وسیله 59
وسیلهٔ 59
وصول 59,59,59,59,59,59,59,59
وضعیت 42
وضوح 42
وظایف 59
وظیفه 59,59,59
وعده 59,59
وقوع 42
وَعَدَنَا 54
ویرایش 1,2,3,3,3,3,3,4,4,4,4,4,4,4,4,48,48,48,5,58,58,59,59,59,6,6,6,60,60,60,60,60
ویژه 1,2,4,5,59,6,60
ویکی 1,2,4,5,59,6,60
پاتریک 6
پاتس 5
پادشاهان 5
پادشاهی 4,4,6,6,60
پارسی 59
پاریس 6
پاسخ 59
پالمرا 60
پانزدهم 3
پایان 42,59,59,59
پایانی 3,42
پایتخت 4,42,60
پایتختش 5
پایدار 1,2,4,5,59,6,60
پایه 4,4,4,4,48,48,48,48,48,48
پایین 59
پدران 42
پدرش 3
پرتره 6
پرداخت 59,59,59,59,59,59,59,59,59,59,59,59,59,59,59,59,59,59,59,59,59,59,59,59,59,59,59,59,59,6
پرداخته 5,59
پرداختی 59,59
پردیکاس 3,3
پرورش 6,6
پرچم 6
پزشکی 6
پشتوانهٔ 59
پشتیبانی 3
پنجاه 59,59
پنجم 3,3,3,3,3,3,3
پنجمین 4
پهلوانان 3
پهلوی 6,6,6
پورنوگرافی 48
پولی 59,59,59
پژوهندگان 5
پیدا 5
پیدایش 3,5
پیرامون 1,2,2,2,4,4,4,5,5,5,59,59,59,6,6,6,60,60,60
پیرامونی 42
پیروز 3,3
پیشنهاد 3,59,6
پیشین 2,4,5,5,5,5,59,6,60
پیورا 42
پیوست 42
پیوند 1,1,2,2,2,2,3,3,3,4,4,4,4,4,5,5,58,59,59,59,59,59,6,6,6,6,60,60,60,60,60,60,60,60,60
پیوندهای 4,5,59,6,60
چراکه 59
چنانچه 59,59,59,59
چندان 5
چندین 59
چنین 59,59
چهار 58
چهاردهم 3
چهارم 3,3,3,3,3,3,3,3,3,3,48
چوبین 3,3
چگونه 59
چگونگی 2,4,5,59,6,60
چیزی 42,42,59
ژانویهٔ 1,3,5
ژاپن 48
ژوئیه 59,59,59,59
کا 4
کاتبان 42
کاراکترهای 59,59
کاربرد 4,42
کاربری 2,2,4,4,5,5,59,59,6,6,60,60
کارت 59,59,59
کارتیا 60
کارشما 59
کارشناسان 59
کارلتا 60
کارپیو 60
کارگر 42
کارگزاران 59
کاری 59
کاریکاتور 4
کافی 5
کامران 59
کامل 5,59,59,59,6
کاملاً 59
کامناسکیرس 5,5
کاموس 3
کاپادوکیه 3
کبرا 4
کتاب 4,4,4,5
کتابخانه 3,5,6
کتایون 3
کتبی 59
کردبا 60,60,60,60,60
کردستان 2,2
کردن 2,3,3,3,4,5,59,59,59,59,59,6,60
کردند 3,42,42,60
کرده 59,59,59
کردی 2
کرمانشاه 2,2,2,2,2,2,2,2,2,2,2,2
کروس 60
کریستبال 60
کسان 59
کسری 3
کشانی 3
کشور 4,4,4,59,59,59,6
کشورهای 4,58,60
کشید 5,59
کشیدن 59
کشیده 59,6
کشیشی 42
کفالت 59,59,59,59
کلاسیک 3
کلاهبرداری 59
کلاً 59
کلمات 5
کلیسایی 4
کلیه 59,59,59
کمبود 5,5
کمتر 5,59,59,59,59
کنار 3,42
کناری 2,4,5,59,6,60
کنترل 3,5
کنندة 59
کنونی 5,59
کهگیلویه 5
کوتاه 42
کودتای 6
کودک 4
کودکان 6,6
کوردوبا 60,60,60,60,60,60
کوردوبا_ 60
کوهستانی 5
کوهستانیِ 5
کویت 48
کوینه 3
کُلثوم 1
کیخسرو 3
کیفری 59,59,59,59,59,59,59,59,59
گئومات 2
گذاشتند 5
گذشت 59,59
گذشته 59
گراز 5
گرافیک 4,4
گرانخوئلا 60
گردان 3,3
گردد 59,59
گردشگری 48
گردید 6
گردیده 59,59
گرفتن 3,3
گرفته 3,4,42
گرچه 2,4,5,59,6,60
گرگان 6
گزارش 59
گسترش 42,5,5
گسترهٔ 42
گسیخت 3
گشایش 59
گشتاسپ 3,3
گفتاوردهای 4
گفته 42,5
گفتگو 6
گلداسمید 6
گلستان 6
گنبدهای 58
گواهی 42,5,59,59,59,59,59
گوتیان 42
گوتیک 4
گوشه 3
گونه 59
گویش 3
گیخو 60
گیرنده 59
گیلان 6
گیلگمش 42,42,42
یادبود 42,42
یادکرد 1,1,2,4,5,59,6,60
یازدهم 3,3
یافت 3
یافتن 5
یافته 5,5
یاقوت 54
یحیی 54
یزدگرد 3,3,3,3
یعلوی 5
یعنی 59,59
یهودی 48
یهودیان 59
یواشکی 48
یونان 3,3,3,3,4,4,4,4,4,4,4,4,4,4,4,4,4,59
یونانی 3,4,4,4,5,5,5
یونانیان 4
یونسکو 60,60,60,60,60,60,60,60,60,60
یکای 59
یکدیگر 3
یکسال 59,59,59
یکسویه 6
یگانه 59
