آبرومندانه 7
آبیاری 42,42,42
آثار 3,42,42,7,7
آخرین 42,7
آخِناتون 54
آدولف 7
آذربایجان 2,7
آذوقه 7
آرام 49
آرامش 7
آرامی 2,7
آرگومان 48,8
آزاد 42,49,7,7,7
آزادسازی 7
آزادی 7
آزادیبخش 7
آزادیخواهان 7
آزار 7
آسان 7
آسیا 7
آسیای 3
آشنا 7
آشوری 7
آغاز 2,2,2,3,42,7,7,7,7,7,7,7,8
آغازین 8
آفریقا 49,7,7
آفریقای 7,7,7,7
آقاخان 2,2
آلاسکا 7
آلبانی 7
آلمان 7,7,7,7
آلمانی 7
آلکسی 7
آمدن 7
آمدند 7
آمده 2,42
آمریکا 7,7,7
آمنحوتپ 54
آمیز 7,7,7
آناستازیا 7
آنان 49,7,7,7,7,7
آنتوان 7
آنجا 2,7,7,8,8,8
آنهالت 7
آنچه 8
آنکه 48,7
آهنگران 42
آواز 7
آورد 7,7,7,7,7
آوردند 7,7
آورده 7
آوریل 7,7,7,7,7,7,7,7
آگاه 48
آگوستا 7
آگوستن 7
آیتم 1,49,7,8
أنوش 1,54,54
أُورُشَلِیمَ 8
ائتلاف 7,7,7
ابتدا 2,42,7,7,7
ابتدای 7,7
ابتدایی 7
ابتکار 7
ابداعی 42
ابراهیم 2,54,54
ابرقدرت 7
ابزارهایی 42
ابوالحسن 2
اتحاد 7,7,7,7
اتحادی 8
اتحادیه 7
اتریش 7,7,7
اتفاق 7
اتفاقیه 2
اتهام 7,7
اجازه 2,8
اجاق 42
اجباری 49,7,8
اجتماع 2
اجتماعات 42
اجتماعی 42,42,42,48,7,7,7
اجتماعیون 2
اجرای 7
اجرایشان 3
اجرایی 8
اجماع 48
اجماعی 42
احترام 7
احتساب 42
احتمال 42
احتمالاً 3,42,49,8,8
احداث 3,7
احمد 2,2
احمدشاه 2
اختلاف 2,7
اختلافی 2
اختیار 42
اختیاری 49,7,8
اخلاق 7,7
اخیر 49,49,7,7,8,8
اداری 7,8
ادامه 2,7,7,7,7,7
ادبی 42
ادبیات 8
ادعا 7
ادعای 7,8
ادوارد 2
ارائه 2,42
ارابه 48
ارایهٔ 7
ارباب 7,7,7
اربابان 7
ارتباط 42
ارتدکس 7
ارتش 7,7,7,7,7,7,7,7,7,7,7,7,7,7,7,7
ارجاع 7,7
اردلان 2
اردن 8
اردو 8
اردوی 7
ارزش 8
ارضی 7
ارغوانی 49
ارمنستان 7
ارمنی 8
اروپا 3,7,7,7
اروپای 7,7,7,7,7,7,7
اروپایی 7
ازدواج 42,42,7,7,7
ازپای 7
اساس 42,42,48,8,8,8,8
اساسی 2,2,7,7,7,7,7,7,8,8,8
استان 8
استانبول 7,7
استانبولی 8
استبداد 2
استعفاء 7
استعمارگری 7
استعماری 7
استفاده 1,42,42,42,42,42,49,7,7,7,7
استقلال 7,7
استیلای 49
اسرائیل 8,8,8,8,8,8,8,8,8,8,8,8,8,8,8,8,8,8,8
اسرائیلی 8
اسعد 2
اسفند 2
اسلام 8,8
اسلامی 8,8
اسناد 42
اسکندر 3,3,3,3
اشاره 7,8
اشراف 7,7,7,7,7,7,7
اشرافی 7
اشعار 42
اشغال 7,7,7,7,8,8,8
اشکال 3
اصرار 2
اصلاحات 42,48,7,7,7,7,7
اصلاحاتی 7
اصلاحی 7
اصلی 2,42,48,48,49,7,7,7,8,8,8,8
اضافی 7,7
اطراف 2,7,8
اطلاح 7
اطلاعات 49,7,8
اعتدالیون 7,7
اعتصاب 7
اعتصابات 7,7
اعتقاد 42
اعراب 8
اعصار 8
اعضای 2,42,7,7,7
اعلام 2,48,54,7
اعلای 7
اغلب 7,8
افتاد 7
افتتاح 7,7
افراد 48,54,7
افزایش 7,7
افزودن 7
افزوده 7
افسران 7,7
اقامت 7
اقامتگاه 8
اقتدار 7
اقتصادی 7,7,7
اقدام 7,7,7,8
اقدامات 7,7
اقوام 49
اقیانوسیه 7
البته 49,7,7,8
الحاق 8
الحرام 2
الدین 2
الزام 8
الصَّفا 54
الفبای 7
القُدس 8
المنافع 7,7
النّون 54
الوار 49
الوهی 3
الکساندر 7,7,7,7,7,7,7,7,7,7,7,7,7,7,7,7
الگو 2,2,48,48,48,54,54,7,7,7,7,7,7,7,7,7,7,7,7,7,7
الگوهای 7,7,7,8
الیزابت 7,7,7,7,7,7,7
امتداد 49
امروزه 8,8
امروزی 42,7
امضا 7
امضاء 7
امضای 7
املا 7
امنیت 7,7
امور 7,7,7
امورات 2
اموری 42
امپراتور 7,7,7
امپراتوران 7
امپراتوری 3,7,7,7,7,7,7,7,7,7,7,7,7,7,7,7,7,7,7,7,7
امپراتوری_روسیه 7
امپراطوری 8
امکان 2,49,7,8
امیدوار 7
امیر 2
امیربرق 2
انبار 7,7
انتخاب 2,2,7,7,7,7,8
انتخابات 2,2,7,7,7,7
انتظار 7
انتهای 7
انجام 2,3,48,49,7,7,7,7,7,7,7,8,8
انجامید 7,7
انجمن 2,2
انجیل 8
انحصار 6,6
انداخته 2
اندکی 3,8
انسان 7
انشعابات 42
انقلاب 2
انقلابی 2,7,7,7,7
انگلستان 7,7
انگلیس 2,6
انگلیسی 8
انگیزه 7,7
اهمیت 2,7,7
اواخر 7,8
اواسط 3
اوایل 7
اوایلی 42
اوبر 7
اوتیکه 49
اوجِ 42
اوراشالیمو 8
اوراشالیموم 8
اوراق 7,7
اورشلیم 8,8,8,8,8,8,8,8,8,8,8,8,8,8,8,8,8,8,8,8,8,8,8,8,8,8,8,8,8,8,8,8
اورشلیمِ 8
اورنامو 42
اوست 7
اوضاع 2,2,2,2
اولویت 48
اولین 3,42,7,7,7
اولیه 7,8
اوکراین 7,7,7,7,7,7,7
اوگاریتی 8,8
اویو 7
اَعلامِ 54
اپرا 7
اکبر 2
اکتبر 6,7,7,7,7,7,7,7,7,7,7,7,7,7,7,7,7
اکثر 7,7
اکثریت 7,7
اکدی 42
ایالات 7
ایالت 2,2
ایالتی 2
ایام 2
ایبری 49
ایتالیا 7
ایجاد 42,7,7,7,7
ایدئولوژیکی 8
ایرادات 7
ایران 2,2,2,2,2,2,2,2,6,6,6,7,7
ایرانیکا 2
ایزو 7,7,8
ایسن 42
ایشاع 54
ایلات 2,2,2,2,2,2,2,2
ایلیا 8
ایلیاست 8
ایمان 7
اینان 49
اینجا 1,8
اینکه 7,7,7,7,7,7,8,8,8
ایوان 7,7,7,7,8
بابل 7,8
باختری 1
بارور 42
باری 7
بازار 2,2
بازبینی 7,7,8,8
بازدید 7
بازرگانی 49
بازسازی 8,8,8,8
بازل 7
بازگشته 7,8
بازی 2
باستان 49,7,7,8,8
باستانشناسی 8
باستانی 8,8,8,8
باشد 7,7
باشند 2,42,7
باشکوه 7,7
باطل 7
باطنی 7
باعث 2,42,42,42,42,42,7,7,7
بافته 42
باقی 8
بالا 8,8
بالاتر 42
بالاخره 2
بالایی 7
بالتیک 7
بالکان 7,7
بانک 6
باور 42,8
باورند 42
باورهای 2
باپتیست 7
باید 49,7,7
ببینید 8
بتواند 7
بجورکو 7
بحرین 42
بختیاری 2
بخشی 7,7,8,8
بخشید 7,7,7
بخوبی 8
بدست 2,42
بدهد 7
بدواً 8
بدون 2,48,48,7
بدَوی 42
برآمد 7
برآورده 49
برابر 48,7,7,7
برابری 7,7
برادر 2,2,7
برادرش 7,7
برانداخت 42
براندازد 7
برای 1,2,2,2,2,3,42,42,42,42,42,42,48,48,49,6,7,7,7,7,7,7,7,7,7,7,7,7,7,7,7,7,7,7,7,7,7,7,7,7,7,8,8,8,8,8
برتری 7
برجسته 7
برخاست 2
برخلاف 7,7,7,8
برخورد 7
برخوردار 42,7,7
برخی 2,2,2,2,3,3,42,42,8,8,8
برداشتند 7
برداشته 2
بردند 2
برده 42
بردگان 7
برزگران 7
برست 7,7,7
برشمرده 8
برقرار 7
برقراری 2
برلین 7,7,7
برمبنای 7
برمی 7
برنامه 7
برنز 8
بروکسل 7
برگزار 7,7,7,7,7,7,7,7
برگزیده 7
بریتانیا 7,7,7,7,7,8
بریتانیای 7,7
بریزد 42
بزرگ 2,42,42,7,7,7,7,7,7,7,7,7,7,7,7,7,7,7,7,7,7,7,7
بزرگتر 7
بزرگش 7
بزرگی 42,42
بسازید 49,7,8
بسته 2,42,48,7
بسیار 2,42,7,7,7,7,7,7,7,7,7
بسیاری 7,7,7,8,8
بسیج 42
بشقاب 42
بطرک 7
بعدن 7
بعدی 7,7
بعضاً 8
بقایای 8
بقیه 42,42
بلشویک 7,7
بلغارستان 7
بلوک 3
بلکه 42,48,7,8
بمانند 42
بنابراین 48
بناهای 7,7,8
بنیاد 8
بنیان 7,7
بنین 7
بهادار 7,7
بهانه 7
بهبود 7,7
بهتری 42,42
بوئر 7
بواسطهٔ 8
بوبلوس 49
بودایی 3
بودن 3,7
بودند 2,2,42,42,42,49,7,7,7,7,7,7,7
بوده 42,42,8,8
بورا 7
بورنو 7
بوروندی 7
بورژوایی 7
بورگ 7,7
بومیان 42
بویارد 7
بُرده 54,54,54,54
بپذیرد 7
بکار 7
بکشد 7
بگیرد 7
بیان 54
بیانگر 7,8
بیداری 2
بیرون 42,7
بیستم 2
بیش 7
بیشتر 1,2,42,48,49,6,7,7,7,7,7,7,8
بیشتری 2,42,7
بیمار 7
بیماری 7,7
بیوه 42
تأثیر 3,42,49,8
تأثیرات 7
تأسیس 2
تأکید 8
تأیید 7
تابع 48,8
تاثیر 7
تاجگذاری 7,7
تارَخ 1,54
تاریخ 6,7,7,7,7,8,8,8,8
تاریخی 42,8,8,8,8,8
تاهیتی 7
تبخیر 42
تبدیل 42,7,8
تبریز 2
تبعید 7,7,7,7
تثبیت 7
تجاری 48,6,7
تجربه 42
تحریم 7
تحریک 2
تحلیل 2
تحول 7
تخریب 8,8,8,8
تداوم 42
تدریج 42,7
تدوین 7
تران 7
تراکم 8
تربیت 7
ترتیب 8
ترجیح 7
ترسیده 7
تروتسکی 7,7,7,7,7
ترور 7
ترکمانچای 7
ترکمن 2
ترکمنچای 7
ترکی 8
ترکیب 8
ترینیداد 7
تزئین 7
تزار 7,7,7,7,7,7,7,7,7,7,7,7,7,7,7,7,7,7,7,7,7,7,7,7,7,7,7,7,7,7,7,7
تزارهای 7
تزاری 7,7,7,7
تسخیر 42,7,7,7,7,7,7
تسلط 7,7
تسلیحات 7
تسلیحاتی 7
تسلیم 7
تشخیص 42
تشریح 7
تشریفات 7
تشکیل 7,7,7,8
تصادفی 49,7,8
تصاویر 49,7,8
تصرف 7,7,7,7,7,7,8,8,8,8,8
تصمیم 7
تصویب 2
تصویر 3
تصویرپردازی 3
تضاد 8
تضعیف 42
تظاهرات 7,7
تعداد 42,8
تعریف 8
تعصبات 8
تعطیل 2,2
تعقیب 7
تعلق 42
تغییر 42,7,7,8
تغییرات 42,49,7,8,8
تغییراتی 7
تغییرمسیر 1,8
تغییری 7
تفاوتی 7
تقدس 8
تقریباً 42,49
تقریبی 42
تقسیم 42,7,7,7,7,8,8
تقلید 3,42
تقویم 7,7,7,7
تلاش 7
تلفظ 8
تلفن 48,6,7
تلویزیونی 1
تلگرافخانه 2
تلگرافهای 2
تلگرافی 2
تمام 42,42,7,7,7,7,7,7,7
تمامی 8
تنباکوی 6
تندتری 7
تنها 2,2,2,3,42,48,7,7,8
تنیس 7
تهران 7
تهیه 42,7,7
توأم 7
توازن 42
توانایی 42,7
توانست 42,7,7
توباگو 7
توتون 6
توجه 2,2,7
توجهی 2,42
توسط 42,42,42,42,7,7,7,7,7,8,8,8,8,8,8,8,8,8,8,8,8
توسعه 7,7
توسعهٔ 3,42,8
توسل 48,48
توفیقات 7
تونس 7
تپهٔ 8
تکامل 42
تکیه 8
تیراندازی 2
ثانویه 7
ثروتمندان 7
ثلاثه 2
جاسوسی 7
جامعه 42,48
جامعهٔ 48
جانب 2
جانش 7
جانشین 7,7,8
جانشینان 3,3
جانشینی 7,7,7
جایگاهی 7
جایگزین 7
جایی 7
جبهه 7
جدید 7,7,7,7
جدیدی 3
جروسلم 8
جریان 48,8
جزئیات 48,6,7,8
جزیره 7,7,7,7
جستارهای 7
جعبه 7,7,8
جلفا 6
جمال 2
جماهیر 7,7,7
جمعیت 42,42,42,42,48,7,8,8
جمعیتی 8,8
جمله 49,8,8,8
جمهور 7,7
جمهوری 7,7,7
جنبش 2,2,2,2,2,2,2,48
جنسی 48
جنوب 3,42,42,42,42,42,7,7,7,8,8
جنوبی 8
جنگی 7
جنگید 7
جنگیدند 7
جهان 3,42,49,7,7,8
جهانی 2,7,7,7,7,7,8,8,8
جواب 7
جوان 7
جوانی 7
حاجی 2
حادثه 7
حاضر 7
حالا 7,7
حالی 42,7,8
حامیان 7
حاکم 2,7,7
حاکمان 7
حاکمیت 8,8,8,8
حاکمیتش 7
حاکی 8
حداقل 7
حدود 42,42,8,8,8,8,8,8,8
حدودی 42
حرمل 1
حرکت 2,7
حزقیا 8
حساب 49,49,49,7,7,7,8,8
حساس 7
حسین 2,2
حضرت 7
حضور 7,7,8
حقوق 7,7
حقیقت 7
حماسی 42
حمایت 2,2,42,7,7,7,7
حمله 2,7,7,7
حوادث 2,2,7
حواری 7
حوزه 49
حومه 7
حکاکی 42
حکایت 42
حکمران 2,2
حکمرانی 42,7,7
حکومت 7,7,7,7,7,7,7,7,7,7,7,7,7,7,8,8,8,8
حکومتش 7,7
حکومتشان 42
حکومتی 7,7
حیات 54
خاتمه 7
خارج 7,8
خارجه 7
خارجی 7
خاستگاه 42,8
خاصی 42
خاطر 7,7,7
خاندان 7,7,7,7
خاندانی 7
خانواده 7,7
خاور 7
خاورمیانه 49
خدایان 8
خدایی 8
خراب 1,48
خرابکاری 7
خراج 7
خرما 42
خشمگین 7
خشکی 8
خصوص 1,49,7,8,8
خصوصاً 7
خلاصه 8
خلاف 2
خلقت 7
خللی 7
خلیج 42,42
خمسه 2
خنجر 42
خنجرهایی 42
خواست 3
خواستار 3
خواند 7
خوانده 42
خواه 7
خواهان 2
خواهر 7,7
خواهرش 7
خواهند 7
خواهی 2,2
خوبی 7
خودش 7
خودگردان 1,8,8
خورد 7,7,7
خوردن 7
خوشگذرانی 7
خونین 2
خویشاوند 42,8
خیلی 7
دائمی 8
داخل 7
داخلی 7
دادن 7
دادند 2,7
داده 1,2,49,7,8
دارای 1,42,42,42,48,48,48,48,48,48,48,7,7,7,7,7,7,7,7,7,7,8,8,8,8,8,8
دارد 2,42,42,49,7,8,8
دارند 42,7
داریوش 3
داشت 2,2,42,42,42,7,7,7,7,7,7,7,7,7,7
داشتن 8
داشتند 2,3,49,49,7
داشته 2,49,7,7
دامن 2
دامنه 2,8
دانست 7
دانسته 2,2,3,8,8,8
دانشمندان 7,8
دانشنامهٔ 1,49,49,7,7,8,8
دانشگاه 7,7
دجله 42
دختر 42,7,7,7,7
درآمد 7,7
دربار 7
درباره 6
دربارهٔ 1,2,48,48,49,54,7,7,7,7,7,7,7,7,7,8
درباریان 7,7,7,7
درحالیکه 7
درون 8
درگذشت 7,7
درگیر 7
درگیری 2,7
دریای 49,7,7,7,7
دریایی 7,7,7,7,7,7,7,7
دسامبر 7,7,7,7,7,7,7,7,7,7,7,7,8
دسترس 48,6,7
دسته 2,7
دستهٔ 42
دستور 42,8
دستورهای 3
دستگیر 7,7,7
دستیابی 42,7
دشمن 7
دشمنان 7
دشوار 7
دعوت 49,7,7,8
دغدغهٔ 48,48
دفاع 7
دفاعی 3,8
دقیق 7
دلایل 2,7
دلداری 7
دلیل 3,42,42,7,7,7,7,7,7,8,8,8
دموکرات 2,7,7,7,7,7,7
دموکراتیک 7
دموکراسی 7
دنبال 2,42,7,7
دنیا 7,7,7,7
دهقانان 7,7,7,7,7,7,7
دهقانی 7,7
دهندگان 7
دههٔ 42
دوام 7,7
دودمان 7
دودکش 42
دوران 42,42,42,7,7,7,7,7,7,7,7,7,7,7,7,7,7,7,8,8,8,8,8
دورانی 7,7,7
دورتر 7
دوره 42,42,42,7,7,7,7,8,8
دورهٔ 42,42
دوستانش 7
دوستش 7
دوستی 8
دوشنبه 2
دولت 7,7,7,7,7,8,8
دولتی 7,8
دوما 7,7,7
دومای 7
دومین 7,7
دووجهی 42
دگرباشان 48,7
دیدند 7
دیده 2
دیدگاه 2,42
دیلمون 42
دینی 8
دیوار 8
دیوارهای 8
دیواری 7
دیودور 3
دیگر 1,1,1,1,2,2,2,2,2,2,42,42,42,49,49,49,49,7,7,7,7,7,7,7,8,8,8,8,8,8,8,8,8
دیگری 42,7
رؤسای 7,7
رابطه 2
رابینسون 8
راجع 2
راروتونگا 7
راعیل 54
راندن 7
راهیابی 2
رسانید 7
رستگاری 3
رسماً 7
رسمی 7,8,8
رسمیت 7,8
رسوبات 42
رسوم 3,3
رسید 2,7,7,7,7,7,7
رسیدن 2,7,7
رسیدند 7,8
رسیدگی 2
رعیتی 7,7
رفتار 48
رفتارهای 7
رفتن 7
رقیب 7
رنجبر 7
رنجیده 7
رنسانس 42
رهبر 2,7
رهبران 7,7
رهبری 7,7,7,7,7,7,7
روایات 8,8,8
روایت 8,8
روبرو 2
روحانی 7
روحانیون 7
رودهای 42
روزنامه 7
روزهای 7
روستا 7
روستای 8
روستایی 7
روسی 7,7,7,7,7
روسیه 6,7,7,7,7,7,7,7,7,7,7,7,7,7,7,7,7,7,7,7,7,7,7,7,7,7,7,7,7,7,7,7,7,7,7,7,7,7,7,7,7,7,7,7,7,7,7,7,7,7,7,7,7,7,7,7,7,7,7,7,7,7,7,7,7,7,7,7,7,7,7,7,7,7,7,7,7,7,7,7,7,7,7,7,7,7,7,7,7,7,7,7,7,7,7,7,7,7,7,7,7,7,7,7,7,7
روشن 42
روشنفکر 7,7
روشنی 42
روغن 42,42
رومانف 7,7,7,7,7,7
رومانوف 7,7
رونق 7
رویایی 7
رویداد 7
رویدادهای 49,7,8
رویشان 42
رژیز 7
ریشه 3,42,8
ریّان 54
ریکوتی 7,7,7
زاخارین 7
زاده 7,7
زارینش 42
زبان 1,42,42,48,48,48,48,48,7,7,7,7,7,7,7,7,8,8,8,8,8,8,8,8,8
زبانی 42
زحمت 42
زخمی 7
زعورا 54
زمامداری 8
زمان 3,42,42,54,7,7,7,7,7,7,7,7,7,8,8
زمانی 7
زمرهٔ 3
زمستان 7
زمستانی 7,7
زمین 42,7,7,7,7,7,8
زمینه 7
زمینی 7
زناشویی 42
زنان 42,48,48,48,48,7,7
زنانه 42
زندان 7
زندانی 7
زنده 42,42
زندگی 3,42,42,7,7,7
زهکشی 42
زیاد 42,7
زیادی 2,42,7,8
زیبا 7
زیبای 7
زیرا 42,8
زیرلایه 42
سابق 7
ساخت 49,7,7,7,8,8,8,8
ساختار 42,42,7,7
ساخته 42,7,7,7,8,8
ساده 42
سازد 7
سازمان 48,6,7,7,8,8
سازماندهی 7
سازهای 8
سازهایی 7
سازوکار 8
سازی 42
ساعت 48,6,7
سالارالدوله 2
سالف 54
سالن 7
ساله 7,7,7,8
سالگی 7,7
سامانه 49,49,49,7,7,7,8,8,8
سامانهٔ 42,42
سامرا 42
ساموئل 7
سانسور 7
ساوجبلاغ 2
ساکنان 8
ساکنین 42
سایر 2,2,6,7
ستیزی 48,48
سختی 7
سدهٔ 8
سراسر 7,7,7
سرافزار 42
سرانجام 7,7,7,7,7,7
سرباز 7,7,7
سربازان 7
سربازانش 3
سربه 7
سردار 2,2
سرزمین 7,7,7,7,7
سرزمینِ 8
سرسخت 2
سرعت 7,7
سرنگونی 7
سرپوش 42
سرکوب 7,7,7
سریع 7
سطحی 7
سعادت 7
سفالگری 42,42
سفالی 42
سفالین 8
سفید 7,7,7,7,7
سفیدهای 7,7
سقوط 7,7
سلسله 2,2,42,6
سلطنت 3,3,7,7,7,7,7,7,7,7,7,7,7,7,7,7
سلطنتش 7
سلطنتی 7,7
سلیمان 8,8,8,8
سنتی 48,48,7,7
سنندج 2,2
سنگسار 42
سنگی 42,8,8
سوءقصد 7,7
سوئد 7,7
سوئیس 7
سواحل 49,7
سوخته 7,7
سوزاندند 7
سوسیال 7,7,7,7,7,7,7
سوسیالیستی 7,7,7,7
سوسیالیسم 7,7
سوفیا 7,7,7
سومالی 7
سومر 42,42,42,42,42,42,42,42,42,42,42,42,42
سومری 42,42,42,42,42,42,42
سومریان 42,42,42,42,42,42,42,42,42
سومین 7,8
سویی 2
سپاه 7
سپاهیان 7
سپتامبر 7,7,7,7,7,7,7,7,7,7
سکنی 49
سکونت 42,42,8,8
سیادت 7
سیاست 2,7
سیاسی 48,7,7,7
سیاه 7
سیبری 7,7,7,7,7,7
سیستم 7,7,7
سیلان 7
سیلوام 8
سیلوان 7,7,8
شادی 7
شارل 7
شالم 8
شامل 7,8,8,8,8
شانزدهم 7
شاهان 42
شاهزاده 7,7,7,7
شاهزادگان 7
شاهسون 2
شاهی 6,7
شاید 49
شبهه 8
شبیه 42,42,42
شدند 7,7,7,7
شدید 42,42,7
شراب 42
شرایط 3,42
شرقی 49,49,7,7,8,8,8,8
شروان 7
شروع 2
شرکت 7
شعار 7
شماری 42
شمال 42,49,7,7,8
شمالی 49,7,7,7,7,7,8
شمرده 8
شناختن 8
شهرت 7
شهرداری 8
شهرستان 8,8
شهرهای 1,2,42,42,42,7,7,7,7,7,8,8,8,8,8
شهری 2,8
شودرلو 7
شورا 7,7,7,7,7
شوراهای 7,7
شورای 2,7,7,7,7,7,7,7,7,7,7
شورش 7,7,7,7,7,7
شورشی 7
شورشیان 7
شوروی 6,7,7,7,7,7,7
شوری 42
شوریده 7
شوند 42,42
شونگا 7
شوهر 42,42
شوید 49,49,7,7,8,8
شکست 7,7,7,7,7,7,7
شکستی 7
شکلی 7
شکوه 7
شیرازی 2
شیشه 7
صاحِبِ 54
صادر 8
صادق 2
صالح 54
صحبت 7
صربستان 7
صغیر 3
صفات 54
صفجه 1,49,7
صفحه 1,1,1,48,48,49,49,49,49,49,6,7,7,7,7,7,8,8,8,8
صفحهٔ 1,49,49,49,7,7,7,8,8
صندلی 42
صنعت 6
صنعتی 7,7
صورت 49,7,7,7,7,7,8,8,8,8,8,8
ضحّاک 8
ضعیف 7
ضمیمه 7,7,8,8
طبقات 7
طبقهٔ 42
طبیعت 7
طرفداران 2,2,2
طلاب 2
طلایی 7
طلوع 2
طولانی 7,8
ظاهر 7
ظاهراً 3,42
ظروف 42,7
ظهور 3,42,7
عادی 7
عالی 8
عبادی 3,8
عبارت 49,7,8
عبدالله 2
عبرانیان 8,8,8
عبری 8,8,8,8,8,8,8
عبید 42,42
عثمانی 2,7,7,7,7,7,7,7,7,7,7,7,7,8
عدالتخانه 2
عربی 42,7,8
عریض 8
عزیز 54
عزیمت 42
عضوی 48
عظیمی 7,7
عقاید 7
عقیدهٔ 8
علاقه 7,7,7,7
علامتی 48,6,7
علاوه 7,7,8
علماء 2
علمی 7,7
علوم 7
علویان 7
علیه 7,7,7,7,7,7,7,7,7,7,7
عمده 8,8,8
عملاً 7
عملیات 7
عمومی 48,7,7,7,7,8
عنوان 2,2,42,42,7,7,7,7,7,7,8,8,8
عهده 42,7
عوامل 7
عیسی 7
غارت 2
غذایی 7
غربی 7,7,7,7,7,7,8
غلبه 8
غلدی 7
غنیمت 7
غیرانتفاعی 48,6,7
غیرسامی 42
غیرعملی 3
غیرقانونی 8
فئودالی 7
فئودور 7,7,7
فئودوروویچ 7
فارس 42,42
فارسی 49,8,8,8
فاصله 7
فاقوذ 1,54
فتحعلی 2,2
فدراتیو 7
فدراسیون 7,7,7,7,7,7
فدرال 7,7
فرات 42
فرار 7,7
فراز 8
فرانسه 7,7,7,7,7,7,7,7,7,7
فرانکفورت 7
فراوان 2,42
فردی 7,7
فرزند 7,7,7,7,8
فرزندی 7
فرمان 42,42,8
فرمانده 7
فرماندهان 7
فرمانروای 7,7,7
فرمانروایی 7,7,7,7,8
فرهنگ 3,3,42,42,49,7,8
فرهنگستان 7
فرهنگی 42,7,7,7,7
فروپاشی 7
فشار 2
فعال 48
فعالیت 48
فقیرتر 7
فلزی 42
فلسطین 8,8,8,8
فلسطینی 1,8,8,8,8
فلسطینیان 8
فلسفه 7
فمینیست 48
فناوری 42
فنلاند 7,7
فنیقی 49
فنیقیان 49,49
فنیقیه 49
فهرستی 7
فوریه 7,7,7,7
فوکیه 7
فیجی 7
فیلیپ 3,7
فیلیپین 7
قابل 1,1,3,42,49,7,8,8
قازان 7
قالب 8,8
قانون 2,42,42,7,7,8
قانونی 7
قبال 2
قبایل 8
قبله 8
قبلهٔ 8
قبول 2
قبیلهٔ 8,8
قدرت 2,3,42,7,7,7,7,7,7,7,7,7
قدرتمند 7,7
قدرتمندتر 7
قدرتی 7
قدیم 7,7,7,7
قدیمی 7,7,8,8,8,8,8
قرآنی 54
قرار 2,3,42,42,42,42,42,42,7,7,8,8,8,8,8,8,8,8,8,8
قرارداد 7,7
قراردادی 7
قرارگیری 8
قزاق 7
قزوین 6
قسمت 8
قشقایی 2
قضایی 7
قطار 7
قفقاز 7,7,7
قلمروهای 49,7,7
قلمروی 7
قلیلی 7
قنسولخانه 2
قهرمانان 3
قوانین 42
قوای 2,2
قومی 7
قیام 7,7,7,7,7,7,7
قیمت 7
لئون 7
لاینقطع 42
لایه 42
لباس 42,7
لبنانی 49
لحاظ 7
لطفاً 7
لندن 7,7,7
لنین 7,7,7,7,7
لهستان 7,7,7,7,7,7,7,7
لهستانی 7,7
لوای 48
لویی 7,7,7,7
لژیون 7
لکلرک 7
لیتوانی 7,7,7,7
مابین 3
ماثان 54
ماجراجویانه 7
مادر 49,54,54
مادرش 7
مارس 7,7,7,7,7,7,7,7,7,7,7,7,7
مارکوس 7,7
ماری 7
مالت 7
مالیات 7
ماند 7
مانده 7,8
مانند 2,42,7,7,7,7,7,7,8,8
مبارزه 7,7,7
مبتلا 7
مبدأ 7,8
مبلمان 7
مبنای 8
مبنی 42
مبهم 7
متأخر 42
متاخر 7
متحد 7,7,7,7,7,7,8,8
متحده 7,7
متخاصم 7
متصل 1,49,7,8
متعلق 48,6,7,8,8,8
متفاوت 7,7,7,8
متفرق 7
متفقین 7
متقارب 8
متمادی 8
متمرکز 7
متناوب 49
متنفذین 7
متنوع 42
متوالی 7
متولد 7
متون 8,8
متوکلی 7
مجبور 7
مجدد 8
مجدداً 7
مجلس 2,2,2,2,2,2,2
مجلل 7,7
مجموعه 1
محاصره 7,7,8,8
محافظان 7
محافظت 7
محبوب 7,7
محتوای 1,49,7,8
محتویات 1,49,7,8
محدود 2,7
محدودهٔ 8
محسوب 7,8,8
محسوسی 7
محصولات 42
محلی 49,8,8
محمد 2,2
محمدکاظم 2
محور 8
محوری 8
محکوم 7
مخابره 2
مخالف 2,7,7
مخالفان 7,7
مخالفت 2,2,2,2,2,7
مختصات 1,49,8
مختلف 7,8
مختلفِ 8
مخدرات 2
مخزن 1,49,7,8
مخفیانه 7
مخوف 7,7,7
مدتی 7
مدرن 7,7,7
مدعی 7,8
مدنی 42,48,7,7
مدیترانه 7
مدینه 8
مذاکره 2,7
مذهب 7
مذهبی 42,48,7,7,8,8,8
مربعی 42,8
مربوط 7
مرتبط 42
مردان 2,48,7
مردسالار 42
مردم 2,2,2,2,2,2,2,7,7,7,7,7,7,7,7,7,7,7,7,7,7,7
مردمان 42,42,42
مردمانی 42,42
مردمی 49,7,7,7
مردی 2,7
مرزهای 8
مرکب 7
مرکز 2,2,8,8,8
مرکزی 7,8
مرکزیت 8
مرگش 3,7,7
مریم 2
مرینا 7
مزاحم 54
مزارع 7
مزارعی 42
مسئلۀ 2
مسائل 8
مساحت 8,8
مستبد 2,2
مستبدی 2
مستبدین 2,2,2,2
مستطیلی 42
مستعد 42
مستقل 42,7
مستقیم 7
مسجدالاقصی 8
مسلح 2,2,7,7,7,7
مسلط 7,7
مسلمان 7,8
مسلمانان 8,8
مسکو 7,7,7,7,7,7,7
مسکونی 8
مسکوی 7
مسیحی 7,7,7,8,8
مسیحیت 8
مشابه 49,8
مشارکت 2
مشاهده 1,2,3,42,48,48,54,7,7,7,7,7,7,7,8
مشخص 7,8
مشروطه 2,2,2,2,2,2,2,2,2,2,2,2,2,2,2,48,7
مشروطهٔ 2
مشروطیت 2,2,2,2
مشهود 3
مشهور 42,7,7,7,7
مشکلات 2,7
مصری 8
مطالب 7
مطرح 48,8
مطلقه 7
مطیعان 7
معابد 42
معادن 6
معاصر 42
معاف 7
معبد 8,8,8
معبدمحور 42
معتقد 2,7,7
معراج 8
معرض 8
معروف 2,7,7
معنا 48
معنای 48,49,8,8
معنی 8
مغان 6
مغولانِ 7
مفاد 7
مفرغ 42
مفصلی 3
مفهوم 3
مقابل 2,7,8
مقابله 7
مقاله 7,7,7,8
مقام 2,7,7
مقاومت 42
مقبره 8
مقتدر 2,7
مقدس 2,2,7,7,7,8,8,8,8,8,8,8,8,8
مقديشو 7
مقصر 7
مقطع 48
ملاهای 2
ملحق 7
ملقب 7
ملکم 2
ملکه 7,7,7
ملیک 2,2
مملکت 49
مملکتی 49
ممنوع 7
ممکن 7,8
منابع 2,7,8,8,8
مناسب 8,8
مناسک 3
مناطق 2,42,7,7,7,8,8
مناطقی 49
مناقشه 8
منبع 48,48,48,48,48
منتج 2
منتخب 7
منتظر 7
منتقل 7,7,8
منجر 42
منحل 7,7
منشأ 7
منصرف 3
منصوب 7
منصور 2
منطقه 2,42,42,42,7,7,8
منطقهٔ 8
منطقۀ 2
منظور 42
منفور 7
مهاجرت 42,42
مهدی 2
مهم 49
مهمی 42,7
مواردی 8
موبد 7
موتیه 7,7
موجب 7,7
موجود 42,7
مورد 42,42,7,7,7,8,8,8,8,8,8
موزه 42
موسسات 8
موسوم 8,8
موسیقی 42,7
موضع 2
موضوع 8
موطن 3
موفق 7,7,7,7,7
موفقیت 42,7,7,7,7
موقت 7,7,7,7,7
موقتی 7
موقعیت 8
مولداوی 7,7
مونته 7,7
مَتْوشَلَخ 54
مَسیح 54
مُتدین 48,48
مُدرن 48
مکان 8
مکتوب 3
مکری 2
مکریان 2
مکزیک 7,7,7
میان 2,2,2,2,2,3,6,7,7,7,7,7,7,7,7,7,7,8,8
میانرودان 42
میانه 7,7
میبرد 7
میبردند 7
میخائیل 7,7,7,7
میخاییل 7
میخی 42
میدان 2
میراث 8
میرزا 2,2,2,2
میرپور 2
میزان 42
میلاد 42,49,7,8,8,8,8,8,8,8
میلادی 3,7,7,7,7,7,7,7,7,7,7,7,7,7,7,7,7,7,7,8,8,8
میلیون 42,42,7
مینسک 7
نابود 7,7
نابودی 7
ناتوان 7
ناحیه 7
نارضایتی 2,7
ناشناخته 7,7,7,8
ناشی 7,8
ناقص 42
ناقه 54
نامساعد 3
نامشان 7
نامشخص 8
ناممکن 7
نامی 49
نامید 49
نامیده 7,7
ناندا 7
ناپلئون 7,7,7,7,7,7,7,7,7
ناکامی 7
نباید 7
نبرد 7,7,7
نبود 7,7
نبوده 42
نتوانست 7
نتیجه 2,7,7,8,8
نجفی 2
نخست 7,7,7,8
نخستین 42,42,7,7,7,7,7,7,7,7,8,8,8
نخستینِ 8
ندادند 8
نداده 7
نداشت 48,7,7,7
نداشتند 7,7
نداشته 8
نرسد 7
نزدیک 42,49,7,7
نزدیکی 8,8
نسبت 2,42,7,8
نسبتاً 3
نسخه 1,49,7,8
نشان 42,42,42,7,8
نشانی 49,49,7,7,8
نشده 2,2
نشناختن 8
نشینی 7
نظام 2,7
نظامی 3,7,7,7,7,7,7,7,7,7,7,7,8
نظامیان 7
نظرسنجی 48
نظری 48
نظیر 2,42
نفوذ 7,7,8
نقاط 2,49
نقره 42
نقشی 8
نماید 7,7
نمایش 7
نماینده 2,2,7
نمایندگان 2,2,7,7
نمود 7,7,7
نمودن 7
نمودند 7
نمونه 42
نمونهٔ 42,42
نهاد 7
نهاده 7,8
نهایت 42,8
نهایتاً 7
نوئل 7,7
نواحی 42,42,49,7
نوار 49,7,8
نوامبر 7,7,7,7,7,7,7,7,7
نوبت 7
نوسازی 7
نوشتهٔ 2,2
نوعی 42
نویسندگان 8
نوین 6,6,7,7,7
نوینی 7
نَجّار 54
نِهادند 8
نپال 7
نکرد 7,7
نگارش 42
نگارشی 42
نگارشیِ 42
نگاه 8
نگهبانان 7
نگهداری 42,8
نیاز 7
نیازمند 48,7,7,7,7,8,8
نیاکان 7
نیجریه 7
نیرو 7
نیروهای 7,7,7,7
نیروی 2,42,7,7,7,7,7,7,7,7
نیزه 42
نیست 42,42,49,7,7,8
نیکتایویچ 7,7
نیکلای 7,7,7,7,7,7,7,7,7,7,7,7,7,7,7,7,7,7
نیکولای 7
نیکیتا 7
هادیان 7
هایی 7,7,7
هاییتی 7
هجوم 2,42,7,8
هدفش 7
هراس 7
هراسید 7
هرچند 49,7,8
هرگز 7
هزار 2,42,42,49,7,8,8,8
هزاران 2
هزاره 8,8
هزینه 7,7
هستند 7,7
هستهٔ 8
هشتم 49,49,49,8
هفتم 49,49,7
هفتگانه 7
هفدهم 7
هلنیستی 3,3
همانند 7
هماهنگی 7,7
همراه 42,7,8,8,8
همراهی 8
همزمان 8
همسایه 8
همسر 7,7,7,7
همسرش 7,7,7
همسری 7,7
همهٔ 49,49,7,7,8,8
همچنان 7,7
همچنین 2,2,42,7,7,7,8,8
همچون 8
همکاری 2
همگام 8
همگی 7
همیشه 42
همین 49,7,7,7,7,7,7,7,7,7,8
هندی 3
هنرمندان 7
هنری 7,7
هنوز 7
هنگام 42,48,7,7
هنگامی 42
هوایی 1,1,42,49,49,7,7,8,8
هوبیو 7
هوشمندانه 7
هیکل 8,8,8
وابسته 42
واترلو 7
واجد 2
واحد 7,7
وادار 7,7
وارد 49,49,49,7,7,7,7,7,7,7,7,7,7,7,8,8,8
واعظ 2
وافری 7
واقع 2,8
واقعه 7
واقعی 3
واقعیت 8,8
واهِله 54
واپس 7
واپسین 8
واژگان 1,48,48,7,7,8,8
واکنش 7
واگذار 7
وجود 1,1,2,2,2,2,3,42,42,42,42,42,42,42,42,42,48,48,48,48,48,48,48,48,48,48,48,48,48,48,48,48,48,48,48,48,48,48,48,48,48,48,48,48,48,48,48,48,48,49,49,49,54,54,54,54,54,54,6,6,6,7,7,7,7,7,7,7,7,7,7,7,7,7,7,7,7,7,7,7,7,7,7,7,7,7,7,7,7,7,7,7,7,7,7,7,7,7,7,7,7,7,7,7,7,7,7,7,7,7,7,7,7,7,7,7,7,7,7,7,7,7,7,7,7,7,7,7,7,7,7,7,7,7,7,7,7,7,7,7,7,7,7,7,7,7,7,7,7,7,7,7,7,7,7,7,7,7,7,7,7,7,7,7,7,7,7,7,7,7,7,7,7,7,7,7,7,7,7,7,7,7,7,7,7,7,7,7,7,7,7,7,7,7,7,7,7,7,7,7,7,7,7,7,7,7,7,7,7,7,7,7,7,7,7,7,7,7,7,7,7,7,7,7,7,7,7,7,7,7,7,7,7,7,7,7,7,7,7,7,7,7,7,7,7,7,7,8,8,8,8,8,8,8,8,8
وحدت 7
وردون 7
ورزید 7
ورود 7,7,7,8
وزیران 7
وساطت 7
وسطی 7,7,7
وسعت 7,7
وسیعی 7,7
وصلت 7
وضعیت 42,42,42,8
وظیفه 7,7
وعده 7
وفادارش 7
وقایع 8
وقتش 7
وقتی 7
ولایت 7,7
ولایتی 2
وکلایی 2
ویتنام 7
ویرایش 2,48,48,48,54,6,7,7,7,7,7,7,7,7
ویلهلم 7
ویژه 49,7,7,7,8
ویکی 49,7,8
پائول 7,7,7,7,7
پادشاه 7,8
پادشاهان 7
پادشاهانی 7
پادشاهی 7,7,7,7,7,7,7,8
پادگان 8
پارسیان 8
پاریس 7,7,7,7
پانزدهم 3,7
پانصد 49
پاکستان 7
پایان 42,42,49,7,7,7,7,7,8,8
پایانی 7
پایتخت 7,7,7,7,7,8,8,8,8,8,8,8,8,8
پایتختی 8
پایدار 3,49,7,8
پایه 7
پایگاه 8
پترز 7,7
پترزبورگ 6,7,7,7
پتروگراد 7,7,7,7,7,7,7,7
پدربزرگ 7
پدرش 7,7,7,7,7,7,7,7
پدید 3
پذیرش 7,8
پذیرفت 7
پذیرفتند 7
پرائریال 7
پرخرج 3
پرداخت 7,7
پرداختند 42,7
پردار 42
پرده 7,7
پردیکاس 3
پرطرفدار 42
پروس 7
پروفسور 42
پرونده 7
پساصنعتی 7
پسرش 7,7,8
پسری 7
پشتوانه 7
پطرس 7
پلخانف 7
پلکانی 8
پلیسی 7
پنجم 42,8
پهلوی 8
پهلَوانی 8
پونت 7
پوگاچف 7
پژواک 48
پژوهان 2
پژوهشگران 42
پیدا 42,7
پیرامون 1,49,49,49,7,7,7,8,8,8
پیروزمندانه 7
پیروزی 3,7,7,7,7
پیشرفت 42,7
پیشه 49
پیشین 1,42,49,49,49,7,7,7,7,7,8
پیمان 7,7,7
پیوسته 7
پیوستگی 42,42
پیوند 1,49,49,49,49,49,7,7,7,7,7,7,7,7,8,8,8
پیوندهای 1,49,49,7,8
پیگیری 7
چادرنشینان 8
چارپایه 42
چندی 3
چندین 2,7,7,7
چنین 42,7,7,7
چهار 3,8,8
چهاردهم 7
چهارم 3,54,7,8
چهارمین 7
چهارپایه 42
چهره 7,7
چوبی 42,42
چوپانان 8
چگونگی 1,49,7,8
چیست 7
ژانوت 7
ژانویه 7,7,7,7,7,7,7
ژانویهٔ 48
ژاپن 7,7,7,7
ژنرال 7
ژوئن 7,7,7,7,7,7,7,7,7,7
ژوئیه 7,7,7
ژوزف 7,7,7,7,7,7,7
ژوییه 7,7
کا 7,7,7,7,7,7,7,7,7,7,7,7,7,7,7,7,7,7,7,7,7,7,7
کاتولیکی 7
کاربرد 1,42,8
کاربری 49,49,7,7,8,8
کارتاژ 49
کارخانجات 7
کارشکنی 7
کارل 7
کارون 6
کارگران 7,7
کارگری 7,7,7,7,7,7,7,7,7
کازیمیر 7
کاشت 42,42
کافی 42
کامل 7
کاملاً 3
کامپو 7
کاهش 42,42,7
کاوش 42
کبیر 7,7,7,7,7,7,7,7,7,7,7,7,7,7
کتاب 7,7,8,8,8,8,8,8,8
کتابخانه 7
کراتروس 3
کربن 42
کرتین 7,7
کردن 49,7,7,7,8,8,8
کردند 2,42,48,7,7,7,7,7,7,7,7,7
کردنشین 2
کرده 2,7,7,7,8,8,8,8
کردهای 2
کرمانشاه 2,2,2,2,2,2,2,2,2,2,2,2,2
کرنسکی 7,7,7
کریستف 7
کریمه 7,7,7
کزدند 7
کشاند 2
کشاندن 7
کشاورز 42
کشاورزان 42,42
کشاورزانی 42
کشاورزی 42
کشتیرانی 6,6
کشور 2,48,6,7,7,7,7,7,7,7,7,8,8,8
کشورش 7,7
کشورشهرهایی 49
کشورهای 48,7,8
کشوری 7
کشید 7
کشیده 3,7
کلاغ 48
کلمه 8
کلیدی 8
کلیه 7
کمان 42
کمتری 7
کمونیست 2,7
کمیته 7,7
کمیسر 7
کمیسرهای 7,7,7
کنار 42,48,7,7,8,8
کنارهٔ 42
کناری 49,7,8
کنترل 42,7
کنسولگری 2
کنعان 8,8
کنعانیان 49
کنفرانس 7
کنون 8
کنونی 49
کنگره 7,7,7,7,7,7,7,7
کنید 42
کوانتین 7
کوتاه 7,7,7
کودتا 7,7
کودتایی 7
کورش 8
کورنیلوف 7,7
کوچک 2,8,8
کوچکی 7
کُلثوم 54
کیلومتر 8
کیلومترمربع 8
کینه 8
گابریل 7,7,7,7
گاهی 7,7,7
گذار 7
گذاشت 7
گذاشتن 7
گذاشته 42
گراند 7
گرجستان 7
گردنبند 42,42
گردهم 7
گردید 2,42
گرفت 2,42,7,7,7,7,7,7,7
گرفته 7,7,8,8
گروشی 7,7
گروه 2,2,7,7
گرچه 49,7,7,7,7,7,8,8
گریبان 7
گریخت 7,7
گزاف 7
گزافی 7
گزیدند 42
گسترش 2,7,7,7,7
گشایانه 7
گشته 42
گفته 8
گفتهٔ 8
گفتۀ 2
گلتسین 7
گلستان 7
گناه 42
گنجانیدن 8
گندم 42
گووه 42
گویون 7
گیهون 8
یادآور 3
یادبود 3
یادکرد 1,1,48,49,7,8
یادکردهای 7
یاران 7
یاری 7
یافت 7,7,7,7
یافته 3,7
یبوس 8
یخبندان 42
یروشلاییم 8
یعنی 49,7,7,7,7,7,7,7
یهودا 8,8
یهودی 8,8,8,8,8,8,8
یهودیان 8
یهودیت 8
یهودیه 49
یورش 42
یوریس 42
یوشع 8
یوفَنّا 54
یونان 3,3
یونانی 3,3
یکتاپرستی 8
یکدیگر 2,7
یکپارچه 7
