آبان 8,8
آتسیز 8
آثار 10,10,10,10,10,10,10,10,2,49,8,8
آخوند 2
آخِناتون 8
آدمیانی 42
آدونیس 49,49,49
آذربایجان 2
آرامگاه 3
آرامیان 49
آرشیو 42
آرگومان 8
آزاد 2,8,8
آزادی 48,8
آزمایشی 8,8,8,8,8
آزموده 2
آسایش 42
آستانه 8
آستین 10
آسمان 49,49
آسمانی 54,8
آسیا 3,8
آسیای 49
آسیب 49
آشتر 49
آشوریان 42
آشکار 8
آشکارا 2
آغاز 10,42,42,8,8,9
آفریدن 49
آفریده 42,42
آفریقا 49,8
آقای 2,2,2
آلمان 8
آلیا 8
آمار 8,8,8
آمدن 42
آمده 42,49,8,8
آمریکا 48,8,8,8,8,9
آمریکایی 8,9,9
آمنحوتپ 8
آموزش 42
آمیز 8
آمینو 10
آنان 10,3,49
آنجا 2,8,8,8,8
آنچه 42
آوارۀ 8
آوازه 9
آورد 8,8
آوردن 8,9
آورده 49
آوریل 42,42,8,8,8,8,9
آگاهی 10
آیات 2
آیتم 10,9
آیشمون 49,49
آیلند 8
آینده 8
آیندهٔ 8,8
أریحا 1
أنوش 8
ابتدائی 49
ابتکارات 49
ابراهیم 1,8,8
ابزار 10,3
ابزارهای 3
ابوریحان 8,8
ابوعلی 8,8
اتحاد 3
اتحادیه 2
اتخاذ 8
اجازه 10,49,8,8,8,8
اجازهٔ 8,8
اجباری 10,9
اجتماعی 10,10
اجرایی 10,8,8,8,8
احترام 49
احتمال 1
احتمالاً 3,8
احداث 8,8,8,8
احساسات 49
احکام 2,42
احیا 10
اختراع 49
اخترشناسی 3,3
اختلاف 9
اختلافات 8,8
اختیار 10,49,8,9,9
اختیارات 2,9
اختیاری 10,9
اخراج 8,8,9,9,9
اخوند 2
اخیر 10,10,8,9,9
اداره 8,8,8,8,8,8
اداری 10
ادامه 42,8,8,8
ادبی 42
ادبیات 42,42,8
ادعا 8,9,9,9
ادغام 9,9,9
ادیان 8,8,8
اراده 2
ارامنه 8
ارتباط 10,10,8
ارتباطات 8,8
ارتدکس 8
ارتش 8
ارتفاع 8,8,8
ارتفاعات 8
ارتق 8
ارتودکس 8,8
ارجاعات 9,9
اردن 8,8,8,8,8,8,8,8,8,8,8,8
اردنی 8,8,8,8,8
اردیبهشت 2,8,9
ارزش 8
ارزیابی 10
ارغوانی 49
ارمغان 3
ارواح 42
اروپا 10,3,8
اروپایی 10,8
ارکان 2
اریحا 1,1,1,1
اریکا 8
اسارت 8
اساس 49,8,8,8,8,8,8
اساساً 8
اساسی 42
اساطیر 42,42
استان 2,2,2,2,8
استانبولی 8
استاندارد 10,10,10,42,42,42,42,8,8,8,8,8,8,8,8,8,8,8,8,8,8,8,8,8,8,8,8,8,8
استانی 8
استحکامات 8,8
استخدام 9,9,9
استخوان 10,10
استر 8
استراتژیک 8
استفاده 10,10,10,42,42,42,49,8,9,9
استقلال 8
استوار 2
اسراء 8
اسرائیل 54,8,8,8,8,8,8,8,8,8,8,8,8,8,8,8,8,8,8,8,8,8,8,8,8,8,8,8,8,8,8,8,8,8,8,8,8,8,8,8,8,8,8,8,8,8,8,8,8,8,8,8,8,8,8
اسرائیلی 8,8,8,8,8
اسرائیلیِ 8
اسراییل 8,8,8
اسطوره 42,42
اسقف 8
اسلام 54,8,8,8,8,8,8
اسلامی 8,8,8,8,8,8,8
اسناد 42
اسپانیا 49,8
اسپانیایی 10,8
اسکان 8,8,8
اسکندر 3,3
اسکوپوس 8
اشاره 10,8,8,8
اشتاینسالتز 8
اشتراک 10
اشتغال 49
اشتیاق 10
اشراف 8
اشغال 8,8,8,9
اشغالگر 8
اشغالی 8,8,8
اشمون 49,49
اشمونازار 49
اشومانازار 49
اشکانیان 8
اشیا 10
اشیای 10,42
اصحاب 54,54,8,8,8
اصطبل 8
اصطلاح 10
اصطلاحاً 8
اصغر 2,2,2
اصفهان 2
اصلاح 9,9
اصلاحات 9
اصلی 10,42,8,8,8,8,8,8,8,8,8,9
اصولگرا 8
اضافه 8
اطاعت 2
اطلاعات 10,8,9
اطلاعاتی 10,10,10
اطلاق 8
اطمینان 8
اظهار 49
اظهارات 8
اعتراضات 2
اعتقاد 42,42,42,42
اعتماد 10,8
اعراب 49,8,8,8,8,8
اعزام 9
اعصار 42
اعضا 8
اعظم 42
اعظیم 8
اعلام 10,48,48,8,8,8,9
اعمال 2
اغلب 42
افتاد 2,49,8
افتاده 2
افراد 8
افزایش 2,48,8,8,8,8,8,8,8
افزود 8
افسانه 49
افسونگری 49
افغانستان 3
افول 8
اقامت 8
اقتباس 49,49
اقتدار 2,49
اقتصاد 8,8
اقدام 8
اقدامات 8,9
اقوام 42
اقیانوس 8
اكتبر 42
الأمین 54,8
الاثر 8
الاقصی 8
الامام 8,8
البته 8
التل 8
التواریخ 8
الثانی 8,8
الجنة 54,8,8
الحاق 8,8
الحرام 54,8,8,8
الحسان 8
الخلیل 8,8
الدین 8
الرسل 8
الصَّفا 8
الفبا 49
الفبای 49
القریة 54,8
الله 8
الملوک 8
الملک 8
النبی 8
الندوة 54,8
النّون 8
الهه 42,49,49
الگو 10,10,10,2,8,8,8,8,8,8,8,8,8,8,8,8,8,8,8,8
الگوهای 8,8
الگوی 8,8
امام 2,2,2,8,8,8
امان 42,42
امتیازاتی 49,49
امروز 8
امروزه 10,49,8,8
امروزی 10,3,42
امری 49
املاک 9
امنیت 8,8,8
اموال 9,9,9
امور 10,42,49,8,8,8,9,9,9
امپراتور 8,8,8,8,8
امپراتوری 49
امکان 10,10,8,8,9
امیر 49,49
انبار 10,10,10
انتخاب 2,2,8,8
انتخابات 2,2
انتشار 2,2,8,8
انتشارات 10,2,2
انتظار 49
انتقادات 8
انتقال 49,8
انجام 10,9
انجمن 2,2,2
انجیل 54,8
انحصاری 8
اندک 42
اندکی 10
اندیشه 49
انسان 10,10,10,10,42
انسانی 8,8
انقلاب 2,2,2
انکار 8
انکی 42
انگلیس 2,2,2,9
انگلیسی 1,10,8
اهالی 10,9
اهدای 3
اهمیت 10,42,49,49,8,8
اواخر 10,10,8,8
اوایل 10,49,8,8
اوباما 8
اوتو 42
اورارتو 42
اورشلیم 8,8,8,8,8,8,8,8,8,8,8,8,8,8,8,8,8,8,8,8,8,8,8,8,8,8,8,8,8,8,8,8,8,8,8,8,8,8,8,8,8,8,8,8,8,8,8,8,8,8,8,8,8,8,8,8,8,8,8,8,8,8,8,8,8,8,8,8,8,8,8,8,8,8,8,8,8,8,8,8,8,8,8,8
اوقات 42
اولتیماتوم 9,9,9
اولتیماتوم_روسیه_به_ایران 9
اولوا 54,8
اولیه 9
اولیهٔ 42
اَحزاب 8
اَعلامِ 8
اُبسن 10
اِلیاس 54,8
اکتبر 8
اکثر 49,49,8
اکثراً 8,8
اکدی 42,42,42,42
اکدیان 42
اکنون 10,2,49
اکید 8
اگرچه 8
ایالات 2,2,8,8
ایالت 2,2,2
ایالتی 2,2,2,2,2
ایام 8
ایجاد 1,8,8,8,8
ایدلال 49
ایران 2,42,49,49,49,49,8,8,8,9,9,9,9,9,9,9,9,9,9,9,9,9,9,9,9,9,9
ایرانی 8
ایرانیان 1
ایزو 8,8
ایزوتوپ 10
ایستادگی 9
ایشاع 8
ایشان 10,42,49,9
ایلات 2,2,2
ایلامی 42
ایلامیان 42
اینکه 2,2,2,49,8,8
ایوبی 8
ایوبیان 8,8,8
ایکه 54,8
بائر 8
باختری 1,1,8,8,8,8,8,8,8
بارکوخبا 8,8
باریک 8
بازار 8
بازارهای 49,8
بازبینی 8,8,8
بازدید 2,2,8,8
بازرگانی 42,49,49,49,49,49
بازسازی 10,8,8,8,8
بازنشانی 8
بازنویسی 42
بازپس 8,9
بازگرداندن 8
بازگردانده 8
بازگشایی 8,8
بازگشت 8,8
بازیگران 10
باستان 3,42,42
باستانشناسی 10,8
باستانی 10,10,10,10,10,10,10,10,8,8,8,8
باشد 10,10,10,10,10,8
باشند 8
باعث 42,8
باغی 42
باقی 42,49,8,8,8,8,8,8,8,8,8,8
بالا 10,8,9
بالای 49,8
بالایی 48,8
بالعکس 3
بانک 9
باور 49,8,8
باورند 42,8
باورهای 48
باید 42,48,8,8,8,9
بایستی 10
ببرید 8
بتنی 8
بجای 8,8
بجنگ 49,49,49
بخشی 10,8,8
بخشیده 49
بخواند 8
بخواه 8
بخواهد 2
بدان 2
بدتر 8
بدست 49,49,49,49,8,9,9,9
بدهکار 9
بدهی 9
بدون 42,42,49,8,9,9
بدین 42,8
بر 8,8
برابر 10,48,8,8,8,8,9
برابری 48
برادرش 9
براستی 42
برافراشته 8
براق 8
برای 10,10,10,10,2,3,3,3,42,42,42,42,42,42,42,42,48,49,49,8,8,8,8,8,8,8,8,8,8,8,8,8,8,8,8,8,8,8,8,8,8,8,8,9,9,9,9,9,9,9,9,9
برایش 42,49
براین 42,49
بربر 8
برتر 8
برتشکیل 8
برخی 8,8,8
بردند 2
برده 8
بررسی 10,10,10,10,8
برقرار 8,8,8,8
برقراری 3
برلین 8
برپا 10,49,8
برپایی 8
برگرفته 49
برگزاری 8
بریتانیا 8,8,8,8,8,8,8,8
بزرگ 42,49,49,8,8,8
بزرگداشت 49
بزرگش 49
بزرگِ 42
بزنند 10
بسازید 10,9
بسته 8
بسزا 49
بسیار 42,42,8
بسیاری 10,3,42,8,8,8,8,8,8,8,8,8,8,8,8,8,9
بشخصه 10
بصورت 8,8,8
بطور 8,8,8
بطوری 8
بعدی 9
بعضی 42
بغاز 49
بقایای 10,10,10,10,10,10,8,8,8
بلافاصله 8
بلدیة 1
بلعمی 8
بلند 49
بلندی 8,8
بلوچستان 2
بلوک 2,8
بلکه 2,49
بنابر 8
بناهای 10,8
بنای 2,8
بنایی 10,8,8
بنیاد 8
بنیامین 8
بهار 8
بهانه 9
بهبود 8
بهتر 3
بهتری 8
بهداشتی 8
بهشت 42
بواسطهٔ 8
بوداشتارت 49
بوداییان 3
بودجه 8
بودند 2,2,2,2,2,2,42,42,42,42,42,42,48,49,49,49,8,8
بوده 2,42,49,8,8,8,8,8
بومی 42
بَلَد 54,8
بُرده 54,54,54,8,8,8,8,8,8
بیان 42,42,8
بیروت 49,8
بیرون 8,8,8,9
بیرونی 8
بیزانس 8,8,8,8,8
بیزانسیان 8
بیست 1
بیستم 8
بیش 2
بیشتر 10,2,2,2,42,48,8,8,8,9,9
بیشتری 8
بیماری 42
تأثر 42
تأثیر 42,42,42
تأثیرات 42
تأسیس 2,2,8,8
تأکید 8,8,8
تأیید 8,8,8
تئاتر 10,2
تابع 2,49,49,8,8
تابعیت 49,8
تابوت 49
تابینت 49
تاخت 8
تارَخ 8
تاریخ 1,10,10,10,10,10,2,2,2,42,8,8,8,9,9
تاریخی 10,10,10,2,2,42,42,8,8,8,8
تازه 42
تاکنون 42
تبدیل 49,8,8,8,8,8,8,8
تبریز 9,9,9
تبعید 8,9
تبلیغ 8
تثنیه 1
تجارت 49,8
تجاری 8,9
تجدیدنظر 8
تجمیع 8
تحصن 2
تحصیل 48
تحقیقات 48,8
تحولات 10
تخریب 10,8,8,8,8,8,8,8,8
تخصص 10
تخلیه 8,8,8
تدریج 42
ترامپ 8,8,8,8,8,8,8,8
تراکم 8
ترتیب 8,8,9
ترجمه 42,8
ترجمهٔ 8
تردید 8
ترسیم 8
ترکی 8,8
تزئین 8
تسخیر 8,8,8
تسری 3
تسلط 49
تسلیم 2,8
تسهیل 8
تشریفاتی 42
تشووا 8
تشکر 8
تشکیل 10,10,10,2,48,49,8,8,8,8,8,9
تصاحب 9
تصادفی 10,9
تصاویر 10,9
تصحیح 8,8,8,8
تصرف 49,8,8,8,8,8,8,8,8
تصرفاتی 49
تصمیم 49,8,8,8
تصویب 10,8
تصویر 8
تضاد 8,9
تعداد 2,2,2,8,8,8
تعدادی 2
تعقیب 8
تعلیمات 42
تعهد 8,8
تعیین 8,8,8,8,8
تغییر 10,10,8,8,8,8,8,8
تغییرات 10,49,9
تغییرمسیر 8
تغییری 42
تفاسیر 10
تفسیر 10
تقاضا 2
تقدس 49
تقریباً 8
تقریبی 8,8
تقسیم 10,2,42,8,8,8,8,8,8,8,8,8
تقسیمات 2,2
تلاش 8,8,8,9
تلفن 8,9
تلویزیون 8
تمام 42,42,49,8,8,8
تمامی 3,8
تمایز 48
تمدن 42,49,8
تناسبی 42
تنها 42,48,49,8,8,8,8,8,8,8
تهدید 8,9
تهران 2,2,9
تهیه 49
توأم 42
توابع 2
توافق 8,8,8,8
توانستند 49
توجه 2,49,8
تودرتو 8
توسط 2,42,42,49,8,8,8,8,8,8,8,8,8,8,8,8,8,8,8,8,8,8,8,8,8,8,8,8,8
توسعه 42,42,49,8,8,8
توسعۀ 2
توسیدید 10
توصیف 1,8
توصیه 8
توضیح 8
توضیحات 49
توپوگرافی 8
تکملهٔ 8
تکمیل 8
تیراندازی 2
تیفریت 8
ثابت 3
ثاقب 2
ثلاث 2
ثلاثه 2
ثَمود 54,8
جابجایی 8
جادهٔ 8
جادو 49
جاری 42
جاشوا 8
جالب 2
جامع 8
جامعه 8,8,8
جامعۀ 2
جانب 8,8
جانبداری 8
جانشین 42
جانوری 10
جاودانه 3
جایاواردنپورا 8
جایگاه 42,42,49
جایگزین 42,8
جایی 8,8
جدید 8,8,8,8,8,8
جدیدتر 8
جدیدی 8
جرأت 2
جریان 8
جریر 8
جزئیات 2,8,9
جزایر 49,8
جزیره 10
جزیرهٔ 10
جستارهای 10
جستند 49
جشنواره 8
جعبه 1,8
جغرافیایی 49
جغرافیدان 8
جفرسون 10
جلال 8
جلسات 49
جلوگیری 2,8,8,8,8,8
جلوی 8
جماعت 3
جمعه 2,2,2,8
جمعی 2,9
جمعیت 2,8,8,8,8,8,8,8,8,8,8,8,8,8,8,8
جمعیتی 8
جمله 10,42,8,8,8,8,8,8,8
جمهوری 10,8,8,8,8,8
جناب 2,2
جنبش 8
جنبشی 8
جنسیتی 48
جنوب 42,42,49,8,8,8,8,8
جنوبی 8
جنگل 49
جنگی 49
جهان 49,8,8,8,8,8
جهانی 10,8,8,8,8,8,8,8
جواهرات 42
جولای 8
جونپوری 8
جھان 2
جیمز 8
حائل 8
حاصل 10
حالت 8
حالی 8
حاکم 2
حاکمیت 8,8,8,8,8,8,8,8,8
حبرون 8
حجةالاسلام 2,2
حدود 1,2,42,42,49,49,8,8,8,8,8,8,8,8
حدیث 8
حرمت 8,8
حرمی 8
حروف 8
حرکات 10
حریم 8
حساب 10,10,10,9,9,9
حسین 2
حشمونی 8
حشمونیان 1,8
حصار 8
حصارهای 8
حضرت 8
حضور 8
حفاری 10,10,10
حفاظت 8
حقوق 8,8,8
حقیقت 8
حماس 8,8,8,8,8,8
حماسی 42
حمایت 48,48
حمدالله 8
حملات 8
حمله 49,49,8
حملهٔ 49,49
حوالی 42
حوضهٔ 3
حومهٔ 8
حکایت 49,8
حکمای 49
حکمران 8
حکمرانان 8
حکومت 2,49,8,8,8,8,8,8,8
حیات 42,8
حیرام 49
حیطهٔ 3
خاخام 8
خادمان 42
خارج 8,9
خارجه 8,8
خارجۀ 8
خارجی 8
خاردار 8
خاسته 8
خاطر 3
خاقانی 8
خالقی 8
خانه 8,8
خانوادگی 3
خانوادۀ 8
خانوار 8
خانۀ 8
خاور 42
خاورزمین 49
خاورمیانه 42
خبری 42
خبیث 42
خداوند 42
خداوندان 42
خدای 42,42,42,49,49
خدایان 42,42,42,42,49,49,49
خدایگان 42
خدمات 8
خراسان 2
خراسانی 2
خروج 8,8
خصوص 10,8,9
خطاب 8,8
خطوطی 49
خلاف 42,42,8
خلال 8,8
خلیفه 8
خوارزمشاهیان 8
خواست 9
خواستار 9
خواهان 2
خواهد 3,9,9
خواهی 8
خودداری 8
خودش 8
خودشان 48
خودگردان 1
خورد 9
خورشید 42
خورشیدی 9
خویش 2,42
خویشاوندی 42
خیابانی 8
خیرخواه 2
خیریهٔ 8
دائم 8
داخل 8,8
داخلی 49
دادن 10,3,42,49,8,8
دادند 49
داده 1,10,10,8,8,8,8,8,8,8,8,9,9
دادوستد 49,49
دارای 1,10,10,10,2,42,42,42,49,49,8,8,8,8,8,8,8,8,8,8,9,9
دارایی 42,8
دارد 10,10,42,49,8,9
دارند 10,42,8
داریوش 49
داستان 42,42,8
داشت 49,8
داشتند 2,42,42,48,49
داشته 10,42,42,8
دامنه 49,8
دانست 49
دانسته 8
دانش 10
دانشنامه 9
دانشنامهٔ 10,10,9,9
دانشگاه 8,8
دانشگاهی 8,8,8
دانیال 8,8,8
داود 8,8
داوود 8
دبیر 8
دبیرکل 8
درآمد 49,49,8
درآمدند 9
درآمده 8
درآورده 8
دراراضی 8
دربار 49
دربارهٔ 10,10,10,10,10,10,10,10,2,49,8,8,8,8,8,8,8,8,8,8,8,8,8,8,8,9
دربردارنده 10
درجه 49,8
درخواست 8,8
درست 42
درصد 48,8,8,8,8,8
درمان 42
درمانی 8
دروزی 8
درون 8
درونی 8
درگیر 8
دریا 49,8
دریائی 49
دریانوردی 49,49
دریاهای 8
دریای 49,8,8
دریایی 8
دریغ 2
دسامبر 2,8,8,8,8,8,8,8,8
دستاورد 42
دسترس 2,8,9
دسترسی 8,8,8
دستشویی 8
دستور 8,8,8,8
دستوری 42
دستگیری 8
دشمنی 2,8,9
دعوت 10,9
دفاعی 8,8
دفتر 10
دقیقاً 49
دقیقه 8
دلالت 10
دلُوس 10
دلیل 42,8,8,8,8
دلیلی 42
دمشق 8
دنبال 2,8,8,8,8,8,8
دنیا 8
دنیای 8
دهند 49
دههٔ 8
دوازده 2
دوباره 10,8
دودمان 49,8
دورادور 8
دوران 1,10,10,10,10,10,2,8,8,8,8,8,8,8,8,8,8,8
دورتر 8
دورنمای 10
دوره 10,10,10,2,2,49,8,8,9,9
دورهٔ 10,3,8
دورِ 8
دوستی 3
دوسویه 42
دوطرفه 8
دولت 2,2,2,49,49,8,8,8,8,9,9,9,9,9,9,9,9,9,9
دولتی 2,8
دومونتفاسون 10
دوهزار 2
دویست 2,8
دیجیتالی 42
دیدار 8
دیدن 10,8,8,8
دیدند 2
دیدنی 2
دیده 42,42,8
دیدگاه 3,8,8
دیرین 9
دیلمون 42
دینی 42,42,8
دیوار 10,8,8,8,8,8,8,8,8,8,8,8
دیوارهای 8,8,8
دیوارهایش 8
دیواری 8,8
دیوید 8,8
دیپلمات 8
دیپی 42
دیپیر 42
دیپیستان 42
دیگر 10,10,10,10,2,2,2,42,42,42,42,42,42,49,49,49,49,49,8,8,8,8,8,8,8,8,8,8,8,8,8,9,9,9
دیگرانی 10
دیگری 10,8,8,8
ذاتی 10
رئیس 2,8
رابرتز 8
رابطهٔ 8
رابک 10
رادیومتریک 10
راستای 8,8
راعیل 8
رافائل 8
رانده 8,8
راهبان 8
راهنمای 8
رایج 8
رایگان 8,8,8,8
رجوع 2
رخدادهای 10
رسالات 42
رستاخیزش 8
رسماً 2,8,8
رسمی 8,8
رسمیت 2,8,8,8,8,8,8,8,8,8,8,8,8
رسید 10,42
رسیدن 48,8
رسیدند 8
رسیده 3
رعایت 49
رفاه 42
رفتار 48
رفراندوم 8
رقابت 8,8
رقابتی 8
رقیب 49,8
رهبر 2,2
رهسپار 9
روابط 3,9
روایات 8,8,8
روایت 2,8,8,8
روایتی 8
روبروی 8
روحانی 2
روحانیان 49
رودخانه 49,49,49
روزانه 42
روزه 8,8
روزگار 8
روسازی 8
روستا 2
روستای 8
روستایی 8
روسی 9
روسیه 9,9,9,9,9,9,9,9
روشن 42
روشنایی 42
رومی 8,8
رومیان 8,8,8,8
روند 8
رونویسان 42
رویارویی 8
رویاهایشان 48
رویداد 10,10
رویدادهای 10,9
رویکرد 8
رُئد 10,10
رژیم 8,8,8
ریشه 49
ریّان 8
زائر 8
زائران 8,8,8
زاهدان 54,8
زبان 1,42,42,42,42,42,42,42,42,42,42,42,42,42,42,42,42,8,8,8,8,8,8,8,8,8,8,8,8,8
زبانی 42,42,42,42,42
زرتشت 42
زعورا 8
زمامداری 8
زمان 49,49,49,49,8,8,8,8,8,8,8,8,8,8,8,8,8,8
زمانهٔ 10
زمانی 10,10,10,8,8,8,9
زمین 42,42,8,8
زمینه 10,49,9
زمینی 49,8,8
زناشویی 3
زنانه 8
زنده 42
زندگی 42,42,8,8,8,8
زونز 8
زوّار 8
زیاد 1
زیادی 2,42,42,42,42,42,49,49,49,49,8
زیبا 42
زیباسازی 8
زیبایی 49
زیرا 42,49,49,8
زیربخش 1
زیستی 10
زینب 8
زینتی 42
سابق 8
ساحل 49,49,8,8
ساخت 10,8,8,8,8,8,8,8,8,9
ساختار 10,42
ساختمان 49
ساختن 42
ساخته 1,10,10,42,49,8,8,8,8
ساختهٔ 10
سازمان 49,8,8,8,8,8,8,8,8,8,8,8,8,8,8,8,8,8,9
ساسانی 8
ساسانیان 8
ساعت 2,8,9
ساعی 2
سالف 8
ساله 8,8
سالۀ 8
سامانه 10,10,10,9,9,9
سامی 42
ساکن 3,8,8,8,8,8,8,8
ساکنان 8,8,8
ساکنین 8,8,8,8,8,8
سایر 42,49,49,8,8
سایرین 49
سخنانش 8
سخنگوی 8
سدهٔ 42
سراسر 42,8
سراغ 10
سرباز 8,8
سردار 8,8
سرداران 8
سرزمین 42,8
سرزمینی 42,42
سرزنش 8
سرشماری 8
سرشناس 2
سرعت 49
سرودهای 42
سرکردگی 8
سرکوب 8
سریانی 8
سعدی 8
سفارت 2,2,2,8,9
سفید 8
سفیران 9
سفینه 54,8
سلامتی 42
سلجوقی 8
سلطهٔ 8
سلوکی 10
سلوکیان 8
سلیمان 54,8
سنوسی 8
سنگی 8,8,8,8
سواحل 49
سوریه 49,8,8
سولوویتچیک 8
سومر 42,42
سومری 42,42,42,42,42,42,42,42,42,42,42,42,42,42,42,42
سومریان 42,42,42,42,42,42,42,42
سپاری 8
سپاه 8,8
سپاهیان 8,8,8
سپتامبر 8,8,8,8,8,8,8,8
سکولار 8
سکونت 8,8
سیاحت 10
سیاسی 8,8,8,8
سیاهپوست 8
سیدحمزه 8
سیره 2
سیری 2
سیزده 2
سیزدهم 8
سیستان 2
سینا 54,8,8
سینین 54,8
شابکِ 10
شاخصهٔ 10
شاخه 10
شامل 10,10,3,42,8,8,8,8,8
شاهان 42,49,49,49
شاهانه 10
شاهد 10,8,8,8
شاهراه 8
شاهزادهٔ 8
شاهزادگان 9
شاهنشاهی 8
شاهی 3
شاید 42,42
شباهت 42
شبیه 10,49,8
شختر 8
شخصی 42
شخصیت 3
شدند 42,9
شرایط 49,49
شرایطی 2
شرقی 3,8,8,8,8,8,8,8,8,8,8,8,8,8,8,8,8,8,8,8,8,8,8,8,8,8,8
شروع 8
شرکت 49
شریف 8
شعار 8
شمار 42
شمال 8,8,8,8,8,8
شمالی 8,8,8,8,8
شمرا 49
شناخت 10
شناختن 8
شناخته 2,49,8,8,8,8,8
شناسه 8
شنید 8
شهدای 8
شهراز 8
شهرتی 49
شهرداران 2
شهرهای 3,49,49,8,8,8
شهری 1,1,2,2,8,8,8
شهوت 42
شهید 49
شواهدی 49
شورای 10,2,2,8,8,8,8,9,9,9
شورش 49,8,8,8,8,9
شورشیان 8,8
شوستر 9,9,9,9,9,9,9,9
شوند 2
شوید 10,10,9,9
شکایات 2
شکست 8,8,9
شکلی 8
شکوفایی 8
شکوه 8,8
شیرین 42
شیوع 8
صاحِبِ 8
صادر 8,8,8
صالح 54,8,8
صامت 10
صحنه 10
صحنهٔ 8
صخره 8
صداهای 8
صدور 2
صرفاً 10
صرفنظر 49
صغیر 49
صفات 42,8,8
صفجه 10,9
صفحه 10,10,10,10,10,10,10,2,8,8,9,9,9,9,9
صفحهٔ 10,10,10,2,8,9,9,9
صلیب 10,10,8,8
صلیبی 8,8,8,8
صلیبیان 8,8,8
صناعة 8
صنعتی 2
صهیونیسم 8
صورت 10,48,49,8,8,8,8,8,8,8,9
صومعه 8
صیدا 49,49,49
صیدون 49,49,49
صیغه 49
ضمیمه 8,8
ضمیمهٔ 8
ضمیمۀ 8
طبیب 10,8
طبیعی 10,49
طرفدار 2,2
طرفداران 2
طرفی 8,8
طرفین 8
طریق 2,2,8
ططری 2
طلاب 2
طوایف 2
ظاهر 10
ظهور 42,42,8,8,8,8
عادی 8
عالم 49
عالی 8
عبادت 8,8
عبادتگاه 42
عبارت 10,2,49,8,9
عباس 8,8
عبدالله 8
عبدالملک 8
عبدالکریم 2
عبری 42,8,8,8,8,8,8,8
عتبات 2
عتیقه 10
عثمانی 8
عربستان 3
عربی 8,8,8,8
عزیز 8
عشایر 2
عشتروت 49,49
عضویت 8,8
عطریات 49
عظیم 3,42,8
عفریت 42
عقیدتی 10
عقیده 2,49
علائم 49
علاقهٔ 10
علامتی 8,9
علاوه 10,8
علما 9
علماء 2,2
علمی 2,42
علوم 49,8
علیزاده 8
علیه 49,8
عمارت 8
عمان 8
عمدتاً 8
عملاً 8
عملی 2
عمومی 8,8,8,8,8
عمیقاً 3
عناصر 10
عنان 8
عنایت 10
عنوان 1,10,10,10,10,2,3,42,48,8,8,8,8,8,8,8,8,8,8,8,8,8,8,8
عهده 8,8
عیادت 8
عیسی 8
غارنشینی 42,42
غربی 10,3,8,8,8,8,8,8,8,8,8,8,8
غضنفر 8
غلام 8
غلبه 2,8
غلبهٔ 42
غیرانتفاعی 8,9
غیرحکومتی 2,2
غیرمرکزی 2
غیرنظامیان 8
غیره 8
فارس 2
فارسی 2,42,8,8,8,8
فاصله 8,8,8
فاطمه 8
فاطمیِ 8
فاقد 10
فاقوذ 8
فایده 49
فترت 9
فراتر 42
فراخوان 8
فراز 8
فراوانی 10,42,8,9
فرایند 3
فردریک 8
فرزند 49
فرزندان 1,49,54,8
فرعی 8
فرمان 2,42,8,8
فرمانداری 8
فرمانده 3
فرماندهٔ 8
فرماندهی 8
فرمانروای 42
فرمانروایی 10,3
فرهنگ 10,8,8,8
فرهنگستان 10
فرهنگی 10,42
فروگرفتن 9
فریب 8
فشار 8
فشارهای 8
فضای 2
فضایی 8
فعال 8
فعالیت 2
فلات 8
فلزات 49
فلسطین 54,8,8,8,8,8,8,8,8,8,8,8,8,8,8,8,8,8,8
فلسطینی 8,8,8,8,8,8,8
فلسطینیان 8,8
فمینیست 48,48
فمینیستی 48
فمینیسم 48
فناوری 10
فنون 49
فنیقی 49,49,49,49,49,49,49,49
فنیقیان 49,49,49,49,49
فهرست 42
فوریه 8
فیلیپ 3
قائل 48
قابل 10,10,10,49,9
قاره 3
قالب 2,8
قانون 2,2,42,8
قانونی 10,8,8
قاهره 8
قباب 8
قبال 49,8
قبةالصخره 8,8
قبرس 8
قبرهای 8
قبله 8
قبلهٔ 8
قبلی 8
قدرت 2,8,8
قدسیان 8
قدمت 1
قدیم 49,49,8,8,8,8,8,8,8,8,8,8
قدیمی 10,8,8,8,8,8,8
قرآن 8
قرآنی 8
قرائیم 8
قرادادی 8
قرار 10,42,49,8,8,8,8,8,8,8,8,8,8,8,8,8,8,8,8,8,8
قرارداد 9
قربانی 42,42,8
قرمز 49,49
قرون 8
قسمت 49,8
قشون 2
قطعنامه 8
قطعنامهٔ 8
قطعه 42
قطعی 8
قلمرو 10,10,8,8,8,8
قلندیه 8
قنسولخانه 2,2,2
قنسولگری 2,2
قوانین 42
قوای 9,9,9
قولی 2
قومی 8
قیمتی 42,49
قیمومیت 8,8
لازم 42,42,49
لاوائل 8
لایه 10
لبنان 49,49,49
لحنی 8
لوزان 8
لیبی 49
لیون 10
مأمن 8
مؤسسه 9
مؤسسۀ 2
مؤنث 49,49
ماثان 8
ماجرای 9
مادر 1,8,8
مادهٔ 10
مادی 10,10,10,10,10,10,10
مارس 2,8,8
مالک 8
مالی 9,9,9,9
مامیلا 8
ماند 8
ماندلباوم 8
ماندن 42,42,42
مانده 10,49,8,8,8
مانع 2
مانعین 2
مانند 10,10,10,2,42,42,8
مانور 8
ماهیتی 8
ماکروسکوپی 10
مبارزه 49
مبنی 10,8,8
متأثر 3
متحد 8,8,8
متحده 10,8,8,8
متحصن 2,2,2
متحصنین 2,2,2
متروک 8
متشکل 8,8
متصل 10,42,9
متعاقباً 8
متعدد 49,8
متعددی 2,8,8,8,8,8
متعلق 10,10,3,42,8,8,9
متغیر 10
متفاوت 10,10
متقارب 8
متمدن 49
متمرکز 8
متنوع 42
متهم 8,8
متوجه 49
متون 42,42,42,42,8
مثابهٔ 42
مثال 3
مثالی 8
مثبت 8,8
مجاز 8
مجازی 8
مجاور 8,8
مجاورت 8
مجبور 8,8
مجدد 8
مجدداً 8,8,8
مجزا 10,8
مجزایی 42
مجلس 2,2,2,2,2,9,9,9,9,9,9,9
مجلل 8
مجله 8
مجمع 8,8,8
مجموع 8
مجموعه 10
مجموعهٔ 1
محافظت 8,8
محبوب 2
محبور 8,8
محتوای 10,9
محتویات 10,8,9
محدود 10,2
محدودی 8
محسن 2
محسوب 8
محققین 3
محله 8,8,8,8,8,8,8
محلهٔ 8,8,8
محلۀ 8,8,8,8,8,8
محلی 10,8,8,8
محمد 2,2,2,2,8,8,8,8,8,8,8,8,8
محمدتقی 8,8
محمدعلی 9
محمدیه 8
محمود 8,8
محوطه 10
محوطهٔ 10,10,10,8,8
مخابره 8,8
مخالف 8,8,9
مخالفت 2,8,9
مخالفتی 8
مختص 42
مختلف 8
مخدوش 10
مخزن 10,9
مخصوص 49
مخصوصی 49
مخنه 8
مدارس 8
مدارک 10
مدتی 2,49,9
مدخلِ 10
مدرن 8,8,8,8
مدرک 10
مدفن 8
مدنی 2
مدیترانه 49,49,8
مدیرمسئولی 2
مدینه 8
مذاهب 8
مذاکرات 8,8
مذهبی 42,8,8,8,8,8,8
مذهبیان 8
مذکور 42,8,8
مراحل 42
مرام 2
مراکز 49
مربع 8,8
مربوط 10,10,3,42,42,48,49,8,8,8,8,8,8
مرتبهٔ 10
مرداد 2,8,9,9
مردان 48,8
مردانه 8
مردم 10,10,10,10,10,2,2,2,42,42,49,49,8,9
مردمان 3,42
مرده 8,8
مردی 2
مرزبندی 8
مرزهای 42,8,8,8,8,8,8,8,8
مرزی 10
مرغدانی 8
مرمت 10
مرکز 10,2,2,2,8,8,8
مرکزی 2,8,8,8
مزاحم 10,8
مزبور 10
مزین 42
مسألۀ 2
مسئولان 8
مسائل 2,48
مساجد 8
مساحت 8,8
مسافرتی 2,2
مسالمت 8
مستبد 2
مستبدین 2,2,2,2,2,2
مستحکم 8
مستشار 9
مستشاران 9
مستطیلی 8
مستعمرات 49
مستعمراتی 49
مستغلات 9
مستفیم 8
مستقل 10,8,8
مستقلی 10
مستقیم 8,8
مستقیماً 2
مستمری 9,9
مستند 10,8,8
مستندات 8
مستوفی 8,8
مسجد 8,8,8,8,8,8
مسجدهای 2
مسلمان 8,8,8,8,8,8
مسلمانان 8,8,8,8,8,8,8,8,8,8,8,8,8,8
مسموم 2
مسکونی 8
مسیح 49,8
مسیحی 8,8,8,8,8,8,8,8,8,8,8,8
مسیحیان 8,8,8,8,8,8,8,8,8,8,8
مسیحیت 10,42,8
مشابه 3,8,8
مشارکت 8
مشاهده 10,10,10,2,8,8,8,8,8,8,8,8,8,8
مشاورهٔ 49
مشترک 42
مشتقات 42
مشخص 42,42
مشخصه 8
مشخصهٔ 10
مشرق 49,8
مشروطع 2
مشروطه 2,2,2,2,2,2,2,2,2,9,9,9,9
مشروطیت 2,2,2,2,2
مشغول 2
مشمول 8
مشهود 42
مشکل 42
مشکوکی 9
مصادره 8
مصری 10,3,8
مصوبه 8
مصوبهٔ 8
مصوّب 10,10
مطابق 8,8
مطالعات 8,8,9
مطرح 10,8,8,8,8
مطلق 8
مظهر 42
معابد 3,42
معاصر 8,8
معافیتی 8
معاملات 42
معبد 3,49,49,8,8,8,8,8,8
معبدهائی 49
معبدی 49
معتبر 9,9
معتقد 42,48
معتقدند 8,8,8,8
معدنی 10,10,10
معراج 8
معروف 2,49,49,8,8,8
معضل 8
معلق 8
معماری 8,8
معمول 49
معمولاً 8
معنا 42
معنای 10
معنی 10,42
معین 10,49
مغرب 49,8
مغربی 8
مغلوب 8
مفاد 8
مفهوم 10
مقالاتی 2
مقاله 9
مقام 49
مقامات 8,8,8
مقایسهٔ 10
مقبره 8,8,8,8,8,8,8,8
مقبرهٔ 8,8
مقبول 10
مقدس 1,42,42,8,8,8,8,8,8,8,8,8,8,8,8,8,8,8,8,8,8,8,8,8,8,8,8,8,8
مقدسشان 8
مقدسی 42,8
مقدمهٔ 8
مقدونیه 8
مقرر 8
مقسم 8
مقیاس 8
ملاحظات 2
ملامحمدکاظم 2
ملتقای 8
ملکه 49
ملکوتی 42
ملیت 2
ممانعت 8
ممزوج 3
مملو 42
مملوک 8
ممنوعه 54,8
ممکن 8
منابع 10,8,8,8,8,9,9
مناسک 3
مناطق 2,2,8,8,8,8,8,8,8
منافع 9
مناقشه 8,8
منتشر 2
منتقل 8
منجر 8,8,8,8,8
منحصراً 8
منحل 9,9,9
مندل 8
مندلباوم 8
منشأ 10,10
منصوب 2
منصور 8,9
منطقه 42,8,8,8,8,8,8,8
منطقهٔ 8
منظور 8,9
منعقد 8
منفرد 42
منقش 8
منکر 8
مهاجرت 8,8,8,8
مهارت 49,49
مهشید 8
مهم 49
مهمانپذیر 8
مهمی 10
مواجه 8,8
مواد 10
موارد 3
موافقان 48
موافقت 48,8
موجود 10,42,8
مورخ 10,8
مورخان 49,8
مورد 10,49,8,8,8,8,8,8,8
مورگان 9
موزه 8,8
موسوم 42,8,8,8,8
موسی 54,54,8,8
موشکی 8,8,8
موضع 8
موضوع 8,8
موضوعات 8
موفق 49
موفقیت 3
موفقیتی 49
موقع 49
مَتْوشَلَخ 1,8
مَدیَن 54,8
مَسیح 8
مکان 49,8,8,8,8,8,8,8,8
مکتب 8
مکتوب 10,42
میان 42,42,42,42,42,42,42,48,48,49,8,8,8,9
میانرودان 42
میانه 8,8
میانهٔ 8
میتسوا 8
میخی 49
میرزا 2,9,9,9
میزراهی 8
میلاد 1,10,3,42,42,49,49,49,49,49,8,8,8
میلادی 3,42,8,8,8,8,8,8,8,8,8,8,8,9
میلیون 2,8
میکروسکوپی 10
نابودی 8
ناحیه 8
ناحیهٔ 8
نادقیق 8
ناشناخته 8,8
ناشی 10,10
ناصرالملک 9
ناقه 8
نامزد 9,9,9,9,9
نامیده 10,10,10,8,8,8
نباید 10
نبرد 8,8
نبردی 3
نبودند 49
نتانیاهو 8,8
نتوان 42
نتوانستند 8
نتیجه 2,8,8
نتیجهٔ 8
نتیجۀ 8
نجفی 2
نجومی 10
نجیب 42
نخبگان 2
نخست 10,8,8,9
نخستین 1,1,10,3,42,49,49,8,8
نخواهد 8,8
نداده 8
نداشته 10,8
ندانسته 8
ندبه 8,8,8
نرفت 42
نزاع 8
نزدیک 2,42,8,8
نزدیکی 10,49,49,8,8,8
نسبت 49,8,8,8
نسبتاً 2
نسخه 10,42,8,8,8,8,8,8,8,8,9
نشان 1,10,10,10,42,48,48,8,8
نشاندهٔ 8
نشانه 49
نشانی 10,8,9,9
نشدند 49
نشریات 2,2
نشناختن 8
نشین 8
نصیر 8
نظارت 8
نظامی 3,49,8,8,8
نظایر 10
نظرسنجی 48
نظری 10,10,10,10
نظریات 10,3
نظیر 10,10
نفاق 49
نفرت 42
نفری 8,8
نفرین 42
نقششان 42
نقشه 8
نماد 49
نمادهای 42
نمادی 10
نماز 8,8
نمانده 8
نمایان 49
نمایش 10,8
نمایشگاهی 8
نمایندگان 8
نمدار 42
نمود 49
نمودار 42
نموده 2,3,42
نهایت 2,8,8
نهایی 42,8,8,8
نهری 42
نهضت 2
نوار 10,8,9
نوامبر 8,8
نوربخش 8
نوروز 8
نوری 10
نوزدهم 8
نوسازی 49
نوسنگی 1
نوشت 10
نوشتاری 49
نوشتن 42
نوشته 42,42,49,8
نوشتهٔ 2
نوشتۀ 2
نوعی 42
نوپای 9
نویسندگان 2,42
نَجّار 8
نپدیرفت 8
نکته 42
نکردند 2
نکرده 8
نگارش 42
نگهداری 8
نگیرد 8
نیابت 42
نیاز 42,8
نیازمند 2,8,8,8,9,9
نیروهای 8,8,8,9,9
نیروی 42,49,8
نیست 10,8,8,9
نیستند 48
نیفتاد 10
نیمی 8
نیویورک 8
هاکدوشیم 8
هجری 10,10,8
هجوم 2,8
هخامنشیان 49,49
هدار 8
هراکلیوس 8
هرود 8,8,8
هرودیان 8
هرچند 10,49,9
هرگز 3,42,49,8
هرگونه 10,10
هزار 42,8,8,8,8,8,8,8,8,8,8
هزاره 42,8,8,8,8
هزارهٔ 42,42
هستند 10,10,8
هشتاد 8
هشتصد 8
هشتم 49
هفتم 8,8,8
هلال 8,8,8,8
همان 42,49,8,8,8,8,8
همتای 8
همجنس 8
همدان 2
همدیگر 42
همراه 10,10,10,2,49,8,8,8,8,8,8,9,9
همراهی 49
همزیستی 42
همسر 42
همهٔ 10,10,42,42,9,9
همواره 8
همپای 42
همچنان 2,3,8,8,8,8
همچنین 2,2,48,49,8,8,8,8
همچون 8
همگرایی 42,42
همین 10,2,3,42,49,8,8,9
هندیان 49
هنرمندان 8
هنری 8
هنوز 2
هنگام 49
هوایی 8,8,8
هورییان 42
هوفمن 8
هیلی 8
هیچگاه 8
هیکل 8
وابسته 2,8
واحد 10,2
واحدی 49
وارد 10,10,10,10,2,3,8,9,9,9,9
واسطه 49,49
واسکو 8
واصل 8
واعِله 1,54,8
واقع 1,1,49,49,49,49,8,8,8,8,8,8,8,8,8,8,8
واقعیت 8,8
واهِله 1,8
واژه 10,10,10,42,42,8
واژگان 1,10,42,8,8
واژۀ 8
واکنش 8
واگذار 8,8,8
وبگاه 8,9,9
وجان 2
وجاهت 8
وجوب 2
وجود 1,10,10,10,10,10,10,10,10,10,10,10,10,10,10,10,10,10,10,10,10,10,10,10,10,10,10,10,10,10,10,10,10,2,2,2,2,2,2,2,3,42,42,48,49,49,49,49,49,49,54,54,54,54,54,54,54,54,54,8,8,8,8,8,8,8,8,8,8,8,8,8,8,8,8,8,8,8,8,8,8,8,8,8,8,8,8,8,8,8,8,8,8,8,8,8,8,8,8,8,8,8,8,8,8,8,8,8,8,8,8,8,8,8,8,8,8,8,8,8,8,8,8,8,8,8,8,8,8,8,8,8,8,8,8,8,8,8,8,8,8,8,8,8,8,8,8,8,8,8,8,8,8,8,8,8,8,8,8,8,8,8,8,8,8,8,8,8,8,8,8,8,8,8,8,8,8,8,8,8,8,8,8,8,8,8,8,8,9
ورزشی 2,8
ورود 8,8,9
ورودی 8
وزارت 8,8,8
وزیر 8,8,8
وسایل 10,42
وسطایی 8
وسعت 49
وسیعی 8,8
وضعیت 8,8,8
وفادار 49
وقایع 2,42
وقتی 2,49
وقعی 2
ولایات 2
ولایت 2,2,2,8
ولایتی 2,2,2,2
وکلا 2
ویدئویی 8
ویرایش 10,10,10,2,2,8,8,8,8,8,8,8,8,8,8,8,9
ویژه 10,8,8,8,9
ویژگی 10
ویکی 10,9
پادشاه 49,8,8,9
پادشاهان 10,49,49,8
پادشاهی 49,49,49,8,8,9
پارک 8
پارکینگ 8
پاسخ 8
پاسخی 48
پاسداران 8,8
پانزده 8,8,8
پانزدهم 8
پانصد 8
پاکسازی 8
پاکستان 8,8
پاکی 42
پایان 10,42,49,8,8,8,8,8,9,9
پایتخت 8,8,8,8,8,8,8,8,8
پایتختی 8,8
پایتختیِ 8
پایدار 10,9
پایه 10,10,49
پدرش 3
پدری 42
پدیدار 10
پذیرش 9
پذیری 8
پرانتز 8
پراکنده 49
پربار 42
پرتغال 8
پرداختند 10
پررنگ 8
پرشمار 42
پرواز 8
پروین 8
پرچم 8
پستی 8
پسران 8
پسرش 8,8
پسین 42
پشتیبانی 8,8
پشمی 49
پناه 2
پنجم 8,8,8
پنداشته 8
پهلوی 8
پژوهان 2
پژوهش 10,10
پژوهشگران 10,10,10,42,42
پگانی 42
پگانیسم 42
پیامبر 8,8
پیامبران 8
پیامی 8
پیدا 3,42,49,8
پیدایش 10,49
پیرامون 10,10,10,2,8,9,9,9
پیرو 8
پیروان 8,8
پیروانش 8
پیروزی 8
پیشرفت 10,8
پیشنهاد 8,8,8,9
پیشوای 42
پیشکش 42
پیشین 10,10,9
پیشینهٔ 10
پیشینیان 1
پیمان 8,8
پیمانی 8
پیوند 10,10,3,49,8,9,9,9,9
پیوندهای 10
پیوندی 42
چالش 8
چاپار 2
چنانچه 10
چندخدایی 42
چندین 49,49
چهار 8,8
چهارده 2
چهارصد 8
چهارم 8,8
چوبی 8
چونان 42
چگونگی 10,9
چیزهای 10
چیزی 8,8
ژاندارم 9
ژانویه 8,8,8
ژنرال 8,8
ژوئن 42,9,9,9
ژوئیه 42,8,8,8
ژوئیۀ 2
کابینۀ 8
کاربران 10
کاربرد 10,42,49
کاربری 10,10,9,9
کارتاژ 49
کارشناسان 42
کارشناسانی 9
کارلباخ 8
کاریه 10
کاشان 2
کاظم 2
کالا 8
کامل 8,8
کانی 10
کاهش 8,8,8,8,9
کاهن 42,8
کاهنان 8
کاپیتولینا 8
کتاب 2,2,2,8,8,8,8
کتابخانه 10,8,8
کتبی 42
کتیبه 42
کدام 1,42
کرامت 49
کرخی 8,8
کردن 10,2,3,3,9
کردند 2,48,49,49,8,9
کرده 10,10,2,49,8,8,8,8,8,8,8,8,8,8,8,8,8,8,8,8
کردی 2
کرمان 2
کرمانشاه 2,2,2,2,2,2,2,2,2,2,2,2,2
کرمانشاهی 2,2
کسوت 3
کشاورزی 2,49,49,8
کشتارهای 8
کشته 49,8,8
کشتیهای 49
کشمکش 8,8
کشور 10,2,49,49,8,8,8,8,8,8,8,8,8,8,8,9
کشورهای 10,8,8,8,8
کشوری 2,2,8,8
کشیدند 49
کشیده 8,8
کلاسیک 10
کلهر 2,2
کلیایی 2
کلیسا 8,8,8
کلیساهای 8
کلیسای 8,8,8,8
کمابیش 42
کمبوجیه 49,49,49
کمتر 8
کمربندی 8
کمکهای 49
کمکی 10,10
کنار 42,48,49,49,49,8,8
کناره 8
کناری 10,9
کنترل 10,8,8,8,8,8,8,8,8,8,8,8,8,8,8,8,8,8
کنسول 8
کنسولگری 2
کنوانسیون 8
کنید 8
کنیسای 8
کنیسۀ 8
کوتاهی 8
کورش 49,8
کوشش 8,8,8,8,8
کوهستانی 49
کوچک 8,8
کُلثوم 8
کیدرون 8
کیلومتر 8,8,8,8,8,8,8,8
کیهانی 10
گائون 8
گذاشت 8
گذاشتن 3,48
گذاشته 8
گذرگاهی 8
گذشته 10,10,10,10,10,10,49,8
گرجی 8
گردانندگان 8
گرداگرد 8
گردید 2,2,49,49
گردیده 42
گرفت 49,8,8,8,9
گرفتن 8,8
گرفته 8,8,8,8,8,8,8
گروهی 10,10,8
گرچه 10,9
گزارش 8,8,8
گسترش 8
گستره 8
گشود 10
گفتار 42
گفتند 48
گفتنی 8
گفته 10,10,2,2,8
گمارده 8
گواهی 42
گورستان 8,8
گوناگونی 42
گونه 8
گونهٔ 10,42,42
گویندگان 42
گیاهان 10
گیاهانی 42
گیاهی 10,10
گیگر 8
یادبود 49
یادبودی 3,3
یادمان 10
یادکرد 10,9
یاسین 54,8
یافت 49,8
یافتن 10,8
یافتند 8
یافته 3,49,8,8,8,8
یافتهٔ 10
یعقوب 8
یعنی 10,2,2,42,49,49
یهود 8,8,8,8,8,8,8,8
یهودا 8,8,8,8,8,8,8,8,8,8,8,8
یهودی 8,8,8,8,8,8,8,8,8,8,8,8,8,8,8,8,8,8,8,8,8,8
یهودیان 8,8,8,8,8,8,8,8,8,8,8,8,8,8,8,8,8,8,8,8,8,8,8,8
یهودیانِ 8
یهودیانی 8
یهودیت 8,8,8,8,8,8,8,8,8
یهودیِ 8
یهیل 8
یواخیم 10
یوفَنّا 8
یونان 3,3,49,49,49
یونانی 10,10,3,3,42,8
یونانیان 3,3,49
یونسکو 8,8,8
یکسان 8
یکصد 8
یکپارچه 8
