آئین 49,49
آبیاری 12
آتشکده 12
آثار 11,11,11,11,11,11,11,11,13,13,13,13,13,13,42
آخرین 12,12,13
آذربایجان 11
آرامش 13
آرامگاه 12
آرامی 12
آرتاسیراس 13
آرمینا 13
آرگومان 12,12,12,42,44
آزادانه 13
آستیاگ 13
آسمانی 54
آسیا 11,13
آسیاب 11
آسیای 12,12,12,12,12,12,12,12,12,42
آشنایی 49
آشوبی 13
آشور 42
آشوری 42
آشکار 13
آشیلوس 13
آغاز 1,11,11,11,11,11,12,12,13,13,3,3,3,50
آلمان 11
آماتیس 49
آماده 12
آمار 48
آمتیس 13
آمدن 1
آمدند 12
آمده 12,13,54
آمریکا 11
آمودریا 12
آموزش 3,3
آموزشگاه 12,12,12
آموزشی 12
آمیانوس 13
آناتولی 12
آنان 11,11,13,13,13
آنجا 13,13,49,49
آنجایی 13
آنزمان 11
آنطور 13
آنقدر 13
آنچه 12,13,13
آنکه 12,13,13,13,13,3,3,49
آنگاه 13
آورد 13
آوردند 12
آورده 3
آوریل 42
آپینین 42
آژند 12
آکادمیسین 12
آگاثیاس 13
آگاه 13,13
آگاهی 13
آیتم 11,12,13,3,43,50
آیین 12
آیینه 12
ابتدا 11,11
ابتدای 12
ابدی 11
ابراز 13
ابنیه 12,12,12
ابوالقاسم 12
اتفاق 12,13
اتیوپی 13
اجازه 12
اجباری 11,12,12,12,13,3,43,50
اجتماعی 12,42,43
اجرای 11
احاطه 3
احترامات 11
احتمال 12,12,13,3
احتمالاً 13,13,3,3
احتیاطی 13
احمد 12,12,12,12,12,12,12
اخبار 13,13,13,13,13,13,13
اخباری 12,13,13,3
اختراع 13
اختصاصی 12
اختلاف 13,13,13,13
اختیار 13,3,48
اختیارشان 11
اختیاری 11,12,13,3,43,50
اخیر 11,11,12,12,13,13,3,3,43,43,50,50
اداره 11,11,11,13,3
ادامه 11,11,11,11,11,49
ادبیات 11,12
ادعا 13,13,13
اذعان 13
ارائه 13,13
ارابه 49
ارتباط 13,13
ارتباطشان 12
ارتشی 3
ارجاع 13,43,43
اردشیر 13,3,49
اردیبهشت 11
ارزش 1,12,13
ارسالی 13
اروپا 11,12,12,12
اریحا 1,1
اریسمان 11
ازبکان 12,12
ازبکستان 12,12,12,12,12,12,12,12
ازدواج 13,3
اساس 11,13,13,48,48,48,54
اساطیر 3
اساطیری 12,42
استان 11
استاندارد 42
استثنائی 13
استخدام 11,11,11
استرابو 13
استرابون 49
استعمال 13
استفاده 11,12,12,12,13,13,13,13,3,3,3,3,43,50
استقلال 11
استناد 12,13,13,13,13
استوارانه 13
استیلا 13
اسرائیل 49,49
اسراری 13
اسطوره 12
اسلام 12,12,12
اسلامی 11,12,12,12,12
اسماعیل 12,12,12,12,12
اسناد 13,13
اسنادی 13
اسکندر 3,3,3,3,3,3,3,3,3,3,3,3,3,3,3,3,3,3,3,3,3,3,3,3,3,3,3,3,3,3,49,49,49
اسکندر_مقدونی 3
اسکندریه 13
اشاره 13,13,13,13,50
اشاعه 13
اشاعهٔ 3
اشتارت 49
اشتباه 13
اشتباهات 13
اشتراک 13
اشغال 13,49
اشمون 49
اشمونازار 49
اشمیت 11
اشکانیان 12
اشیاء 11
اشیایی 12
اصابت 3
اصحاب 11
اصطلاح 11,13
اصفهان 11,11
اصلاح 13
اصلی 11,11,12,12,13,3,3,43,50
اصولاً 13
اضافه 13
اضافی 13
اطراف 12
اطلاع 13,13,13,13
اطلاعات 11,12,13,13,13,13,13,13,3,42,43,43,50
اطلاعاتی 11,13,13
اطلاق 12
اطمینان 13,13
اظهارات 13,13
اظهارشده 12
اعتراف 13
اعتماد 13,13
اعراب 42
اعطا 3
اعطای 43
اعلام 12,13,3
اغتشاش 13,13
افتاد 12,12
افتاده 13
افراسیاب 12
افزایشی 12
افسانه 12,13,3
افلاطون 13
اقامت 13
اقتدار 3
اقتصادی 49
اقدامات 13
اقناع 13
اقوام 42
الاعلام 12
البته 13,13
التحصیلان 11,11
التماس 13
الجلی 12
الدین 11,11
الغنجار 12
الفبایی 12
القول 12
المسالک 12
الممالک 12
المپیاس 3,3,3,3,3,3
الهام 49
الهه 1
الگو 12,12,12,12,12,12,12,12,12,12,12,12,42,42,42,42,42,49,49,54,54,54
الگوبرداری 12
الگوهای 12,12
الگوی 13,3,42,49
امام 12,54
امان 12
اماکن 12,12,12
امتداد 49
امتیاز 11,11,11,11
امروز 12,13
امروزه 12,12
امضاء 11
امور 12,13
اموی 12
امپراتوران 12
امپراتوری 12,12,12,12,12,12,12,12,12,13,13,13,13,13,3,3
امپراطوریهای 11
امکان 11,11,12,13,13,13,13,13,3,43,44,50
امیر 12,12
امیران 12,12,12
امیرنشین 12,12
انتشار 12
انتظار 12
انتقادی 13
انتقام 13
انجام 11,11,11,11,11,11,11,12,13,13,3,43,44,48,50
انحصاری 11
انداخت 3
اندازه 13
اندازۀ 12
اندکی 11,13,13
اندیشه 12
انقلاب 11,11,11,12,12,12,12
انکار 13,13
انگلیس 11
انگلیسی 43,43
اهالی 12,12
اهتمام 11
اهمیت 11,12,13
اهورامزدا 13
اواخر 11,11,12,49
اوارت 42,42
اواسط 3
اوایل 11
اوتانا 13
اوراسیوس 13
اوستا 13
اولی 13
اولین 11,11,11,11
اولیه 42
اَحزاب 54
اُلوهی 3
اِلیاس 1
اکابر 12
اکباتان 13
اکتبر 11,12,12,12,13,42
اکتشاف 11
اکثر 13
اکثراً 54
اکدی 13,42
اگرچه 12,13,13,3
ایالات 12,13
ایالت 12
ایبری 44,49
ایتالیا 11
ایجاد 11
ایران 11,11,11,11,11,11,11,11,11,11,11,11,11,11,11,11,11,11,11,11,11,11,11,11,11,11,11,11,11,11,11,11,11,11,11,11,11,11,11,11,11,11,11,11,11,12,12,12,12,12,12,12,12,13,13,13,13,13,13,13,13,13,13,13,13,13,3,3,3,42,49,49,49,49
ایرانی 11,11,11,11,11,13,13,13,13,13,13,3,49,50
ایرانیان 12,12,13,13,49,49
ایزاباتس 13
ایزد 3
ایزو 12,12,12
ایزومئو 11
ایستاده 49
ایستادگی 12
ایشان 12,12,49
ایفا 13,49
ایلامی 13
اینان 12
اینباره 13
اینترنتی 3
اینجا 13
اینرو 13,13
اینست 13
اینصورت 13
اینکه 11,13,13,13,13,13,13,3,3,3
ایوب 12
ایوبی 1
بابل 13,13,13,42,49,49
بابلی 13,13,42
باخبر 3
باخرزی 12
بارخاطر 13
باردار 3
بارش 12
باره 12
بارون 11
بازار 12,12
بازدید 11,11
بازماندگانش 3
بازگشت 11,13,13,13,13,3
بازی 13,3
باستان 11,11,11,11,11,11,11,11,11,11,11,12,12,12,13,3,3,42,49,49
باستانشناسان 11,11
باستانشناسی 11,11
باستانشناسی_ایران 11
باستانی 11,11,11,11,11,12,13,3,42,42,42,49,49,49
باشد 12,13,13,13,13,13
باشند 11,13
باعث 11,11,3
باقرزاده 11
بالا 13
بالاتر 11
بالاحوض 12
بالاخص 3
باور 12
باورند 3
باکتریا 13,13
باگاپاتس 13
باید 11,13,13,13
بایگانی 43
بتازگی 49
بتوانند 13
بجانب 49
بحرانی 13
بخار 12,12,12
بخارا 12,12,12,12,12,12,12,12,12,12,12,12,12,12,12,12,12,12,12,12,12,12,12,12,12,12,12,12,12,12,12,12,12,12,12,12,12,12,12,12,12,12,12,12,12,12,12,12,12,12,12,12,12,12,12,12,12,12,12,12,12,12,12,12,12,12,12,12,12,12,12,12,12,12,12,12,12,12,12,12,12,12,12,12,12,12,12
بخاراست 12
بخارای 12
بخارایی 12
بخاراییان 12
بخارج 11
بخارک 12
بخرند 11
بخشم 12
بخشی 11,13
بخشیدن 3,49
بخشیده 13
بخصوص 13,43
بدان 12
بدست 13,13,49
بدلی 13
بدنی 13
بدون 11,13,13,13,13,13,43,43,43,43
بدین 11,12,13,13
برآمده 12
برآنند 12
برآورد 12
برابر 11,12,48
برادر 13,13,13,13,13,13,13,13,13,13
برادرش 13,13,13,13,13,13,13,13
برادری 13,13
براساس 12,12
براونون 42
برای 10,11,11,11,11,11,11,11,11,11,11,11,11,11,12,12,12,12,12,12,12,13,13,13,13,13,13,13,13,13,13,13,13,13,13,13,3,3,3,3,3,42,43,43,43,48,49,49,50,54
برتین 13
برجای 49
برخوردار 11
برخی 11,11,11,11,11,12,12,12,13,13,3
برداشت 49
برداشتن 49
برداشتند 49
بردن 13
برده 12,13
بردیا 13,13,13,13,13,13,13,13,13,13,13,13,13,13,13,13,13,13,13,13,13,13,13,13,13,13,13,13,13,13,13,13,13,13,13,13,13,13,13,13,13,13,13,13,13,13,13,13,13,13,13,13
بردیای 13,13,13
بررسی 11,11,11,11,11,42
برطبق 43
برنامه 11,11
برنز 12,42,42
بروز 3,3
بروشنی 49
برپا 12
برپایهٔ 12
برپر 12
برگردان 12
برگرداند 13
برگردد 13
برگرفته 12
برگزار 12
برگزید 13
برگشت 13
بریتانیا 43,43
بریتانیای 11
بریتانیایی 11
بریدوود 11,11,11
بزرگ 11,11,12,12,12,12,13,13,13,13,13,13,13,3,3,49,49
بزرگان 12,12,12,12,12,13
بزرگی 49
بزودی 11
بسازید 11,12,13,3,43,44,50
بستر 13
بسراید 12
بسیار 11,12,12,12,12,13,13,49
بسیاری 11,12,12,12,13,13,13,3
بشورد 13
بعدی 11,13
بعضی 11,12,12,13
بغداد 12,12,12
بفهمیم 13
بقیه 13
بلغار 12
بلند 11,12,13,13
بلوای 12
بلکه 12
بماند 13
بنابر 12,13
بنابراین 13,13,13,13,3
بناهای 12
بنیاد 12
بنیادگذاریش 12
بنیان 12,3
به 49
بهار 13
بهاری 12
بهره 3
بوداشتارت 49
بودایی 12,12
بودن 13,13,13,3,3
بودند 11,12,13,13,3,49
بوده 11,12,12,12,13,13,13,13,13,13
بوشهر 11
بوعلی 12
بُخار 12
بُرده 1
بُمْجِکَث 12
بکاوند 11
بکشانند 49
بگذر 12
بگیرد 13
بیابان 1
بیابانگرد 12
بیان 13
بیتی 12
بیرون 12
بیست 13,13,13,3
بیستم 12,12
بیستون 11,11,13,13,13,13,13,13,13,13,13,13,13,13,13,13,13,13,42
بیشتر 10,11,11,11,12,12,12,12,13,13,3,42,43,43,48,48,49,50
بیشتری 13
بیمار 12,3
بیهار 12
بیکر 42
تأثیر 3,49,49,49
تأسف 11
تأسیس 11,12,3
تألیف 13
تأکید 11
تأیید 13,13,13
تئوری 13,13
تابع 12,12,12,13,44
تابوت 49
تاتار 12,12,12
تاتی 12
تاجیکان 12
تاجیکستان 12,12
تاجیکی 12
تارک 12
تاریخ 11,11,12,13,13,13,13,13,13,13,13,13,13,13,13,13,13,13,13,3,3,3,42,42,49
تاریخش 13
تاریخچه 11
تاریخی 12,12,12,12,12,12,12,12,12,12,13,13,13,44
تازه 3
تازیخی 12
تانائوکسارس 13
تانااوگزارس 13
تانیاکسارکس 13,13,13,13,13
تانیوکزارکس 13,13
تبار 3
تبدیل 11,12
تجاری 10,11,12,2,42,43,49
تجدد 12
تجسمی 12
تجمیع 13
تحریر 13
تحریف 13
تحسین 3
تحصیل 11
تحقق 3
تحقیق 11,13
تحقیقات 11,11,11,11,11
تحول 13
تحولات 12,12
تخفیف 12
تدریج 11
تراماره 42
ترتیب 11,13,13,3,54
ترجمه 11,11,42
ترجمهٔ 12
تردیدی 13
ترقی 3
ترمس 49
تروگ 13,13,13,13,13,13,13,13,13,13,13
ترویج 3
ترکان 12,12,12
ترکستان 12,12
ترکی 12
تریالتی 42
تسانگ 12
تسخیر 3,3
تسلسل 13
تسهیل 11
تشریفاتی 12
تشویق 12
تشکیل 11,13,13,48
تصاحب 13,13
تصادفی 11,12,13,3,43,50
تصاویر 11,12,13,3,43,50
تصدیق 13
تصرف 12,12,12,12
تصمیم 11,49
تصور 12,12
تصویب 11,11,11
تصویر 12,3,49,49
تصویرپردازی 12
تطبیق 13
تعبیر 13
تعداد 13
تعرض 12
تعقیب 49
تعلق 11,11
تعلیم 3
تعهد 11
تعیین 11,13,13,13,13
تغییر 12
تغییرات 11,12,13,3,43,50
تغییراتی 11
تفاهم 11
تفسیرهای 3
تقاضای 3
تقدم 11
تقریباً 13,48
تقسیم 11
تقسیمات 12,12
تقویت 13
تلاش 11,13,13,3
تلفن 10,11,12,2,42,43,49
تلقی 13,13
تمام 13,49
تمامی 13
تمایز 13
تمایل 13
تمدن 12,49
تمیز 13
تمیمی 12
تنظیم 13
تنها 11,11,11,11,11,12,12,13,13,13,13,13,48,48
تهران 11,11,11,11
تهیه 11,11
توالی 13
توانست 13,3
توجه 11,11,11,11,13
توسط 11,11,11,11,11,11,11,11,11,11,12,12,12,12,12,13,3,3,42
توسعه 11
توصیف 11
توضیحی 13
توطئه 13,13
تولد 13,3,3
تومان 11,11
تومولوس 42
تکراری 42,42
تکیه 13
تیلیا 11
تیمور 12
ثَمود 1
جاده 13
جادویی 3
جاسوسهای 11
جالوت 12
جامه 49
جانشینی 12,13
جایزه 12,12,12
جایگاه 12,12,13
جایگزین 11,11,3
جایی 11
جدایی 13
جدید 11,11,12,48
جرمش 13
جریان 13
جزئی 12,12
جزئیات 10,11,12,42,43,49
جزئیاتی 13
جستارهای 12,13,49
جستجو 13
جستند 49
جسته 13
جسورانه 3
جعبه 12,12,13,3,43,43,43
جعفر 12
جعلی 13
جغرافیا 11
جغرافیای 49
جلسه 11
جلوس 13,13,13,13
جلوی 49,54
جلگهٔ 12
جمدت 42
جمشید 3
جمعیت 12,12,48
جمله 11,11,11,11,3
جمهوری 12,12,43
جنایت 13,13
جنبش 49
جنبه 13
جنوب 12,42
جنگی 3
جنگید 49
جهان 11,12,12,12,12,13,13,3,48
جهانگرد 12
جهانی 12,12,12,12,12,12,12,12,12,12,43,43,48
جهانیان 11
جواب 13
جوان 12
جوانی 3
جواهر 12,49,49
جواهرات 11
جورابی 12
جوزپه 11
جیهانی 12
حائلی 13
حاصل 13,3
حافظ 12
حالت 12,13,13,49
حالی 12,13
حالیکه 49
حامد 12
حامیان 12
حاوی 13,3
حاکم 12,12,12,12
حاکی 13
حجاری 13
حدود 12
حدیث 12
حرمسرای 13,13,13
حروف 54
حرکت 12,13,13
حزقیال 13
حساب 11,11,11,12,12,13,13,13,3,3,43,43,43,44,50,50
حسادت 13
حسونه 42
حسینی 12
حضور 11,11,12,13
حفاری 11,11,11,11,11,11
حفاظت 11,11,11
حقوق 11,43,48
حقیقت 12,13,13,13,13,13,13,13,13,13
حلقه 49
حلوان 11
حلوانی 12
حمام 12
حمایت 48
حملات 12
حمله 12,12,12,3,3,49
حنفیهٔ 12
حوادث 13,13,13,13
حوالى 11
حوالی 11
حوزهٔ 12
حکایت 12
حکمران 13
حکومت 11,12,12,12,12,13,3
حیات 13
خاتون 12,12
خارج 11,13,13,13
خارجی 11,11,11,11,11
خاصی 11
خاطر 13,13,13,49
خالی 13
خاموش 3
خاندان 12
خانواده 13
خاور 42
خاکسپاری 12
خجالای 42,42
خدات 12,12
خدعه 13,13
خراب 12,12,12
خراسان 12,12,12,12,12
خراسانی 12
خرداد 49
خرده 13
خرید 11
خشایارشا 13
خصوص 11,12,13,13,3,43,50
خصوصاً 11
خصوصی 13
خطای 12
خلاف 13,13
خلافت 12,12,12
خلال 13,13,13
خلفای 1,12
خواب 13,3,3
خوابی 13
خواجه 13
خوارزم 13
خواست 12
خواند 13
خواهان 12
خواهر 13
خواهرخوانده 12
خوبی 11
خودش 13,13,13,13
خودشان 11
خودنمایی 13
خودکشی 13
خورانده 13
خورشیدی 11,12
خوزستان 11
خویش 12,12,13,3
خیلی 13,13
داخل 13
داخلی 3
دادارشیش 13,13
دادن 11,13
داده 11,11,11,12,12,13,13,3,3,43,48,50
دارای 12,12,12,12,12,12,12,12,12,12,13,13,3,3,3,42,42,43,43,43,43,44,44,49
دارایی 11,48
دارد 1,1,11,12,12,13,13,13,13,13,13,13,13,13,3,43,49,50
دارند 13,3
داریوش 12,13,13,13,13,13,13,13,13,13,13,13,13,13,13,13,13,13,13,13,13,13,13,13,13,13,13,13,13,13,13,13,13,13,13,13,13,13,3,49,49
داستان 13,13,3
داشت 12,12,13,13,13,13,13,13,13,3,3,3
داشتند 11,11,12,13,3
داشته 13
داناى 11
داندامایف 13,13
دانست 13
دانش 12
دانشجویان 11,11
دانشمندان 11
دانشنامهٔ 11,11,12,12,13,13,3,3,43,43,44,50,50
دانشکده 11
دانشگاه 11,11,11,43,43,43
دانشگاهی 43
دانیال 54
دختر 12,12,13,13,13,13,13,3,43
درآمد 12,12,48
درآورد 12
درآورده 13
درازا 3
دربار 11,13,13,13,13,13
دربارهٔ 11,11,11,12,12,12,12,12,12,12,12,12,13,13,13,13,13,13,13,13,13,13,3,3,42,42,42,42,43,49,49,50,54
درباریان 13
درجه 12
درحالی 48
درست 13,13,13,49
درصد 48,48,48
درنگ 12
درهم 12,12
دروازهٔ 12
دروغ 13,13,13,13
دروغگو 13
دروغگویی 13
دروغین 13
درون 49
درگذشت 12,13,13
درگذشته 43
درگذشتهٔ 13
دریائی 49
دریافت 11,13,3
دریای 3
دسامبر 43,49
دستاوردهای 12,3,3
دسترس 10,11,12,42,43,49
دستش 13
دستور 13
دسیسه 13
دشمن 13,3
دعوت 11,11,12,13,3,43,44,50
دقیقاً 13
دقیقی 13
دلالت 13
دلایل 13
دلبستگی 49
دلیل 12,12,13,3
دمای 12
دمشقی 13
دمورگان 11
دنبال 12
دنیا 13,3,3,3,48,48
دنیای 3
دهانه 12
دوباره 11,12
دودمان 13
دودمانی 42,42
دوران 12,12,12,12,12,13,13,13,49,49,54
دورانی 13
دوردست 49
دوره 11,11,12,12,12,12,3,43,43,43,49
دوستی 12
دوشنبه 12
دولت 11,11,11,11,11,11,11,11,11,11,12
دولتهای 11
دومی 13
دونگ 42
دویست 12
دکترای 11
دیدار 12
دیدن 12
دیدنی 12
دیده 12,13,13,13,49,49,49
دیدگاه 12,3
دیرتر 13
دیرینهٔ 3
دینون 13
دینی 12,42
دیوار 1
دیوانبیگی 12
دیودور 13
دیولافوا 11,11
دیگر 11,11,11,11,12,12,12,12,12,12,12,12,12,13,13,13,13,13,13,13,13,13,3,3,3,3,43,43,49,49,50
دیگران 13
دیگری 1,12,12,54
ذکری 13
ذیقعده 11
رؤیا 3
رئاخ 1
رئوف 49
رابرت 11
راجع 13
رازدار 13
راضی 13
راهبردهای 3
راهنمای 12
راولینسون 11
رباط 12,12,12,12
رحمش 3
رسماً 13
رسمی 13,13,13,49
رسوم 3
رسید 11,12,13,13,13,13,3
رسیدن 13,3
رسیده 12,12
رسیدگی 13
رشته 13,13,3,3
رفته 12,12
رقابت 12
رهبران 3
رهبری 12,49
رهسپار 13
روایات 13,13
روایت 12,13,13,13,13,13,13,13,13,13,13,13
روایی 3
روزنامه 12
روزنامهٔ 12
روزگار 12
روسی 11
روسیه 11,12,12
رومیان 3
رویداد 13
رویدادهای 11,12,13,13,3,43,50
رویدادهایی 13,13
رویدادی 13
ریاست 11
ریخت 3
ریشه 13
ریشهٔ 12,12
زادروز 13
زاده 12,3
زادگاه 12
زبان 12,12,12,12,12,12,12,12,12,12,12,12,12,13,13,3,42,42
زبانش 12
زبانه 11
زخمی 13
زرافشان 12,12,12,12
زرین 12
زفافش 3
زمام 12
زمان 12,12,12,12,12,12,13,13,3,50
زمانی 12,12,13,13,13,13
زمستان 12,12
زمین 3,42
زمینه 11,11,11,13,49
زمینی 3
زنان 12,13,13,13,43,48,48,48,48
زنده 12,13
زندگانی 13
زندگی 11,12,13,13,13,3
زواره 49
زورستانی 13
زیاد 12,12,12,12,12,12,13,13
زیادی 11,11,12,12,13
زیرا 13,13,13,13,13,13,13
زینب 54
زینتی 49
سؤال 48
ساتراپ 13,13,13,13,13,13,13,49
ساتراپهای 49
ساخت 11,12,13,3,43,50
ساختن 11
ساخته 12,13
ساده 13
سازمان 10,11,11,11,12,2,42,43,49
ساسانیان 12
ساعت 10,11,12,42,43,49
سالانه 12,13,13
سالهای 11,11
سالگی 3,3,3
سالی 13
سالیانه 12
سامانه 11,11,11,12,12,12,13,13,13,3,3,3,43,43,43,44,44,50,50,50
سامانی 12,12,12,12,12
سامانیان 12
سامی 11
سانحه 13,13
ساکن 12,12
ساکنین 13
ساگبات 42
سایت 11,12
سایر 11,11,11,13,13,13,13,3
سایرین 13
ستون 42
سختی 12
سدهٔ 12,12,12,12,12,12,12,3,49
سراب 11
سراسر 11,11
سرانجام 12,12,3
سرای 12
سرایندگان 12
سربازانش 3,3
سرتاسر 3,3,3
سرداران 3,3
سردارش 3
سرزمین 12,12,42,49,49,49
سرعت 13,3
سرلشکری 3
سرنویس 42
سرنگونی 11
سروده 12
سرپرستی 12
سریر 13
سغدی 12,12,12,12
سفال 42
سفالی 42
سفرش 11
سفندادات 13,13
سقوط 13
سلاح 13
سلسله 12,12,12,3,3
سلسه 12
سلطان 1
سلطنت 11,13,13,13,3,3,3
سلطنتی 11,13,13
سلطه 11
سلیمان 1,12
سلیمانی 12
سمردیس 13,13,13,13,13,13,13
سمرقند 12,12,12,12,12,12
سندی 13
سهلی 13
سواره 11
سوریه 12,13,13,13,13
سولدوز 11
سومین 13
سونگ 12
سپاه 12,12,3,3
سپاهیان 12,12,3
سپتامبر 12,13,13,13,43
سپندادتس 13,13,13,13
سپیده 11
سکوت 3
سکونت 12,12,12
سیارات 3
سیاست 12
سیاسی 12,12,12,13,13,43
سیبری 12
سیدحمزه 54
سیستان 12
سیلویا_پنکهرست 43
سینا 12
سیپار 13
شاعر 12
شالیار 12,12
شامل 11,13
شاهان 11,3,42
شاهد 13
شاهزاده 13,13,13,13
شاهنشاه 3,49
شاهنشاهی 11,13,3,3,49,49
شاهکارهای 12
شاهی 13,13,13
شایان 11
شایانی 49
شاید 13,13
شباهت 13,13,13,13,13
شبهجزیره_ایبری 44
شبیه 13,13,13,13
شتاب 13
شخصاً 3
شخصی 13
شخصیت 13,13,3
شخصیتی 13,13
شدند 12
شدید 3
شرقی 12
شروع 11,11,11,11,11,11,11,11
شرکت 49
شریف 12,12,12
ششمین 12
شعری 12
شفاهی 13
شلاق 13
شمار 11,12,3
شماره 12,12,49,49,49
شمارهٔ 12
شماری 12
شمالی 49
شمردن 13
شناخته 12,12,12,13
شناسان 11,11,11,11,11,11,11,11,11
شناسایی 11
شناسه 43
شناسی 11
شنید 13
شنیده 13,13
شهدای 54,54
شهرهای 12,12,12,12,12
شهرهایی 12
شهری 12
شهریاری 49
شهریور 49
شهمیرزادی 11
شورای 11,11,11,43
شورش 13,13,13,13,13,13,13,49,49,49
شورشی 13,13
شوروی 12,12,12,12,12,12
شوید 11,11,12,12,13,13,3,3,43,43,44,50,50
شکارگاهی 13
شکست 3,3
شکوری 12,12
شگردی 12
شگفتی 13,13
شیاد 13
شیبانی 12
شیراز 11
شیرازی 12
شیرخواره 12
شیندلر 11
شیوه 13,49
صاحب 12,12
صادر 11
صادق 11
صالح 1,12
صحیح 13
صدای 12
صدور 11
صریحاً 13
صفات 54
صفجه 11,12,13,3,43,50
صفحه 10,11,11,11,11,11,12,12,12,12,13,13,13,13,3,3,3,3,3,42,43,43,43,43,43,49,49,49,50,50,50
صفحهٔ 11,11,11,12,12,13,13,13,3,3,3,43,43,43,50,50
صورت 11,11,11,12,12,12,12,13,13,13,13,13,13,13,3,43,44,50
صورتی 11
صیدون 49,49,49,49
ضرورت 13
ضمناً 13
طایفه 13
طبیعی 13
طرحهای 11,11
طرفین 12
طغشاده 12
طغیان 13
طلای 12
طلایی 54
طوری 13
ظاهر 13
ظاهراً 13
ظهور 12,12,3
عالم 12
عبارت 11,12,13,3,43,44,50
عباس 54
عباسی 12
عبدالرحیم 12
عبدالرزاق 12
عبدالعزیزخان 12
عبری 1
عبیدالله 12
عبیداللّه 12,12,12,12,12
عتیق 11
عتیقه 11
عتیقیات 11,11
عجیب 11
عراق 42
عربی 12,12
عروسی 12
عسکر 42
عقلی 12
عقیده 13,13,13,13,13,13,3
علاقه 11,11
علامتهای 49
علامتی 10,11,12,2,42,43,49
علاوه 11,13,13
علتش 13
علمی 12,12
علوم 12
علیه 12,13,13,13,13,13,13,13,13,13,13,13,3
عمده 3
عمرو 12
عملاً 11
عملیات 13
عموری 42
عمومی 13,49
عناصر 49
عنوان 12,12,12,12,12,12,12,13,13,13,48
عهده 11,13
عیناً 13
عینی 12
غاصب 13,13
غالب 13
غالباً 13
غربی 1,12
غلبه 12
غنایم 12
غولی 13
غیابش 13
غیرانتفاعی 10,11,12,2,42,43,49
غیرقابل 13
غیرمجاز 12
غیره 11,11,13
فاتح 3
فارس 11
فارسی 12,12,12,12,12,12,12,42
فارغ 11,11
فارناسپس 13
فاشیست 43,43
فاصله 11,11
فاطمه 54
فایدیما 13
فرات 49,49
فراتر 11
فراخوانی 42,42
فرارود 12
فرانسه 11,11,11,11,11,11,11,11
فرانسوی 11,11,11,11,11,11,11
فرانسویان 11
فرانکفورت 49
فراهم 11
فراوان 12
فرجام 13
فرزند 13
فرزندان 13
فرزندش 12
فرستادن 12
فرستاده 13
فرغانه 12
فرمان 13
فرمانبردار 49
فرماندار 13
فرماندهان 12,3
فرمانروای 12,49
فرمانروایان 12
فرمانروایی 13
فرمانی 11
فرهنگ 12,12,12,12,12,12,3,3,49
فرهنگی 11,11,12,12,12,12,42
فروپاشی 12
فریبکاری 13
فشرده 49
فضای 12
فعال 11,43
فعالیت 11,11,11,11,11,11,11
فقهی 12
فقیه 12
فلاندن 11
فلسطین 12
فمینیست 48
فنیقی 49,49,49,49,49,49,49
فنیقیان 49,49,49,49,49
فنیقیه 49,49,49,49
فهرست 12,12,12,12,43
فهرست_تاریخنگاران_ایرانی 50
فهمیده 3
فواصل 11
فوقانی 49
فکرند 13
فیروز 11
فیلارمونی 12
فیلیپ 3,3,3,3,3,3
قابل 11,12,12,12,13,13,13,13,3,43,43,43,50,50
قابلیت 3
قاجار 11
قارهٔ 3
قالب 11
قامیش 12
قانون 11,11
قانونی 13,13,13
قبایل 42,42
قبلاً 13
قبول 13
قدرت 12,13,13,13
قدیم 11
قدیمی 11,11,13,48,50
قرآن 3,54
قرار 11,11,11,11,12,12,13,13,13,13,3,3,3,49,49,49
قرارداد 11,11
قراردادی 11
قسمت 12,13,49
قطان 12
قطعه 49
ققنوس 42
قلمداد 13,13
قلمرو 12,12,12
قلمروهای 42,42,49,49
قمری 12
قهاروویچ 12
قهرمانی 3
قیاس 3
قیمت 11
لئون 3,3
لازمه 11
لایارد 11
لباس 11,13,13,13,49
لبنان 49,49
لحاظ 13
لرستان 11
لشکرکشی 13
لشکریانش 13
لطفاً 43
لمان 13
لهستان 12
لوساتین 42
مآخذ 13,13
مؤثری 49
مؤسسه 11,11,11,11
مؤلف 12,13,13
مؤلفان 13,13
ماجرا 13
ماجرای 13
ماجرایی 13
مادر 12,12,12,13,13,13
مادرش 3
مادرشان 13
مادی 13
مارس 12,12,13,13,13
مارسل 11
مارسلیانوس 13
مارش 12
مارلیک 11
مالک 13
مالکیت 49
مالیات 13
ماند 12
ماندن 12
مانده 13,13
مانعی 13
مانند 13,13,13,13
مانندی 49
مانور 3
ماهیانه 11
ماوراءالنهر 12,12
مبارز 43
مبارزه 43
مبتنی 13
مبدأ 12
مبدل 3,3
مبنای 11
مبنی 11,13,13,3,3,3
متأثر 12
متأسفانه 13
متحد 49
متحده 12
متخصص 11,11,11,11
متذکر 3
مترجم 12
متری 3
متصرف 12
متصرفات 3
متصل 11,12,13,3,43,50
متضمن 13
متعاقباً 3
متعلق 10,11,12,12,12,12,2,3,42,43,49
متغایر 13
متفاوت 12,13
متفاوتی 3
متمرکز 11
متناظر 3
متناقض 13
متنی 12
متهم 13
متوسل 13
متوفی 13
متوقف 11
متولد 3
متون 11,12,12,13
متکی 13
مثابه 3
مجارستان 12
مجازی 43
مجبور 3
مجسمه 49
مجلس 11,11,11
مجله 12
مجمع 12
مجهول 13
مجوز 11,11,11
مجوزهای 11
محاصرهٔ 3
محتمل 13
محتوای 11,12,13,3,43,43,50
محتویات 11,12,13,3,43,50
محدود 11,12
محدودهٔ 12
محدودی 11
محسوب 3
محفوظ 13
محققان 11,13,13
محلی 12,12,12,12,42,49,49
محمد 12,12,12,12,12,12,12,12,12,49
محمود 49
مخالف 13
مختار 11
مختصات 12
مختصرتر 13
مختلط 3
مختلف 13,48
مخروطی 49
مخزن 11,12,13,3,43,50
مخصوصاً 13
مخفی 13,13
مدارج 11
مدارس 3
مداوم 11
مدتهای 49
مدتی 13,3
مدرسه 12,12,12,12
مدرک 13
مدرکی 12
مدعی 13
مدفن 12
مدید 49
مدیر 11
مدیریت 11
مذاکراتی 11
مذکور 13,13,13,13
مراجعت 13,13
مرادخان 12
مراکز 11,12,12
مربوط 12,13,13,13,13,13,13,3,42,49,49,49,50,50
مرحله 11,11,11,11
مرداد 12,12
مردان 48
مردم 12,12,12,13,13,13,13,13,13
مرده 13
مردود 13
مردی 13
مرصع 12
مرمت 11,11,11
مرموز 13,13
مرواریدی 12
مرودشت 11
مرکب 49
مرکز 1,12,12,49
مرکزی 12,12,12,43
مرگبار 13
مرگش 13
مرگی 13
مرگید 13
مرگیس 13
مزبور 13,13
مسئول 13,13
مسافران 11
مساوی 11
مستفوی 11
مستقل 11
مستقیم 13,13
مستند 12,43
مستندات 43
مستور 13
مسجد 11,12
مسطح 3
مسلح 3
مسلمانان 12,12,12,12,12
مسلماً 13,13
مسکن 11
مسکونی 11,11,11,12,12,12,12,42
مسیحی 12,12
مسیر 12
مسیری 11
مسین 12,12
مشابه 12,12,12,42,49,49
مشاهدات 11
مشاهده 12,12,12,12,12,12,12,12,42,42,42,49,54,54
مشاهیر 12,12,12
مشاور 13
مشترک 11,11,11,11,11,11,11
مشتق 12
مشروح 13
مشروعیت 13
مشغول 11,13
مشفقی 12
مشمئزکننده 13
مشهود 13,3
مشهور 12,12,12
مشهورترینشان 3
مشهورند 12
مشکل 13
مطابقت 13
مطالب 43
مطالعات 11,11,11
مطالعاتی 11
مطالعه 11,12,13
مطلب 13
مطلع 13,13
مطمئن 13
معابد 12,12
معارف 12
معاشرت 13
معاصر 12,12,12
معاف 11
معاویه 12
معبد 49,49
معتبر 11
معترض 12
معتقد 13
معتمدش 13
معدنگاه 12
معرفی 11,13,13,13
معروف 12,12,3
معلوم 1,13,13
معما 13
معمار 11
معماری 11,11,12,12
معمولاً 3
معنای 1,1,12,12,12,12
معنی 13,13,13,13,3
معیاری 3
مغان 12
مغول 12,12,12,12,12,12,12,12,12,12,12,12,12,12,12,12,12,12,12,12,12,12,12
مغولان 12
مفاد 12
مفتضح 13
مفرغ 12
مفسران 3
مفصل 13
مقابل 11,13,49
مقام 13
مقامات 11
مقتول 13
مقدس 54,54,54
مقدماتی 13
مقدور 13
مقدونی 3,3
مقدونیه 3,3
مقرر 12
مقرون 13
مقطع 13
ملاقات 11
ملامت 13
ملبس 13
ملکه 12,12,12,12
ممالک 12
ممتاز 13
ممنوع 11,13
ممکن 13,13,43
منابع 12,13,13,13,13,13,43
مناره 12,12,12,12
مناسب 12
مناطق 13
مناظره 13
منبع 1,13,13,13,13,3,43
منتخبات 13
منتشر 12,12
منجر 3
منجم 12
منحرف 13
مندرج 13
منسوب 12,48
منصوب 13
منطقه 11,12,12,12,12,3
منطقۀ 12
منظم 11,11
منظوری 13
منعکس 13,13
منعی 13
منغیت 12
منچوری 12
مهاجران 3
مهرپرستی 49
مهری 3,49
مهمات 11
مهمی 11,12,13
مهیا 3
مواجه 13
موارد 13,13,13
موافق 13,13
موثق 13
موجب 3
موجود 12,42,42,49
مورخ 11,12,13
مورخان 13,13,13
مورخین 13,13
مورد 11,11,12,13,13,13,13,13,13,13,13,3
موردش 13
موزه 11,11
موسوم 13,3
موسیقی 12
موضوع 13,3,3,48
موفق 11,11
موقع 13,13
موقعی 13
موقعیتی 13
موهبت 3
موهی 12
مُسندی 12
مکان 11
مکانهای 11,11,11,11
مکانی 12
مکتب 12,49
مکتوب 13
مکتوم 13
مگوش 13
میان 11,12,12,3,48,49
میانه 1,12,12,12,42
میانگین 12
میانی 12
میدانی 11
میراث 11,11,12,12,12,42
میزان 12
میسر 13
میسیونرهای 11
میلاد 12,12,12,13,13,13,3,3,3,49
میلادی 12,12,12,12,12,12,12,3
میلیون 12
ناآرامی 13,13
نابودی 13
ناحق 13
ناحیه 13
نادرست 13
نادیده 13
ناراحت 13
ناراضی 49
ناشناخته 11,12,12,12
ناشی 1
ناصرالدین 11,11
نافرمان 13,13
نامش 13
نامهٔ 12
نامیده 12,12,13,13,13,13,13
ناهمگون 3
ناوگان 49
ناپدید 13,13
ناپیدا 13
ناچیز 13
ناکام 3
ناگهان 13
نایتون 42
نباشد 13
نباید 13
نبرد 12,12,3
نبردند 12
نبردهای 3,49
نبردهایی 3,3
نبشته 13,13,13
نبود 12,3
نتیجه 11,12,13,13
نجات 11,11
نجبای 13
نحوه 13
نحوی 3
نخست 12,12,13,42
نخستین 12,12,12,12,13,13,13,13
نخورد 3
ندارد 12
نداشت 13,13,13,13
نرگس 12
نزدیک 11,12,13,13,13,42,49
نزدیکان 13
نزدیکی 1,11,12
نزوگوس 13
نسبت 48,48,54
نسخه 11,12,13,13,13,3,43,50
نسیم 1,12
نشان 12,12,13,13,49,49
نشانی 11,11,12,13,3,3,43,44,50
نظارت 11
نظامی 12,12,3,3,3,3
نظرسنجی 48
نظریه 1
نفاق 3
نفوذ 11,49
نفوذی 49
نقره 11,11,11,11
نقشبندی 12
نقصی 13
نقطه 11
نلدکه 13,13,13
نمازگاه 12
نمای 12,12
نمایندگان 12
نمود 13,13
نمودند 13
نموده 13
نمونه 49
نمونۀ 12
نهاد 13,3
نهایت 11,3,3
نهایتاً 13,3,3
نهضت 12
نهمین 13
نوادگان 12
نوار 11,12,13,3,43,44,50
نوامبر 10
نواهای 12
نوراجیک 42
نوردیک 42
نوزدهم 11,11,12
نوسنگی 1,11,12
نوشت 11
نوشتار 43
نوشته 12,12,12,12,13,49
نوشتهٔ 12
نومیجکت 12
نوگرای 12
نویان 12
نویسان 13
نویسندگان 11
نویسندگانی 13
نویسندگی 12
نوین 1,11,11,3,42,49
نوینی 3
نپرسیدند 13
نکات 13
نکته 13,13
نگارگری 12,12,12
نگاه 13
نگذشته 13
نگهبان 11,11,11,11,11
نگهبانان 13,13
نگهداری 49,49
نیاارمنی 42
نیامده 13
نیایش 49
نیرنگی 13
نیرومند 12,3
نیرومندی 13
نیروهای 3
نیروی 12,49
نیزهٔ 3
نیست 11,12,13,13,13,13,13,13,3,43,50
نیستند 3
نیمه 11
نیمی 11,11,48
نیکبخت 12
نیکلاس 13
هائوپت 13
هارون 13
هجری 12,12
هجوم 3,3
هخامنشی 13,13,13,49,49,49,49
هخامنشیان 13,49,49
هرات 12,12
هراس 13
هرتسفلد 11,13,13,13
هرتل 13
هرودوت 13,13,13,13,13,13,13,13,13,13,13,13,13,13,13,13,13,13,13,13,13,13,13,13,13,13,13,13,13,13,13,13,13,13,13
هرچند 11,12,12,13,3,43,50
هزار 11,11,12
هزاره 12,12,12,42,42,42
هزارهٔ 12
هزارۀ 12
هزینه 11,12
هستۀ 12
هشتم 49,49,49,49
هفتم 12,13,49,49
هفته 12
هفدهم 12
هلادیک 42
هلینیکوس 13
همان 11,12,13,13,13,13,13,3,3,3,3
همانجائی 49
همانند 49
همایش 12
همبستری 3
همخوانی 12
همدان 11
همراه 10,11,12,13,13,13,3,3,43,43,43,43,43,43,44
همراهى 11
همسر 13,3,3,3
همسرش 3
همنام 13
همهٔ 11,11,12,12,13,13,3,3,43,43,50,50
هموزن 11
همچنان 12,12,3
همچنین 12,13,13,13,13,13,42
همچون 13,13
همگان 13
همیشه 11,13
همین 11,12,12,12,13,13,3,43,44,50
هندویش 12
هندیان 3
هنرمندان 12,12
هنرهای 12
هنری 11,11,49
هنوز 11,13,13,13,13
هنگام 12,13,13,13,49
هنگامی 12,13,13,13
هنگامیکه 49
هنینگ 12
هوای 12,12,12
هوایی 12,12,12
هورامان 12
هویت 13
هیئت 11,3,3
هیاتهای 11
هیچگونه 13
واحد 43
واحهٔ 12
وارثانش 3
وارد 11,11,11,12,12,12,12,12,13,13,13,13,13,3,3,3,42,43,43,43,44,44,50,50,50
واقع 12,12,12,12,12,12,12,13,13
واقعاً 13
واقعه 13,13
واقعی 13,13,13
واقف 13
والی 12
وانگهی 3
واژه 1,1,12
واژهٔ 12,12,12,12,12
واژگان 12,12,12,42,42
وبگاه 12
وجههٔ 13
وجود 1,1,1,1,1,11,11,11,11,12,12,12,12,12,12,12,12,12,12,12,12,12,12,12,12,12,12,12,12,12,12,12,12,12,12,12,12,12,12,12,12,12,12,12,12,12,12,12,12,12,12,12,12,12,12,12,12,12,12,12,12,12,12,12,12,12,12,12,12,12,12,12,12,12,12,12,13,13,13,13,13,13,13,3,3,3,3,42,42,42,42,42,42,42,42,42,42,42,42,42,42,42,42,42,42,42,42,42,42,42,42,42,42,42,43,49,49,49,49,49,49,49,49,49,49,54,54,54
ورزیده 3
ورود 11,11,12
وزیر 11,12
وزیران 12
وسایل 11
وسعت 49
وسیابید 11
وسیله 13,13,13
وسیلهٔ 3
وشنوه 11
وفاداری 3
وقایع 11,12,13,13,13,13,13
وقایعی 13
وقتی 13,13
وقوع 11,13,13,13,3
ولایت 12,12
ولگای 12
ویتنام 12
ویران 12
ویرایش 10,11,12,12,12,12,12,12,12,12,42,42,42,42,43,49,49,54
ویشتاسپ 13,13
ویهارا 12
ویژه 11,12,12,13,13,3,43,49,50
ویژۀ 12
ویکی 11,12,13,3,43,50
پاتیزثیس 13
پادشاه 13,13,3,3,49
پادشاهان 12,12,12,13,13,13,13,13,13,49
پادشاهی 11,13,13,13,13,13,13,13,13,13,13,13,13,13,13,13,13,3,42,42,49
پارامترهای 13
پارت 13
پارتیا 13
پارس 11,13,13,13,13
پارسی 12,12,13,13,13,13
پارسیان 13
پارمیدا 13
پارک 42
پاریس 11
پانزدهم 3
پایان 11
پایتخت 11,12,12,3
پایدار 11,12,13,3,43,50
پایداری 1
پایه 12,13,49
پایهٔ 12
پایگاه 12,12
پاییز 12
پایین 12
پایینی 12
پدرش 3,3
پدید 12,13
پدیدآمدن 3
پدیدار 49,49
پذیرش 3
پراشک 13
پرانتز 54
پراکزاسپه 13,13,13,13,13
پراکندگی 12
پرداخت 11,12
پرداختند 12,12
پرداخته 11
پرداختی 11
پررنگ 12
پرستش 1,49
پرستشگاه 12
پرسید 13
پروران 12
پرورش 3
پروژه 11,11,11
پروژهای 11
پرکساسپ 13
پزشک 13
پسرانش 13
پسرش 13
پسری 12
پلوتارک 13,3
پنجم 12,12,13,49
پنجمین 12,13,49
پنهان 12,13
پنکهرست 43
پهناور 3
پوخار 12
پورفیریوس 13
پوست 13
پوشید 13
پوشیده 13
پولیئن 13
پولیانوس 13
پومپی 13
پومپیوس 13
پژوهش 11,11
پژوهشکده 11,11
پیاده 12
پیدا 11,49
پیرامون 11,11,11,12,12,12,12,13,13,13,3,3,3,43,43,43,44,50,50,50
پیروز 3
پیروزی 12
پیروزیهای 49
پیرکانیا 13
پیشتر 11
پیشگام 12
پیشگامی 12
پیشگویی 13
پیشین 11,11,11,12,13,3,43,49,49,50
پیشینه 12
پیشینۀ 12
پیمان 12
پیوست 12
پیوستن 12
پیوسته 13,13
پیوند 11,11,11,11,12,12,12,12,12,12,12,12,12,13,13,3,3,3,3,3,42,42,43,43,49,49,49,50,50,50
پیوندهای 11,12,13,3,43,49
پیچیده 13
پیکارهای 49
پیگیری 11
چارچوب 11
چالش 43
چشمه 12,12
چطور 13,13
چنانچه 13,13,13
چنانکه 12
چندان 13
چندی 3
چندین 3
چنگالی 49
چنگیز 12,12
چنین 12,12,13,13,13,13,49
چهاردهمین 13
چهارم 12,12,12,3,3,49
چهارمنار 12
چهارمین 3
چکیده 13
چگونه 13
چگونگی 11,12,13,3,43,50
چیزی 13,13,13,13
چینی 12,12
ژئوفیزیکی 11
ژاپنی 11
ژروم 3
ژوئن 12,12,3,3
ژوئیه 12,3
ژوئیهٔ 3,3
ژوستین 13,13,13,13
کاتاکومب 42
کادوسیان 13
کارآزموده 3
کاربرد 12,13
کاربری 11,11,12,12,13,13,3,3,43,43,44,50,50
کارش 50
کارشناس 11
کارشناسان 13
کارمانی 13
کارهای 11,13,48,49
کاری 12,13
کاساندان 13
کاستیری 42
کاشان 11
کامل 12
کاملاً 13,49
کانال 12
کانونی 13
کانگریت 42
کاوش 11,11,11,11,11,11,11,11,11
کاوشهای 11,11,11
کاوشگران 11
کتاب 11,12,12,13,13
کتابخانه 43
کتابش 3
کتزی 13
کتزیاس 13,13,13,13,13,13,13,13,13,13,13
کتسیاس 13,13,13,13,13,13,13,13,13,13,13,13,13,13,13,13,13,13,13,13
کتیبه 11,13,13,13,13,13,13,13,13,13,13
کرات 13
کرامات 12
کرانه 1
کردن 11,12,13,13,3,3,43,44,50
کردند 11,12,12,12,13,13,3,48
کرده 12,13,13,13,13,13,13,13
کرمانشاه 11
کروی 3
کرپوتر 11
کسانی 13
کشاورزی 12
کشته 13,13,13,13,13,13
کشور 11,11,11,11,13,13,13,49,49,49
کشورش 13
کشورشان 49
کشورهای 48,48,49,49
کشوری 12,13,3
کشید 3
کشیده 43
کلاسیک 11,11,13,13
کلان 12,12,12,12
کلاه 49
کلاهی 49
کلمه 13,13
کلچیان 42
کمان 13
کمبوجیه 13,13,13,13,13,13,13,13,13,13,13,13,13,13,13,13,13,13,13,13,13,13,13,13,13,13,13,13,13,13,13,13,13,13,13,13,13,13,13,13,13,13,13,13,13,13,13,13
کمتر 3,48
کمکی 12
کنار 12,12
کناری 11,12,13,3,43,44,50
کنترل 3,43
کنعانی 1
کنند 12,13
کنندگان 13
کنونی 12
کنگاور 11
کنید 42
کودتا 13
کودتای 13,13,13,13,13,13,13,13,13
کودکی 3
کوردد 42
کورش 11
کوروش 13,13,13,13,13,13,13,13,13,13,13,13,13
کوشیدند 12
کولوفن 13
کومتس 13,13
کونیگ 13
کوچه 12,12
کوچک 13,13,13
کوچکترش 13
کیونیگ 13
گئومات 13,13,13,13,13,13,13,13,13,13,13,13,13,13,13,13,13,13,13,13,13,13,13,13,13,13
گادابای 42
گاوکشان 12
گذاشت 13,3
گذشت 12
گذشته 11,12,13,49
گرایان 12
گردند 49
گردهمایی 11
گردید 12,49
گرشویچ 12
گرفت 11,13,13,13,13,13,3
گرفتن 12
گرفتند 12,49
گرفته 11,12,13,49
گرمَدپده 13
گرمی 12
گروه 11,11,11,12,13
گرچه 11,12,13,13,3,43,48,50
گزارش 12,13,13,13,13,13
گزنفون 13,13,13,13,13
گزیدند 12
گسترده 11,11,11,3,49
گسترش 11,11,11,11,12,49
گفتاوردهای 12,42
گفتن 13
گفته 12,12,13,13,13,13,13,13,3
گفتهٔ 12,3
گلاسککا 42
گمرک 11
گهواره 12
گواه 49
گورستان 11
گومت 13,13,13
گوناگون 12
گوناگونی 3
گونه 12,12,13,13
گونۀ 12
گویا 12,12,12
گویش 12
گویند 12
گیلان 11
یادآور 13
یادکرد 11,12,12,12,13,3,43,43,50
یادکردهای 12
یادگارهائی 49
یاریخ 1
یازدهم 11
یافت 11
یافته 13,3,49
یریحو 1
یعقوب 12
یعنی 12,13
یقین 13
یقیناً 13
یهودیان 12
یهودیه 49
یوان 12
یونان 3,3,3,3,3,49,49
یونانی 12,12,13,13,13,13,3,3,3,3,3
یونتیس 42
یونسکو 12,12,12,12,12
یوهانوس 13
یکدیگر 13,13,13,13,13,13
یکسان 13,13,13
یکصد 13
یکنفر 49
یگانه 13
