آموزش 3
آیتم 2
اجباری 2,5
احیای 4
اختیاری 2,5
اخیر 1,2,2,5,5
استان 4,4,4
اسکندر 4
اصلی 2,5
اضافی 5
اطلاعات 2,5
افراد 48
افزون 3
البر 4
العرب 4,4
المپیک 4,4
الگو 4,4,4,4,4,4
الگوی 5
الیمائی 5
امپراتوران 4
امپراتوری 4
امکان 5
انجام 5
اکتبر 4
ایزد 4,4
باستان 4,4,4,4,4,4,4
باستانی 4,4,4
برای 2,4,5
بسازید 5
بندری 4
بیشتر 2,4
تاریخی 4
تاریک 4
تجاری 4
ترنتیوس 4
تصادفی 2,5
تصاویر 2,5
تغییرات 2,5
تلفن 4
توسط 4
جزئیات 4
جعبه 4,5
حساب 2,2,5,5,5
خصوص 2
داده 2
دارای 4,5,5
دارد 2,5
دانشنامهٔ 5
دربارهٔ 2,4,4,4,4
دسترس 4
دعوت 5
دیگر 2,5
رعیتی 5
رنسانس 4
رویدادهای 2,5
زبان 3,4
ساحلی 4
ساخت 2,5
سازمان 4
ساعت 4
سامانه 2,5,5,5
سینای 4,4,4
شاهان 4,4
شرقی 4,4
شهرهای 4,4,4
شهری 3,4
شوید 2,2,5,5
صفحه 1,2,4,5
صفحهٔ 2,2,5,5
صورت 5
طراحی 3
عبارت 5
علامتی 4
غیرانتفاعی 4
قلمروهای 5
لاتین 4
مبتلا 48
متأخر 4
متصل 2
متعلق 4
محلی 3,4,4,5
مخزن 2
مسکونی 4,4
مشابه 4
مشاهده 4,4,4,4
معاصر 4
معتادان 48
مقدس 4
مواد 48
میانه 4
نسبت 48
نسخه 2
نشانی 5
نوار 5
نژاد 48
نیازمند 5,5
نیست 2,5
هرچند 2,5
همراه 5
همهٔ 1,2,2,5,5
همین 5
وارد 2,2,5,5,5
وجود 4,4,4,4,4,4,4,4,4,4,4,4,4,4,4,4,4,4,4,4,4,4,4,4,4,4,4,4,4,4,4,4,4,4,4,4,4,4,4,4,4,4,4,4,4,4,4,4,4,4,4,4,4,4,4,4,4,48,48,48,48,48,48,48,48
ویرایش 4,4,4,4,4
ویژه 2,5
ویکی 2,5
پایدار 2,5
پایه 4,4,4,48
پیرامون 2,5,5
پیشین 5
پیوند 1,2,2,2,4,4,5
چگونگی 2
کا 4
کاربری 2,5,5
کردن 5
کشور 4,4
کلیسایی 4
کناری 5
گرچه 2,5
یادکرد 2
یونان 4,4,4,4,4,4,4,4,4,4,4,4
یونانی 4,4
یونانیان 4
