آسیا 3
آفتاب 1
آفریقا 25,25
آیتم 25,26,52
اجباری 25,26
احتمالاً 3
اختیاری 25,26
اخیر 25,25,26,26
ارتش 3
اریحا 1
اسباط 26,26,26
استفاده 25,26,26,26,26,27,52
اسردوک 24
اسپانیا 52
اسپیرکین 24
اسکندر 3,3,3,3,3,3,3
اسکندریه 3
اصلی 25,26
اطلاعات 25,26,26,26,26,27
الگو 24,24
امروزی 3
امکان 25,26
انجام 25,26
انرژی 24
اورشلیم 26,26
اکنون 25
ایران 3,3
باستانی 24
بتکچنی 24,24
بدون 24
برای 24,25,25,26,26,3
بسازید 25,26
بیریوچک 24
بیشتر 24,25,25,26,26,52
تاتارهای 24,24
تاریخ 24,25,26
تاریخی 24,26,26,26
تجاری 24,24,24,25,26
ترجمهٔ 1
تصادفی 25,26
تصاویر 25,26,52
تعدادی 3
تغییرات 25,26
تلفن 24,25,26
تیولنی 24
جزئیات 24,25,26
جزیره 24
جعبه 25,25,26,26,26,26,26,27,27
جنسی 25,25
جهانگشایی 3
حدود 25
حساب 25,25,25,26,26,26
حصار 26
حقوقی 24
حمله 3,3
حکمرانی 3
خصوص 25,26,52
خطوط 24
خلیل 27
خودمختار 24,24,24
داده 25,26,52
دارای 24,24,25,25,26,26,27
دارد 25,26,52
دانشنامهٔ 25,25,26,26,27,52
داهومی 25,25,25
دربارهٔ 24,25,26,52
دروازه 26
دروازه_اسباط 26
دروازه_خلیل 27
دریای 24,24,24,24,24
دریایی 24
دسامبر 24
دسترس 24,25,26
دعوت 25,26
دیوارهای 26,26
دیگر 25,25,25,25,26,26,52,52,52,52
رسمی 52
رویدادهای 25,26
ساحلی 24
ساخت 25,26
ساختمان 26,26,26,27
ساخته 1
سازمان 24,25,26
ساعت 24,25,26
سالشمار 3
سامانه 25,25,25,26,26,26
سران 24,24
سنگینی 3
سپاه 3
سپتامبر 26
شمال 3
شهرهای 52
شوخی 3
شوید 25,25,26,26
شکست 3,3,3
صفجه 25,26,52
صفحه 24,25,25,25,25,25,25,26,26,26,26,26,26,52,52,52,52
صفحهٔ 25,25,25,26,26,26,52
صورت 25,26
صومعه 1
عازم 3
عبارت 25,26
علامتی 24,25,26
عنوان 3
غربی 25,25
غیرانتفاعی 24,25,26
فدراسیون 24
فدرالی 24
فرماندهی 3
قابل 25,26,52
قدیمی 25,26
قرار 26,52,52
قفقاز 24
قلمروهای 24,24,25,25,25
قوای 3,3
مالاگا 52,52,52
متحمل 3
متصل 25,26,52
متعلق 24,25,26
محتوای 25,26,52
محتویات 25,26,52
محلی 24
مختصات 25
مخزن 25,26,52
مردمان 24
مستند 24
مشابه 24
مشاهده 24
مطالعات 24
مقاله 1
مقدونی 3,3,3,3,3
موقع 3
میلاد 3,3,3,3,3
نامعلوم 26,26,26,27
نامیدن 24
نخستین 3
نسخه 25,26,52
نشانی 25,25,26,26
نقشه 52,52
نوار 25,26
نیست 25,26
هرچند 25,26
همراه 24
همهٔ 25,25,26,26,52
همچنین 3,3
همین 25,26
هوایی 25,25,52
وارد 25,25,25,26,26,26
وجود 24,24,24,24,24,24,24,24,24,24,24,24,24,24,24,24,24,24,25,25,25,25
ورخنی 24
وسیله 3,3
وضعیت 24
ویران 3
ویرایش 24,24,25,26
ویژه 25,26,52
ویکی 25,26
پارامترهای 26,26,26,27
پایان 3
پایدار 25,26,52
پیرامون 25,25,25,26,26,26,52
پیشین 24,25,25,25,26,52
پیوند 24,24,25,25,25,26,26,26,52,52
پیوندهای 25,26,52
چگونگی 25,26,52
ژوئن 25
کاربرد 52
کاربری 25,25,26,26
کردن 25,26
کریدور 24
کریمه 24,24,24,24
کشته 3
کشورهای 24
کشوری 25
کناره 24
کناری 25,26
گذشته 25,25
گرچه 25,26
یادکرد 25,26,52
