آرامي 9
آرگومان 1,1
آنالیز 1,1,1
آوردن 10
آگوست 10
آیتم 10,11,9
أوليان 9
اثبات 9,9
اجباری 10,11,9
اختیاری 10,11,9
اخیر 10,10,11,11,9,9,9
ارزی 10
استاندارد 1
استفاده 10,11,9
اسپکتروم 10
اشاره 9
اشتراک 10
اصلی 10,11,9
اطلاعات 10,11,9
اعداد 10,10,10,10,10,10,10,10,10,11,11,11,11,9,9,9,9,9,9
اعداد_اول_دوقلو 9
اعداد_اول_فیبوناتچی 10
اعداد_اول_ویلسون 11
افتخار 11
الامینی 10
الگوی 1,10,10,10,11,11,9,9
امکان 1,10,11,9
انجام 10,11,9
انگلستان 10
اولی 9
ایسنا 9
بازبینی 1,1
باشد 10,9
باشند 10
باید 10,11
بتوان 11
بدست 10,10
بدون 1,1
برابر 10
برای 1,10,10,10,10,11,8,9,9,9
بزرگ 11,9,9
بسازید 10,11,9
بنابراین 11
بهبود 9
بیان 11
بیشتر 1,10,10,11,8,9,9
تاریخ 1,1
تاکنون 9
تجاری 1,10,8,9
تحقیق 9
تصادفی 10,11,9
تصاویر 10,11,9
تعداد 10,10,11,9,9,9
تعميم 9
تغییرات 10,11,9
تقسیم 1,10
تلفن 10,8,9
تواند 9
توانيد 9
تکراری 1,1
ثابت 9,9,9
جزئیات 1,10,8,9
جمله 10,10,10,10,10,10
جواب 10
حساب 10,10,10,11,11,11,9,9,9
خبرگزاری 9
خصوص 10,11,9,9
داده 10,11,9
دارای 1,1,1,1,10,10,10,11,11,8,9,9,9
دارد 1,10,11,9,9
دارند 9,9
دانشمند 11
دانشنامهٔ 10,10,11,11,9,9
دانیم 10,10,11
دربارهٔ 10,11,9
دسترس 1,10,8,9
دعوت 10,11,9
دلخواه 9
دنباله 10,11
دوقلو 9,9,9,9,9
دکتر 9
دیگر 10,11,9,9,9
رایانش 1
رایانه 1
روابط 10
رویدادهای 10,11,9
ریاضی 11
ریاضیات 10,11
زبان 8,8
ساخت 10,11,9
سازمان 1,10,8,9
ساعت 1,10,8,9
سامانه 1,10,10,10,11,11,11,9,9,9
سەرەتایی 9
شرطی 11
شوند 9
شوید 10,10,11,11,9,9
صادق 10
صفجه 10,11,9
صفحه 1,10,10,10,10,10,10,11,11,11,11,11,8,9,9,9,9,9
صفحهٔ 10,10,10,11,11,11,9,9,9
صورت 10,11,9,9
طوري 9
عبارت 10,11,9
عباس 10
عددی 11
علامتی 1,10,8,9
علمی 10
علوم 1,1
عمومی 10,10,10,10,10,10
غیرانتفاعی 1,10,8,9
فاصله 9,9,9
فاکتوریل 11,11,11
فراخوانی 1
فرضیه 9
فوریهٔ 1
فیبوناتچی 10,10,10,10,10,10,10
فیبوناچی 10
قابل 10,11,9,9
قرار 10
قضیه 11
قطعی 9
كردند 9
كوچك 9
مانند 9
مايِر 9
متصل 10,11,9
متعلق 1,10,8,9
مجله 10
محتوای 10,11,9
محتویات 10,11,9
محسوب 9
مخزن 10,11,9
مدیریت 1
مرداد 9
مسئله 9,9
مسائل 1
مسایل 10,11,9
مطرح 9
معادله 10
معني 9
مهمی 9
موجود 11
میلیون 9
نامتناهی 9,9,9
نتيجه 9
نتیجه 10
نسخه 10,11,9
نشان 9,9,9,9,9
نشانی 1,1,1,10,10,11,11,9
نشده 10,11,9
نمایش 10
نهايت 9
نوار 10,11,9
نیاز 1
نیست 10,11,9,9
هرچند 10,11,9
همان 10
همهٔ 10,10,11,11,9,9
همچنین 1
همیشه 9
همین 1,10,11,9
واحد 9
وارد 1,1,10,10,10,11,11,11,9,9,9
واژگان 8
وجود 1,9,9,9,9,9,9,9
ويلسون 11
ویرایش 1,10,8,9
ویلسون 11,11,11,11,11
ویژه 10,11,9
ویکی 10,11,9
يافت 9
يعني 9
يِلديريم 9,9
٢٠٠٤ 9
پایدار 10,11,9
پينتز 9
پیرامون 1,10,10,10,11,11,11,9,9,9
پیشین 10,11,9
پیوند 10,10,10,10,10,11,11,11,8,9,9
پیوندهای 10,11,9
چراکه 9
چقدر 9,9
چگونگی 10,11,9
ژانگ 9
ژوئن 10
ژوئیهٔ 8
کاربری 10,10,11,11,9,9
کردن 1,10,11,9
کمتر 9
کناری 10,11,9
گروه 10
گرچه 10,11,9
گلدستن 9
گوناگون 1
گونه 11
گویند 10
یادکرد 10,11,9
