آتیک 13
آسان 12
آسانی 12
آیتم 12,13
ابن_سهل 2
اتروسکی 13
اثبات 12,12,12
اجباری 12,13,31
اختیار 12
اختیاری 12,13,2,31
اخیر 12,12,13,13
ازای 12
اساسی 12,12
استفاده 12,13,13
اسلام 2
اصلی 12,13,31
اطلاعات 12,12,13,31
اعداد 12,12,12,12,12,13
اعداد_زائد 12
اعداد_عربی 13
الگوی 13,2
امکان 12,13,2,31
انجام 1,12,12,13,2,31
اولند 12
اکتبر 31
ایران 2
بابلی 13
باشد 12,12,12,12,12,12
باشند 12,12,12,12
باعث 12
باید 12,12
بدهیم 12
بدون 12,31
برابر 12
برای 11,12,12,12,13,30
بردیم 12
برهمی 13
بزرگ 12,12
بزرگتر 12,12,12,12,12
بسازید 1,12,13,2,31
بعدی 12
بنابر 12
بنابراین 12,12
بودن 12
بگیریم 12
بیشتر 11,12,12,13,30
تامی 12
تایلندی 13
تجاری 11,12,30
ترتیبی 13
تصادفی 12,13
تصاویر 12,13
تغییرات 12,13
تقسیم 12
تلفن 1,11,12,30
ثابت 12
جزئیات 11,12,30
جستجو 12,12
جستجوی 12,12
جملهٔ 12
جوابی 12,12
حاصل 12
حالی 12
حساب 1,12,12,13,13,13,2,2,31,31,31
حکمی 12
خاور 13
خصوص 12,13
خواهد 12,12
داده 12,13
دارای 12,12,13,13,13,2
دارد 12,12,13
دانشنامهٔ 12,12,13,13,2,31
دربارهٔ 12,13
دسترس 11,12,30
دعوت 1,12,13,2,31
دیده 12
دیگر 12,13,13
دیگری 12
راست 12
رساندن 12
روشنی 13
روشی 12
رویدادهای 12,13,31
زائد 12,12,12,12,12,12,12,12,12,12,12,12,12,12,12,12,12,12,12,12
زائدند 12
زبان 13,13,2
زحمت 12
زوجی 12,12,12,12
زوجیت 12
زیاد 12,12
زیرا 12
ساخت 12,13,2,31
ساده 12
سازمان 11,12,30
ساعت 11,12,30
سامانه 12,12,12,13,13,13,2,2,2,31,31,31
سانسکریت 13
سایر 12
سپتامبر 11
سیامک 12
سیریلیک 13
شرقی 13
شروع 12
شمارشی 13
شوید 12,12,13,13,2,31,31
صحیح 12,12,12,12,12,12,12
صحیحی 12
صفجه 12,13
صفحه 12,12,12,12,12,12,13,13,13,13,13,30
صفحهٔ 12,12,12,13,13,13,31
صورت 12,12,12,12,12,12,12,12,13,2,31
ظاهراً 12
عبارت 12,12,12,13,2,31
عبارتی 12
عبری 13
عددی 13
عراقی 2
عربی 13,13
علامتی 11,12,30
عملاً 12
عناوین 13
عوامل 12
غیرانتفاعی 11,12,30
فارسی 13
فاصلهٔ 12
فردی 12,12,12
فعلاً 12
فهرست 12
قابل 12,13
قبیل 12
قرار 12
قرون 2,2
قضیه 12,12,12,12,12,12
قضیهٔ 12,12,12
مانند 12
مایایی 13
مبحث 12
متصل 12,13
متعلق 11,12,30
مثبت 12,12
مثبتی 12,12
مثلاً 12
مجموع 12,12,12,12,12,12,12,12
محتوای 12,13
محتویات 12,13
محلی 13
مخالف 12
مخزن 12,13
مربوط 13
مشابه 13
مضارب 12,12,12
مضرب 12
معادله 12
معادلهٔ 12
معلوم 12
مقدار 12
مقسوم 12,12,12,12
منبع 31
مورد 12
ناقص 12,12
ناکمتر 12,12
نتایج 12
نتیجه 12,12,12,12,12,12,12
نسبت 12,12,12
نسخه 12,13
نشان 12,12
نشانی 1,12,13,13,2,31
نوار 12,13,2,31
نوشت 12
نیست 12,12,13,31
هرچند 12,13,2,31
همهٔ 12,12,13,13
همین 12,13,2,31
هندوستان 13
وارد 12,12,12,13,13,13,2,2,31,31,31
واضح 12
واقع 12
واقعیت 12
واژگان 13,13,2
وجود 12,13,13,13,13,13,13,13,13
ویرایش 11,12,30
ویژه 12,13
ویکی 12,13
پایدار 12,13
پایه 13
پیرامون 12,12,12,13,13,13,2,31,31
پیشین 12,13
پیوند 12,12,12,13,13,13,13
پیوندهای 13
چهار 13
چگونگی 12,13
ژانویهٔ 30
ژاپنی 13
ژوئیهٔ 12
کاربری 1,12,12,13,13,2,2,31,31
کافی 12
کرانی 12
کردن 12,13,2,31
کناری 12,13,2,31
کنیم 12
کوچک 12,12,12,12
کوچکتر 12,12
گرچه 12,13,31
گفته 13
یادکرد 12,13
یافتن 12
یعنی 12,12,12
