آثار 14,14
آنان 14,14
آوریل 15
آیتم 15,16,17
اثبات 31
اثباتی 31
اجباری 15,16,17
اختیاری 15,16,17
اخیر 15,15,16,16,17,17
ارائه 14
ارجاع 15,15,17
اردیبهشت 2
ارقام 15
اروپائی 14
اروپایی 14
اساسی 16
استفاده 15,15,16,2
اسلام 2
اسلامی 14,2
اشاره 16
اصطلاح 14
اصطلاحات 14
اصطلاحاتی 14
اصلی 15,16,17
اطلاع 14
اطلاعات 15,16,17,31
اظهار 14
اعداد 14,14,14,14
اعدادی 14
افکار 15
العلاء 2
الگو 16,16,2,2
امروزه 15
امکان 15,16,17
ان_رقمی 15
انتگرال 16,16,16
انتگرال_حجمی 16
انتگرالگیری_جزء_به_جزء 17
انجام 15,16,17
اوایل 14
اولین 15
اکتبر 31
ایجاد 31
ایرانی 15,2
باشد 15
باعث 31
بدون 14,15,15,15,15,31,31,31
برای 14,14,14,15,15,15,16,16,16,17,31,31
برخی 14
برطبق 15
بسازید 15,16,17
بوده 31
بیشتر 14,15,15,16,16,17,31,31
بینهایت 15
تابع 16,16
تاریخ 31
تجاری 14,15,16,31
ترجمهٔ 14
تصادفی 15,16,17
تصاویر 15,16,17
تعداد 15
تعریف 16
تغییرات 15,16,17
تلفن 14,15,16,31
تمدن 2
تنسور 16
توسّط 14,14
جدید 31
جزئیات 14,15,16,31
جهان 2,2,2
حجمی 16
حدس_ضعیف_گلدباخ 32
حساب 15,15,15,16,16,16,17,17,17
حسابان 16,16
خارج 16
خصوص 15,16,17
داده 15,16,17
دارای 16,16,17,32
دارد 15,16,16,17
داشته 15
دامنه 16,16
دانش 2
دانشنامهٔ 15,15,16,16,17,2,32
دربار 2
دربارهٔ 15,16,16,17,2
دسترس 14,15,16,31
دعوت 15,16,17
دلیل 31
دورهٔ 14
دیده 14
دیفرانسیل 16,16,16,16
دیگر 15,16,17
رابطه 2
رقمی 15,15
رویدادهای 15,16,17
ریاضیات 14,31
ریاضیدان 15
زبان 16,16
زمان 15
ساخت 15,16,17
سازمان 14,15,16,31
ساعت 14,15,16,31
سامانه 15,15,15,16,16,16,17,17,17
سعید 2
شروع 15,15
شناخت 14
شوید 15,15,16,16,17,17
شکست 2
صفجه 15,16,2
صفحه 14,15,15,15,15,16,16,16,16,16,17,17,2,31
صفحهٔ 15,15,15,16,16,16,17,17,17
صورت 15,16,16,17
ضریر 2
ضعیف 32
طلایی 2
عبارت 15,16,17
عبدالحمید 2
علامتی 14,15,16,31
عیسی 2,2
غیرانتفاعی 14,15,16,31
قابل 15,15,15,16,17,17
قدیمه 2
لطفاً 15
مبتنی 31
متحاب 14
متصل 15,16,17
متعادل 14,14,14
متعلق 14,15,16,31
محاسبات 15
محتوای 15,16
محتویات 15,16,17
محدود 15
محدوده 16
محمد 2,2
مختصات 16,16
مخزن 15,16,17
مرتبط 16
مسلمان 2
مسکوت 15
مشاهده 16,2
مطالب 15
مطرح 15
معرفی 14
معرّفی 14,14
مقالات 14,16
مقدار 16
ممکن 15,31
منابع 15
منبع 15,31,31
موازی 14
مورخان 14
موسی 2
موضوع 15
مکعب 16
نامشخص 15
ناکامل 31
نتیجه 16
نخستین 14
نسخه 15,16,17,2
نشانی 15,16,16,17
نشده 31
نمایش 2
نهایت 15
نوار 15,16,17
نوشتار 15
نیازمند 14
نیست 15,16,17
نیوتن 15,15
نیوتنی 15
هرچند 15,16,17
هفدهم 14
همان 14
همهٔ 15,15,16,16,17,17
همین 15,16,17
واحد 16
وارد 15,15,15,16,16,16,17,17,17
واقع 31
واژگان 16,16
وجود 15,15,16,16,16,16,16,16,16,16,16,2,2,2,3,31
ویرایش 14,15,16,16,2,31
ویژه 15,16,17
ویژگی 14
ویکی 15,16,17
پارامتر 17
پایدار 15,16,17
پرداخته 14
پیرامون 15,15,15,16,16,16,17,17,17
پیشین 15,16,2
پیوند 15,15,15,16,16,16,17,17
پیوندهای 16,17
چالش 15,31
چگونگی 15,16,17
ژوئیهٔ 14
کاربری 15,15,16,16,17,17
کتاب 14
کردن 15,16,17
کرده 14
کشانده 15
کشیده 15,31
کناری 15,16,17
گذاردن 15
گرچه 15,16,17
گلدباخ 32
گوناگون 14
گوناگونی 14
یادکرد 15,15,16,17
یافت 31
یوسف 2
یکدستی 14
