آفست 22,22,22,22
آندرس 32
آنگاه 32
آیتم 21,22,23
اتحادیه_جهانی_ریاضیات 3
اثبات 32,32,32
اجباری 21,22,23
احتمالاً 21
اختیاری 21,22,23
اخیر 1,21,21,22,22,23,23
ارزی 22,22
اساس 32
اساسی 21
استفاده 21,22,23
اسکندریه 21
اصلی 21,22,23
اطلاعات 21,22,23
اعداد 22,22,22,23,23,32,32,32
افلاطون 21
التكامل 22
المعدة 23
الگو 21,21
الگوی 2,21,21,22,22,23,32
امکان 21,22,23
انتگرال 22,22,22,22,22,22,22,22,22
انجام 21,22,23
اهالی 21
اکتبر 32
ایران 2
ایفا 22
اینجا 22
باستان 21,21
باشد 22,32
برابر 22
برای 2,21,21,22,22,23,32,32,32
بزرگ 32
بسازید 21,22,23
بسیار 22
بسیاری 22
بیشتر 2,21,21,22,22,23,32
تئائتتوس 21
تابع 22,22,22,22,22,22,22
تابع_انتگرال_لگاریتم 22
تابع_شمارش_اعداد_اول 23
تاریخ 21,21
تجاری 2,20,21,22,32
ترجمهٔ 21
تصادفی 1,21,22,23
تصاویر 21,22,23
تعداد 22
تعریف 22,22
تغییرات 1,21,22,23
تقریب 22
تلفن 2,20,21,22,32
توان 22
توجه 22
توجهی 22
توسط 32,32
ثابت 22
جزئیات 2,21,22,32
جمله 22
جهانی 3
حدوداً 22
حساب 21,21,21,22,22,22,23,23
خصوص 21,22,23
خوبی 22
داده 21,22,23
دارا 22
دارای 2,2,2,21,21,22,22,22,23,32,32
دارد 21,22,22,22,23
دانشنامهٔ 21,21,22,22,23,3
درباره 21,32
دربارهٔ 21,21,22,23
درست 32
دسترس 2,21,22,32
دعوت 21,22,23
دهند 22,22
دوست 21
دیگر 21,22,22,23,23
رویدادهای 1,21,22,23
ریاضیات 21,21,3
ریاضیدان 21
زبان 2
ساخت 21,22,23
سازمان 2,20,21,22,32
ساعت 2,21,22,32
سامانه 21,21,21,22,22,22,23,23,23
سهمی 21
شاگردان 21
شمارش 22,23
شورای 3
شوید 21,21,22,22,23,23
صدری 21
صفجه 21,22,23
صفحه 2,21,21,21,21,21,22,22,22,22,22,22,23,23,23,23,32
صفحهٔ 1,21,21,21,22,22,22,23,23,23
صورت 21,22,22,22,22,22,22,23,32
ضعیف 32
عبارت 21,22,23
عراقی 2,2
علامتی 2,21,22,32
علمی 21,3
عنوان 22
غیرانتفاعی 2,20,21,22,32
فرزند 21
فیزیک 22
قابل 21,22,22,23
قرون 2,2
قضیه 22
للأعداد 23
لگاریتم 22,22,22,22,22,22
مارس 21
متصل 21,22,23
متعلق 2,20,21,22,32
مثلاً 22
محاورات 21
محتوای 21,22,23
محتویات 21,22,23
مختلف 22
مختلفی 22
مخزن 21,22,23
مساوی 22
مشاهده 21
معین 22
مقداد 22
منتظم 21,21
منسوب 21
میزند 22
میلاد 21
میلادی 32,32
مینگ 32
نسخه 21,22,23
نشانی 21,21,22,22,23
نظریه 21
نماد 22,22
نمایش 22,22,22,22
نوار 21,22,23,3
نوامبر 2
نوشته 21
نیست 21,22,23
هرچند 21,22,23
هفلگات 32,32
همهٔ 21,21,22,22,23,23
همین 21,22,23
وارد 21,21,21,22,22,22,23,23,23
والفیزز 22
واژگان 2
وجهی 21,21
وجود 21,21,21,21,21,21,21,21,21,22,22,3,32,32
ویرایش 2,21,21,22,32
ویژه 21,22,23
ویکی 21,22,23
پایدار 21,22,23
پیرامون 1,21,21,21,22,22,22,23,23,23
پیشین 21,22,23
پیوند 21,21,21,22,22,22,23,23
پیوندهای 21,22,23
چندین 22
چگونگی 21,22,23
ژانویه 21
کاربرد 22,22,22,22,22
کاربری 21,21,22,22,23,23
کامل 32
کتاب 21
کردن 21,22,23,3
کلاسیک 21
کمتر 22
کناری 21,22,23,3
گرچه 21,22,23
یادکرد 21,22,23
یونان 21,21,21,21,21
