آلمانی 24
آورند 23
آیتم 24,25,26
اجباری 24,25,26,3,33
اختیاری 24,25,26,3,33
اخیر 24,24,25,25,26,26,3,33
اساس 23
استفاده 24,25,26,26
اصلی 24,25,26,3,33
اطلاعات 24,25,26,3,33
اعداد 23,23,23,23,23,23,33
افتخار 24
اقلیدس 26
الگوی 23,23,24,24,26,33
امکان 24,25,26,3,33
انتگرال 23
انجام 24,25,26,3,33
اولین 26
باشد 25
بخصوص 26
برای 23,23,23,23,23,23,24,24,25,25,26,26,26,3,33
بررسی 23
برقرار 23,23
بسازید 24,25,26,3,33
بعبارتی 26
بلکه 26
بکار 26
بیان 23
بیشتر 23,24,24,25,25,26
بیضی 25
تابع_منگولد 24
تابعی 23
تبدیل 25,25
تبهگنی 25,25
تبهگنی_ 25
تجاری 23,24,25
تدریس 26
تصادفی 24,25,26,3,33
تصاویر 24,25,26
تعداد 23,23,23
تعریف 23,23,24
تعلق 25
تغییرات 24,25,26,3,33
تقریب 23,23
تلفن 23,24,25
تناسب 26
تناسب_ 26
توانستند 23
تکنیک 26
ثابت 23,23,23
جزئیات 23,24,25
جستارهای 25
جملهٔ 26
حالت 25
حالتی 25
حدس_کرامر 33
حساب 24,24,24,25,25,25,26,26,26,3,3,33,33
خانواده 25
خصوص 24,25,26
داده 24,25,26,26
دارای 23,23,24,24,24,25,25,25,26,26,33
دارد 23,24,25,26
دارند 26
دانشنامهٔ 23,24,24,25,25,26,26,33
درباره 33
دربارهٔ 24,25,26
دسترس 23,24,25
دعوت 24,25,26,3,33
دقیق 23
دهند 23
دوسارارت 23
دیگر 24,25,25,25,26
رابطه 23,23
روابط 24
رویدادهای 24,25,26,3,33
ریاضیات 23,25,25,26
ریاضیدان 24
زبان 25,25,26,26,26
ساخت 24,25,26,3,33
سادهٔ 26
سازمان 23,24,25
ساعت 23,24,25
سامانه 24,24,24,25,25,25,26,26,26,3,3,3,33,33,33
سپتامبر 24
شعاع 25
شمارش 23
شوید 24,24,25,25,26,26,3,3,33,33
صفجه 24,25,26
صفحه 23,23,24,24,24,24,25,25,25,25,25,26,26,26,3,33
صفحهٔ 24,24,24,25,25,25,26,26,26,3,3,33,33
صورت 23,24,25,26,3,33
طبیعی 23
طریق 26
عبارت 24,25,26,3,33
عددی 23
علامتی 23,24,25
عناصر 25
عنصری 25
غیرانتفاعی 23,24,25
فرانسوی 23
قابل 24,24,25,26,26
ماننده 23
مباحث 26
متصل 24,25,26
متعلق 23,24,25
متفاوت 25
متناسب 26
مجهول 26
محاسباتی 26,26
محتوای 24,25,26
محتویات 24,25,26
محدوده 23
محسوب 26
محیط 25
مخزن 24,25,26
مشاهده 23
مشهور 23
معمولاً 25
مقدار 26
مقداری 26
منبع 26
منگلولد 24
منگولد 24
نامیده 24
نزدیک 23,25
نسخه 24,25,26
نشان 24
نشانی 24,25,25,26,3,33
نقطه 25
نماد 23,23,24
نمایش 23,23
نمونهٔ 26
نوار 24,25,26,33
نوعی 24
نیست 24,25,26,3,33
هرچند 24,25,26,3,33
همهٔ 24,24,25,25,26,26,3,33
همین 24,25,26,3,33
وارد 24,24,24,25,25,25,26,26,26,3,3,3,33,33,33
واژگان 25,25,26
وجود 23,23,23,25,3
ویرایش 23,24,25
ویژه 24,25,26
ویکی 24,25,26,3,33
پاره 25
پایدار 24,25,26
پیرامون 24,24,24,25,25,25,26,26,26,3,3,33,33
پیشین 24,25,26
پیوند 24,24,25,25,25,26,26,33
پیوندهای 24,25,26
چنان 25
چگونگی 24,25,26
کاربری 24,24,25,25,26,26,3,3,33,33
کانونش 25
کرامر 33
کردن 24,25,26,33
کناری 24,25,26,33
کوچک 23
گرچه 24,25,26,3,33
یادکرد 24,25,26
یافتن 26
