آرام 34
آمده 34
آیتم 1,3,33,34,35
آیسبرگ 34
اثبات 35
اجباری 27,34,35
اجرا 34
اجرای 34
احمد 34
اختیاری 27,34,35
اخیر 33,34,34,35,35
استفاده 33,34,34,35,35
اشتباه 34
اصلی 27,34,35
اطلاعات 27,34,35
اعداد 33,33,33,33,35,35,35,35
اعمال 33
الگو 34,34
الگوی 27,33,34,34,35,35
امکان 27,34,35
امین 33
انتخاب 34,34
انجام 27,34,35
انجمن 27
انگلیسی 27
اوّل 33,33
اویلر 33
اکتبر 34
بازگشت 34
باشد 33,33
بالا 34
باید 34,34
بخشی 34,34,34
بدست 34
بدون 27
برای 33,33,33,33,34,34,34,35,35,35
بررّسی 33
بزرگی 35
بسازید 27,34,35
بفهمیم 34
بنابراین 33
بنیادین 34
بوده 35
بیان 33
بیشتر 33,33,34,34,35,35
بیضوی 35,35,35
بیضویِ 35
تجاری 33,34,35
تحقیقات 35
تحلیل 34
ترجمه 34
تصادفی 27,34,35
تصاویر 33,34,35
تصور 34
تعریف 34,35
تغییرات 34,35
تفکر 34
تلفن 26,33,34,35
تلفیق 34
توجه 34,34
توسط 33
ثابت 33
ثابتِ 33
جاری 35
جان_ویلسون 27
جبری 35,35
جزئیات 33,34,35
حساب 27,27,34,34,35,35,35
حل_مسئله 34
خصوص 3,33,34,35
خم_بیضوی 35
خواننده 34
خوبی 34
داده 33,34,35
دارای 27,33,34,34,35,35
دارد 33,34,34,35
دارند 35
دانشنامهٔ 27,33,34,34,35,35
دراین 34
درباره 33
دربارهٔ 3,33,34,34,35
درست 33
درکی 34
دسترس 33,34,35
دعوت 27,34,35
دنیل 33
دیگر 33,34,34,34,34,35,35
رفتن 34
رنگی 34,34
روانی 34
روند 34,34
رویدادهای 27,34,35
رویکرد 34,34
ساخت 27,34,35
سازمان 33,34,35
ساعت 33,34,35
سامانه 27,27,27,34,34,34,35,35,35
سامانهٔ 34
سیستمی 34
شانک 33
شناختی 34
شوید 27,27,34,34,35,35
شویم 34
صفجه 33,34,35
صفحه 33,33,33,33,33,34,34,34,34,34,34,35,35,35,35,35,35
صفحهٔ 27,27,33,34,34,34,35,35,35
صورت 27,34,34,35
عبارت 27,34,35
عددِ 33
علامتی 33,34,35
علوم 3,3
عملیات 34
عنوان 34
غیرانتفاعی 33,34,35
فوریهٔ 33
فکری 34
قابل 33,34,35
قسمتی 34
قضیه 33
قضیۀ 33
لحاظ 35
متحده 3
متخصص 34,34
متصل 1,33,34,35
متعلق 33,34,35
متغیّرهای 35
مثلاً 35
محتاج 34
محتوای 33,34,35
محتویات 33,34,35
مختلط 35
مخزن 1,33,34,35
مراجعه 35
مراحل 34
مربوط 34
مرحله 34,34,34
مرور 34
مسئله 34,34,34,34,34,34,34,34,34,34,34,34,34
مسئلهٔ 34
مسطَّح 35
مسیری 34
مشاهده 34
مطرح 33,33,34
مطمئن 34
معادله 35
معلوماتی 34
معمولی 34
مقاله 35
مقایسه 34
ممکن 33
مناسب 34,34
منحنی 35,35,35,35,35
مهار 34
مهمی 35
مواردی 34
موجود 34
موقعیت 34
نداند 34
نرفته 34
نسخه 33,34,35
نشانی 27,34,35,35
نوار 27,34,35
نوامبر 35
نوعی 35
نگاه 34
نیازمند 34,34,34
نیست 27,33,34,35
نینداخته 34
هرچند 27,34,35
همهٔ 33,34,34,35,35
همین 27,34,35
وارد 27,27,27,34,34,34,35,35,35
وجود 3,3,3,3,3,3,3,3,34,34,34,34,34,34,34,35
وقتی 34
ویرایش 33,34,34,35
ویلسون 27
ویژه 33,34,35
ویکی 34,35
پادشاهی 3
پاسیفیک 3
پایدار 33,34,35
پیدا 35
پیرامون 27,27,33,34,34,34,35,35,35
پیشین 33,34,35
پیوند 1,3,33,33,34,34,34,35,35,35
پیوندهای 33,34,35
چگونگی 1,3,33,34,35
کاربردهای 35
کاربری 27,27,34,34,35,35
کاملی 34
کرامر 33,33
کردن 27,34,35
کرده 34
کردیم 34
کناری 27,34,35
کوچک 33
گرچه 27,34,35
گفتاوردهای 34
یادکرد 1,3,33,34,35
یاری 34
یافتن 34
یعنی 34
یکبار 34
