آمده 36,37,37
آیتم 27,36,37,38
ابتدا 36
اجباری 36,37,38
اختیاری 36,37,38
اخیر 27,27,36,36,37,37,38,38
ادامه 36
ارجاع 27,27
ارزش 38
استفاده 27,36,36,36,37,37,37,37,37,38,38
اصلی 36,36,37,38
اطلاعات 36,37,38
اعداد 38
اعشاری 38
اغلب 38
الگوریتم 36
الگوی 36,36,37,37,38
امکان 36,37,38
انجام 36,36,36,37,37,38
ایجاد 37
اینگونه 36
بدست 36,36,36,36,37,37,37
بدون 27
برای 27,36,36,36,37,37,37,37,38
برطبق 27
بسازید 36,37,38
بسیار 38
بعدی 36,37
بهبود 37
بیشتر 27,36,36,37,37,38
تابع 36,37,37
تجاری 36,37
ترتیب 36
ترکیبی 37
تصادفی 36,37,38
تصاویر 27,36,37,38
تصویرسنجی 3
تطبیق 37
تغییرات 27,36,37,38
تقریبی 36
تلفن 36,37
تنها 36
توجه 37
توسط 37
توسعه 36
جدول 36,37
جزئیات 36,37
جهان 38
جهانی 3
حالت 36
حساب 36,36,37,37,37,38,38,38
خالص 3,3
خصوص 27,36,37,38
خواهد 36,36,37
خواهند 36
خواهیم 36
دائماً 38
داده 27,3,36,36,36,37,38
دارای 36,36,36,37,37,38
دارد 27,36,37,38
دانش 3
دانشنامهٔ 27,36,36,37,37,38,38
دربارهٔ 27,36,37,38
درون 36
درونیابی 36,36,36,36,36,36,36,36,37,37,37,37,37,37,37
درونیابی_دوخطی 36
درونیابی_دومکعبی 37
دسترس 36,37
دستگاه 38,38
دعوت 36,37,38
دهدهی 38
دوخطی 36,36
دومکعبی 37
دیگر 27,36,36,36,36,37,37,38,38
روزانه 38
روند 37
رویدادهای 36,37,38
ریاضیات 37
زبان 36,36
ساخت 36,37,38
سازمان 36,37
ساعت 36,37
سامانه 36,36,36,37,37,37,38,38,38
سروکار 38
سطحی 37
سنجش 3
شوید 36,36,37,37,38,38
صفجه 27,36,37,38
صفحه 27,27,27,27,3,36,36,36,36,36,36,37,37,37,37,37,38,38,38,38
صفحهٔ 27,36,36,36,37,37,37,38,38,38
صورت 36,37,37,38
صورتی 37
ضرایب 37
عبارت 36,37,38
عددی 38
علامتی 36,37
علوم 3
غیرانتفاعی 36,37
فیزیک 3
قابل 27,27,3,36,37,38,38
قرمز 36
لطفاً 27,37
مؤسسات 3
مارس 36
مانند 37,38
متداول 38
متشکل 37
متصل 27,3,36,37,38
متعلق 36,37
متغیر 36,36
متمدن 38
مجدد 36
محتوای 27,36,37,37,38
محتویات 27,36,37,38
مخزن 27,3,36,37,38
مدرن 38
مدنظر 36
مربع 36,37,37
مشتق 37
مشتقات 37
مشخص 36,36,37,37
مطالب 27
معادلات 37
معادله 37
معمول 37
معمولی 36,37
مقادیر 36,37,37,37
مقاله 37
مقدار 36,36,37
مقدارهای 36
منابع 27
مورد 36
مکعبی 37
ناشناخته 36,37
نباشد 37
نباید 36
نتیجه 36
نزدیک 37
نسخه 27,36,37,38
نشان 36
نشانی 36,37,37,38
نقاط 36,36,37
نقطه 36,36,36,37
نهایی 36
نوار 36,37,38
نوامبر 36,37
نوشت 37
نوشتار 27
نیازمند 37,37,37
نیست 36,37,38
هرچند 36,37,38
هستند 36
همانطوری 36
همجوار 37
همسایه 37
همهٔ 27,27,36,36,37,37,38,38
همین 36,37,37,38
واحد 36,37,37
وارد 36,36,36,37,37,37,38,38,38
واژگان 36,36
وجود 3,3,3,3,3,3,3,3,36,37
ويلسون 27
ویرایش 36,37,37
ویژه 27,36,37,38
ویکی 27,36,37,38
پاسخ 36
پایدار 27,36,37,38
پایه 38
پایهٔ 38,38,38
پیرامون 27,36,36,36,37,37,37,38,38,38
پیشین 27,36,37,38
پیوسته 37
پیوند 27,27,36,36,36,37,37,37,38,38
پیوندهای 27,36,37,38
چهار 37,37,37
چگونگی 27,36,37,38
ژئودزی 3
ژوئن 37
کاربردهای 37
کاربری 36,36,37,37,38,38
کردن 36,37,37,38
کناری 36,37,38
کنید 36,37
گرچه 36,37,38
گفته 38
گوشه 37
یادکرد 27,27,36,37,38
یکسان 37
