آلبانیای 47
آنالیز 1,1
آوانگاری 47
آیتم 29,5
اجباری 29,48
اختیاری 48
اخیر 29,29,48,48
استفاده 29,5
اشاره 5
اصلی 29,48
اطلاعات 29,48
اعداد 5
الفبای 47
الگو 3,47,47,47,47,47
الگوی 48
امکان 48
انبار 47,47
انجام 48
ایتالیایی 47,47,47
ایلامی 47
بازبینی 1
بدون 1
برای 29,47,48
بسازید 48
بیشتر 29,47,5
تاریخ 1
تجاری 47
تشکیل 29
تصادفی 29,48
تصاویر 29,48,5
تغییرات 29,48
تلفن 47
جدید 47
جزئیات 47
حساب 48,48,48
خصوص 29,5
داده 29,5
دارای 1,47,48,5
دارد 1,29,48,5
دانشنامهٔ 29,48,5
دربارهٔ 29,47,47,47,5
دسترس 47
دعوت 48
دیگر 29,29,48,5
روبیک 29
رویدادهای 29,48
ریاضی 1
ریاضیدان 5
زاده 5
ساخت 48
سازمان 47
ساعت 47
سامانه 48,48,48
سپتامبر 5,5
شورای 3
شوید 48,48
صفجه 29,5
صفحه 29,29,29,29,47,48,5,5,5,5
صفحهٔ 29,29,29,48,48,5
صورت 48
عبارت 48
علامتی 47
علمی 3
علوم 3
غیرانتفاعی 47
فراخوانی 1
فرانسوا_پروت 48
فرانسوی 5
فوریهٔ 5
قابل 29,5
متصل 29,5
متعلق 47
متفاوت 47,47
متیو 5
محتوای 29,5
محتویات 29,5
مختلط 5
مخزن 29,5
مشاهده 3,47,47,47
مفهوم 1
موجودات 1
مکعب 29
میخی 47,47
نسخه 29,5
نشانی 48
نمایش 47
نوار 48
نوامبر 47
نیست 29,48
هرمن 5
هرچند 48
همهٔ 29,29,48,48,5
همین 48
وارد 48,48,48
وجود 1,3,47,47,47,47,47,47,47,47,47,47,47,47,47,47,47,47,47,47,47,47,47,47,47,47,47,47,47,47,47,47,47,47,47,47,47,47,47,47,47,47,47,47,47,47,47,47,47,47,47,47,47,47,47,47,47,47,47,47,47,47,47,47,47,47,47,47,5
ویرایش 47,47,47,47
ویژه 29,48,5
ویکی 29,48
پایدار 29,48,5
پروت 48
پرچم 47,47
پیرامون 29,29,48,48,5
پیشین 29,5
پیوند 29,29,29,47,48,5,5
پیوندهای 29,5
چگونگی 29,5
چینی 47,47
کاربری 48,48
کارهای 5
کردن 48
کناری 48
گرجی 47
گرچه 48
یادکرد 29,5
