آمده 41
آنسون 42
آیتم 41,42
اتصال 42
اجباری 28,4,41,42
اختیاری 28,4,41,42
اخیر 28,28,4,4,41,41,42,42
اخیراً 41
ادوین 41
ارتباط 41
ارزیابی 41,41,41
ازای 41
استثنایی 41,41
استفاده 3,40,41,41,41,42,42
استم 40,41,41
استیون 42
اشتقاق 41
اصلی 28,4,40,40,41,41,41,41,41,41,41,42
اضافه 41,41
اطراف 40,40
اطلاعات 28,4,41,42
الگوریتم 41
الگوی 40,40,41,41,42
امکان 28,4,41,42
انتهایی 41,41
انجام 28,4,41,41,42
اندازه 40
ایجاد 40,41,41
بازگشتی 40,40,41,41,41
باقی 41
ببرید 41
بدست 40,41
بدهند 41
بدون 40,41
برای 28,4,40,40,41,41,41,41,41,41,42,42,42
بسازید 28,4,41,42
بهینه 40
بکار 42
بیشتر 40,41,41,42
تبدیل 41
تجاری 40,41
ترتیب 41
تصادفی 28,4,41,42
تصاویر 28,41,42
تعداد 41
تعریف 40,41,41,41
تغییرات 28,4,41,42
تلاش 41
تلفن 40,41
تمام 41,41,41,41
توسط 41,41,41
توسعه 41
تولید 41
تونی 41
تکرار 40,40,41
تکرارهای 40
ثابت 41
جایزه 41
جدید 40,40,41,41,41
جدیدی 41
جزئیات 40,41
جیمز 41
حاصل 41
حالت 41
حداقل 41
حساب 28,28,28,4,4,4,41,41,42,42,42
خصوص 41,42
خوانده 41
خواهد 41
داده 40,41,41,42
دارای 40,41,41,41,42
دارد 28,41,42
دانشنامهٔ 41,41,42,42
دربارهٔ 41,42
دسامبر 40,41
دسترس 40,41
دعوت 28,4,41,42
دلخواه 41,41,41
دلیل 41
دهنده 41
دومکعبی 41,41
دیروز 41
دیگر 28,41,41,42,42
راست 40
رایانه 40,41,41
روند 40,40,41
رویدادهای 28,4,41,42
رویه 40,40,41,41,42
رویه_زیربخش_کتمول 41
رویه_کونز 42
ریاضی 41
زمینه 41
زیادی 40,41
زیبایی 41
زیربخش 40,40,40,41,41,41,41,41,41
ساخت 28,4,40,41,41,42
ساخته 40,41
سازمان 40,41
سازی 41
ساعت 40,41
سامانه 28,28,28,4,4,4,41,41,41,42,42,42
سطحی 40
شامل 41
شبکه 40,40,40,41,41,41,41
شرایط 40,41
شوید 28,28,4,4,41,41,42,42
شیوه 40,40,40,41,41,41
صافتر 41
صافتری 41
صافی 40
صفجه 1,3,41,42
صفحه 1,28,3,4,40,41,41,41,41,41,41,42,42,42
صفحهٔ 1,28,28,4,4,41,41,41,42,42,42
صورت 28,4,40,41,41,42
ضلعی 41
طراحی 42
ظاهر 42
عبارت 28,4,41,42
علامتی 40,41
عمومی 40,41
عنوان 41
غیرانتفاعی 40,41
فعلی 40
قابل 41,41,42,42
قبلی 41
قطری 40
لزوماً 40
ماتریس 41
ماشین 42
مبنای 41
متصل 41,41,42
متعلق 40,41
متوسط 41,41,41
محتوای 1,3,41,42
محتویات 1,41,42
محدود 41
مخزن 41,42
مرتبط 41,41
مرکز 41
مسئله 41
مستقیم 41,41
مستقیماً 40
مسطح 41
ممکن 41
منحنی 42
مکعبی 41
نامگذاری 42
نسخه 41,42
نشان 41,41
نشانی 28,28,4,41,42
نقاط 41,41,41,41,41,41
نقطه 41,41,41,41,41,41,41
نمایانگر 40
نمایی 41
نوار 28,4,41,42
نوامبر 40
نیست 28,4,40,41,42
هرنقطه 41
هرچند 28,4,41,42
همراه 41
همسایه 41
همهٔ 28,28,4,41,41,42,42
همین 28,4,41,42
وارد 28,28,28,4,4,4,41,41,41,42,42,42
وجهی 40,41,41,41,41,41
وجود 41
وزنهای 41
ویرایش 40,41
ویژه 28,41,42
ویکی 28,4,41,42
پالایش 40,41,41,41
پالایه 40,40
پایدار 41,42
پیرامون 1,28,28,3,4,4,41,41,41,42,42,42
پیشین 3,40,41,42
پیوند 28,28,4,41,41,41,42,42
پیوندهای 41,42
چندوجهی 41
چهار 40,42
چهارگوش 40
چگونگی 41,42
کاربردهای 41
کاربری 28,28,4,4,41,41,42,42
کارهای 41
کامپیوتری 41,42
کتمول 40,41,41,41,41
کردن 28,41,41,42
کلارک 40,41,41,41,41,41
کناری 28,4,41,42
کونز 42,42
گرچه 28,4,41,42
یادکرد 41,42
یکنواخت 41
