آوریل 4
آیتم 44,45
اتحادهای 28,28,28
اجباری 44,45,46
اختیاری 44,45,46
اخلاقی 43
اخیر 44,44,45,45
ارمن_لوران 5
استاندارد 28,44
استفاده 28,28,28,28,28,44,45
اسلامی 43
اسکولم 43
اصلی 44,45
اطلاعات 44,45
اعتقادی 43
افزایش 45
النفیس 43
الگو 43,43,43,43
امکان 44,45,46
امین 45
انتشارات 44
انتگرال 28,28,28,28
انجام 44,45,46
انواع 45
بازگشتی 43
باشد 44
باشند 45
باید 28
بدون 44,44,45
برابر 44,44
برای 28,28,4,43,44,44,45,45
بسازید 44,45,46
بنابراین 44
بهبود 45,45
بودن 43
بولی 43
بیشتر 4,43,44,44,45,45
تابع 45
تبدیل 28
تجاری 4,43,44,45
تسویر 43
تصادفی 44,45
تصاویر 44,45
تغییر 28,28
تغییرات 44,45
تقسیم 45
تلفن 4,43,44,45
تناظر 45
توابع 28
توان 28
توجه 28,45
تکین 43
ثابت 45
جزئیات 4,43,44,45
جعبه 5
جواد 44
حدود 28
حساب 44,44,44,45,45,46,46
خصوص 44,45
خواهد 44
داده 44,45
دارای 28,44,44,44,5
دارد 44,45
داشت 28
دانشنامهٔ 44,44,45,45,46,5
دربارهٔ 43,43,44,45
دسترس 28,4,43,44,45
دسته 43,43,45
دعوت 44,45,46
دیگر 28,44,44,45
راهنمایی 45
روابط 28
رویدادهای 44,45
ریاضی 43,46
ریاضیات 45,45
زاویه 44
زاویهٔ 44,44
زبان 28,28,44,44,44,44
زمانمند 43
زیادی 45
ساخت 44,45,46
سازمان 4,43,44,45
سازگاری 43
ساعت 28,4,43,44,45
سامانه 44,44,44,45,45,45,46,46,46
سرنویس 43
سرواژهٔ 44
سوترا 43
سپتامبر 44
سکانت 44,44
شامل 28,28,28
شناختی 43
شناساگر 45
شناساگر_ 45
شناساگرهای 45,45
شناساگرهایی 45
شهودگرایانه 43
شوید 44,44,45,45,46,46
صحیح 44
صفجه 44,45
صفحه 28,4,43,44,44,44,44,44,45,45,45,45
صفحهٔ 44,44,44,45,45
صورت 44,45,46
صوری 43
ضرایب_لاگرانژ 46
طبیعت 43,43
طبیعی 4
عبارات 28
عبارت 28,28,28,44,45,46
علامتی 4,43,44,45
علوم 43
غیرانتفاعی 4,43,44,45
فرایض 43
فرهنگ 44
فلسفه 43
قابل 44,45,45
قطری 4
قواعد 43
قیاسی 43
لاگرانژ 46
لطفاً 45
لوران 5
مارس 28
متصل 44,45
متعدی 4
متعلق 4,43,44,45
مثلثاتی 28
مجموعهٔ 4
محتواگرا 43
محتوای 44,45,45
محتویات 44,45
محلی 43
مخالف 44
مخرج 44
مخزن 44,45
مسندات 43,43
مشابه 43
مشاهده 43,43
مصوب 44
معنایی 43
معکوس 43,44
معین 28
مقاله 45
منطق 43,43,43,43,43,43,43
موضوعات 43,43,43
میرشکاری 44
ناتمام 43
ناشمارا 4
نباید 44
نتیجه 28
نحوی 43
نسخه 44,45
نشانی 44,44,45,46
نظریه 4,4
نمادهای 43
نمایش 44
نمایی 28
نمونه 28
نوار 44,45,46
نوامبر 45
نورث 43
نیازمند 45,45,45
نیست 44,45,46
هرچند 44,45,46
هستند 45
همسایه 45
همهٔ 44,44,45,45
همواره 28
همین 44,45,46
هندی 43
وارد 44,44,44,45,45,45,46,46,46
واژگان 28,44,44
وجود 28,28,4,4,4,4,4,43,43,43,43,43,43,43,43,43,43,43,43,43,43,43,43,43,43,43,43,43,43,43,43,44
وقتی 44
ویرایش 28,4,43,43,43,44,45,45
ویژه 44,45
ویکی 44,45
پایدار 44,45
پایه 4,4
پیرامون 44,44,44,45,45,45,46
پیرس 43
پیشین 44,45
پیوند 43,43,44,44,44,45,45
پیوندهای 44,45
چراکه 44
چگونگی 44,45
ژانویهٔ 43
کاربری 44,44,45,45,46,46
کتابی 28
کردن 44,45,46
کریپکه 43
کسینوس 44
کناری 44,45,46
کوهن 4
گرچه 44,45,46
گنتزن 43
یادکرد 44,45
یادگیرنده 45,45
یادگیری 45
یحیی 43
یونان 43
