آمده 49
آنتی 49
آوریل 5
آگاهی 49
آیتم 48,49,50,51
اجباری 49,50,51
اختیاری 49,50,51
اخیر 49,49,50,50,51,51
ادامه 49
اساسی 50
استراوس 51
استفاده 48,49,50,50,51
اسپلاین 6
اشاره 48
اصلی 49,50,51
اطلاعات 49,50,51
اعداد 48,48,48,48
اغلب 29
الدوال 49
الگو 3,49,49,50,50
الگوی 48,48,49,49,5,5,51
امکان 29,49,50,51,6
انتگرال 49,49,49,49,49,50
انجام 49,50,51,6
اوایل 29
اکتبر 48
ایجاد 29,29
اینکه 48
باشد 48,48
باشند 48
برآورده 1
برای 29,48,48,49,49,49,5,50,50,50,50,51
برداری 29
بسازید 49,50,51,6
بنیادی 29
بوده 48
بیان 29
بیستم 29
بیشتر 48,48,49,49,5,50,50,51
تجاری 48,49,5,50
تشکیل 29
تصادفی 49,50,51
تصاویر 1,49,50,51
تعریف 50
تغییرات 49,50,51
تكاملات 49
تلفن 48,49,5,50
تمایز 29
تنسور 50
توابع 49,49,49,49,49
تەواوکاری 49
جبری 29,29
جزئیات 48,49,5,50
جعبه 5
حساب 49,49,50,50,50,51,51,51,6
حسابان 50,50
حلقه 29
حوزه 29
خارج 50
خصوص 48,49,50,51
خصوصیات 29
داده 48,49,50,51
دارای 48,49,49,5,50,50,50,51
دارد 1,49,50,51
داشته 48
دانشنامهٔ 48,49,49,50,50,51,6
دربارهٔ 3,48,49,49,50,50,51
دسترس 48,49,5,50
دسته 48,48,48
دعوت 49,50,51,6
دقیق 1
دیفرانسیل 50,50
دیگر 1,29,49,50,50,51
رسته 29
رویدادهای 49,50,51
ریاضی 1
ریاضیاتی 29
ریاضیدان 48
زاده 48
زبان 50,50
ساخت 49,50,51,6
ساختار 29,29,29
سازمان 48,49,5,50
سازه 29
ساعت 48,49,5,50
سامانه 49,49,49,50,50,50,51,51,51,6,6
شامل 29
شناخته 48
شوید 49,49,50,50,51,51,6
صفجه 48,49,50,51
صفحه 1,48,48,48,49,49,49,49,49,49,5,50,50,50,50,50,51,51,51
صفحهٔ 48,49,49,49,49,50,50,50,51,51,51
صورت 49,50,51,6
صوری 29
طبیعی 48
طوری 48
عبارت 29,49,50,50,51,6
عبارتی 50
عددی 48,48,48,48
علامتی 48,49,5,50
غیرانتفاعی 48,49,5,50
فرانسوی 48
فراهم 29
فضاهای 29
فهرست_انتگرال_توابع_گویا 49
فهرستی 49,49
فوریهٔ 49,50
قابل 48,48,49,50,50,51,51
قاعده 50
قاعده_ضرب 50
قضیه_اردیش 51
لایبنیدز 50
مبانی 1
متحد 29
متصل 48,49,50,51
متعلق 48,49,5,50
محاسبۀ 50,50
محتوای 48,49,50,51
محتویات 48,49,50,51
مختلف 29
مخزن 48,49,50,51
مدول 29
مربوط 1
مرتبط 50
مشاهده 49,50
مشبکه 29
مشترک 29
مشتق 50
مطالعات 29
مطالعه 29
مفهومی 29
مقالات 50
مقدار 50
میدان 29
نسخه 48,49,50,51
نشانی 49,50,51,6
نظریه 29
نوار 49,50,51,6
نگاه 49
نیست 49,50,51
نەخشە 49
هایشان 29
هرچند 49,50,51,6
هستند 48
همراه 29
همهٔ 1,49,49,50,50,51,51
همین 49,50,51,6
هومومورفیسم 29
وارد 49,49,49,50,50,50,51,51,51,6,6
وارون 49,49
واژگان 50,50,50
وجود 3,48,48,49,50,50,50,50,50,50,50,50,50
وسیعی 29
ویرایش 3,48,49,49,5,50,50
ویژه 49,50,51
ویکی 49,50,51
پایدار 49,50,51
پروت 48,48,48,48
پیرامون 48,49,49,49,50,50,50,51,51,51,6
پیشین 48,49,50,51
پیوند 1,48,49,49,50,50,51,51
پیوندهای 48,49,50,51
چارچوبی 29,29
چگونگی 48,49,50,51
کاربری 49,49,50,50,51,51,6
کارهای 48
کامل 49
کردن 1,49,50,51,6
کناری 49,50,51,6
گروه 29
گرچه 49,50,51
گویا 49,49
یادکرد 48,49,50,51
