آدامار 52
آرگومان 53,53,53
آنگاه 53
آوریل 51
آیتم 52,53,6
اثبات 51,52,52,52
اجباری 52,53,6
احتمال 52,52
اختیاری 52,53,6
اخیر 52,52,53,53,6,6
ارزی 52
استاد 53
استاندارد 29,29,29,52
استراوس 51
استفاده 52,52,52,52,53
اصلی 29,29,52,53,6
اطلاعات 52,53,6
اعداد 52,52,52,52,52,52,52,52,52,52,52,52,52,52,52,53,53,53
الأعداد 52
القزوینی 53
الگو 29,29,29,53
الگوی 51,53,53
امکان 52,53
امین 52,53
انجام 52,53
انجمن 53
اندازه 52
انواع 29
اکتبر 52
ایده 52,52
اینچنینی 52
باشد 52,52,52,53,53
باید 52
بدون 53,53
بدین 52
برای 51,52,52,52,53,53,6
بررسی 52
برنارد 52
بزرگ 52,52
بسازید 52,53
بسیار 52
بنابراین 52
بهشتی 53
بودن 52
بیان 52,52
بیشتر 51,52,52,53,6
تابع 52,52,52,52,52
تجاری 51,52
تحقیقات 53,53
تحلیلی 29
تصادفی 52,52,52,53,6
تصاویر 52,53,6
تعداد 52,52
تعمیم 52,52,52
تغییرات 52,53,6
تلفن 51,52
توابع 52
توان 52,52,52
توجه 52
توزیع 52,52
توسط 51,52,53,53,53
توصیف 52
تکرار 52
تکراری 53,53,53
جبری 29,29
جداگانه 52
جزئیات 51,52
جستارهای 29
جمشید 53
جمهوری 3
جهانی 29
حالی 52
حداکثر 52,52,52,52
حدسی 51,53
حدسیه 53
حدود 52,52,52
حدوداً 52
حساب 52,52,52,53,53,53,6
حمید 53,53
خصوص 52,53,6
خواهد 53
داده 52,53,6
دارای 1,51,51,52,52,53,53,53,53
دارد 52,53,6
داشت 52
دانشنامهٔ 29,51,52,52,52,53,53
دانیم 52,52
درباره 52,52,53,53,53
دربارهٔ 29,29,52,53,53,6
درست 53,53
دسترس 51,52
دعوت 52,53
دقیق 52
دکتر 53,53
دیفرانسیل 29
دیگر 51,52,52,53,6,6
رویدادهای 52,53,6
ریاضی 1,53,53,53,53,53
ریاضیات 51
ریمان 52
زاهدی 53
زبان 52,52,52
زتای 52
زیرشاخه 1
ساتر 53,53
ساخت 52,53
ساختار 29,29
ساخته 53,53
ساده 52
سازمان 51,52
ساعت 51,52
سامانه 52,52,52,53,53,53,6
شمارنده 52
شهودی 52
شورای 29
شوید 52,52,53,53,6
شکاف 52
صحیح 52,52,52,52,52,52,52,52
صفجه 52,53
صفحه 51,52,52,52,52,52,53,53,53,53,53,6,6,6
صفحهٔ 52,52,52,53,53,53,6,6
صورت 29,29,51,51,52,52,52,53
صوری 52
طبیعی 52
عبارت 52,53
علامتی 51,52
علوم 3
عنوان 29,52
عیسی 53
غیراستاندارد 1
غیرانتفاعی 51,52
فراخوانی 53,53,53
فیروزبخت 53
قابل 52,52,53,6
قسمت 53
قضیه 52,52,52
قضیه_اعداد_اول 52
قضیه_فیروزبخت 53
لگاریتم 52
متصل 52,53,6
متعلق 51,52
مثال 29,51,52
مثبت 52,52
مجانبی 52
مجرد 29
مجموع 51
محتوای 52,53
محتویات 52,53
محسن 53
محمد 53,53
محمدتقی 53
مخزن 52,53,6
مرتبط 29
مسائل 51
مساوی 52
مستقل 52
مستند 29
مشاهده 29,53
مطالعه 29,29
مطرح 51,53
مظفر 53
معادلات 53,53
معادله 52,52,52
معرفی 52
معنی 52
معکوس 52
مفرد 52
مقدماتی 53
موجود 29
موسی 53,53
موضوعی 29
مولد 52
میان 52,52,52
میانگین 52
میزان 52
نادری 53,53,53,53
نتیجه 52
نزدیک 52
نسخه 52,53,6
نشانی 52,53,53
نشده 51
نصیرالدین 53
نظریه 52,52,52,52
نوار 52,53
نگردیده 51
نیست 52,53,6
هرچند 52,53
هستند 52
همهٔ 52,52,53,53,6,6
همین 52,53
واحد 29
وارد 52,52,52,53,53,53,6
واژگان 52,52
وجود 1,29,29,29,29,3,51,52
ویرایش 29,51,52,53
ویژه 52,53,6
ویکی 52,53,6
پاسخ 53,53,53
پایدار 52,53,6
پوسین 52
پیدا 52
پیرامون 52,52,52,53,53,53,6
پیشین 52,53
پیوند 52,52,53,53,53,6,6,6
پیوندهای 52,53
چارلز 52
چندین 1
چگالی 52
چگونگی 52,53,6
کاربری 52,52,53,53,6
کافی 52,52
کتابخانه 29
کردن 52,53
کمتر 52
کناری 52,53
کنترل 29
کوچکتر 52
گروه 29
گرچه 52,53,6
گویای 51
یادکرد 52,53,6
یگانه 53,53
