آوریل 57
آکادمی 58
آیتم 55,56,57,58
اتصال 6,6,6
اجباری 30,56,57,58
اجزای 56
اختیاری 30,56,57,58
اخیر 30,55,55,56,56,57,57,58,58
استاندارد 56
استفاده 55,55,56,56,57,6,6
اسفند 55
اسپیلاین 6
اصلی 1,30,55,56,57,58
اطلاعات 30,55,56,57,58
اعداد 55,55,55,55,55,55,57
الگو 1,56
الگوی 56,56,56,57,57,58
امروزی 55
امکان 30,56,57,58
انجام 30,55,56,57,58
اندازه 56
اکتبر 57
ایجاد 6
باشید 6
برای 30,55,55,55,55,55,55,56,56,57,57,58
بزرگی 56
بسازید 30,56,57,58
بگیرید 55
بیافزائید 55
بیشتر 55,55,56,56,57,57,58
تابع 6,6
تجاری 55,56,57
تشکیل 6
تصادفی 30,55,56,57,58
تصاویر 55,56,57,58
تعیین 56
تغییرات 30,55,56,57,58
تقریباً 6
تلفن 29,55,56,57
تمام 55,6
تناسب 56
تنها 57
توابع 6
توجه 57
توخالی 56
تولید 56
جایگزین 55
جزئیات 55,56,57
جمع_ 30
حالی 57
حساب 30,30,56,56,57,57,58,58,58
حقیقت 6
خارجی 58
خصوص 55,56,57,58
خواهد 6
داخلی 56
داده 55,56,56,57,58
دارای 55,56,56,56,57,57,58,58
دارد 55,56,57,58
دارند 6
داشت 57
داشته 6
دانشنامهٔ 30,55,56,56,57,57,58
دایرۀ 56
دربارهٔ 1,55,56,56,57,58
درجه 6,6
دسترس 55,56,57
دعوت 30,56,57,58
دقیق 6
دودویی 55
دونات 56
دیگر 55,56,56,57,57,58,58,6
رایانه 55
روشی 55
رویدادهای 30,55,56,57,58
ریاضی 30,57
زاویه 56
زبان 56,56,56,58
زیادی 55
ساخت 30,56,57,58
سازمان 29,55,56,57
ساعت 55,56,57
ساقه 56
سامانه 30,30,30,56,56,56,57,57,57,58,58,58
سپتامبر 55
شوید 30,30,56,56,57,57,58,58
شکلی 6
صحیح 55,55,57
صحیحی 57
صفجه 55,56,57
صفحه 30,55,55,55,55,56,56,56,56,56,56,57,57,57,57,58,58
صفحهٔ 30,30,55,55,56,56,56,57,57,58,58,58
صورت 30,56,57,57,58
طراحی 55
عبارت 30,56,57,58
عبارتی 6
عددی 55,57,57
علامتی 55,56,57
عمومی 55
غیرانتفاعی 29,55,56,57
قابل 55,55,56,57,57,58,58
قطاع 56
مؤلفه 56
مانند 57
مبنای 55
متصل 55,56,57,58
متعلق 29,55,56,57
مثال 6
مجموعهٔ 56
محتوای 55,56,57
محتویات 55,56,57,58
محدوده 55
مخزن 55,56,57,58
مدار 55
مساحت 56
مشاهده 1,56,6
مشتقات 6
مشخص 56,6
مطابقت 6
معایب 55
منحنی 6,6,6,6
منظور 56
موارد 57
مکمل 55,55,55
میان 56,6
میزان 56
ناخالص 56
نتیجه 57
نسبت 56
نسخه 55,56,57,58
نشانی 30,56,57,58
نقاط 6,6
نقطه 6
نمایش 55,55,56,57
نمودار 56,56,56,56
نمودار_دایرهای 56
نمودارهای 56,56
نموداری 56,56
نوار 30,56,57,58
نیست 30,56,57,58
نیمهصحیح 57
هارالد_کرامر 58
هرچند 30,56,57,58
همهٔ 30,55,55,56,56,57,57,58,58
هموار 6
همواره 6
همگی 57
همین 30,56,57,58
وابسته 58
واحد 55
وارد 30,30,30,56,56,56,57,57,57,58,58,58
واژگان 56,56,58
وجود 1,3,55,56,56,56
ورودی 6,6
ویرایش 55,56,56,57
ویژه 55,56,57,58
ویکی 30,55,56,57,58
پایدار 55,56,57,58
پیرامون 30,30,55,55,56,56,56,57,57,57,58,58
پیروی 56
پیشین 55,56,57
پیوند 55,55,56,56,56,57,57,58,58
پیوندهای 55,56,57,58
چقدر 6
چنان 6
چنانچه 55
چگونگی 55,56,57,58
کاربری 30,30,56,56,57,57,58,58
کرامر 58
کردن 30,55,56,56,57,58
کمان 56
کناری 30,56,57,58
گرچه 30,56,57,58
گوناگون 56
گونه 55
یادکرد 55,56,57,58
یکدیگر 6
یکنواخت 6,6
