آئین 49,49
آبان 8,8
آبرومندانه 7
آبیاری 12,42,42,42
آتسیز 8
آتشکده 12
آثار 10,10,10,10,10,10,10,10,11,11,11,11,11,11,11,11,13,13,13,13,13,13,2,3,42,42,42,49,7,7,8,8
آخرین 12,12,13,42,7
آخوند 2
آخِناتون 54,8
آدمیانی 42
آدولف 7
آدونیس 49,49,49
آذربایجان 11,2,2,7
آذوقه 7
آرام 49
آرامش 13,7
آرامگاه 12,3
آرامی 12,2,7
آرامیان 49
آرتاسیراس 13
آرشیو 42
آرمینا 13
آرگومان 12,12,12,42,44,48,8,8
آزاد 2,42,49,7,7,7,8,8
آزادانه 13
آزادسازی 7
آزادی 48,7,8
آزادیبخش 7
آزادیخواهان 7
آزار 7
آزمایشی 8,8,8,8,8
آزموده 2
آسان 7
آسایش 42
آستانه 8
آستیاگ 13
آستین 10
آسمان 49,49
آسمانی 54,54,8
آسیا 11,13,3,7,8
آسیاب 11
آسیای 12,12,12,12,12,12,12,12,12,3,42,49
آسیب 49
آشتر 49
آشنا 7
آشنایی 49
آشوبی 13
آشور 42
آشوری 42,7
آشوریان 42
آشکار 13,8
آشکارا 2
آشیلوس 13
آغاز 1,10,11,11,11,11,11,12,12,13,13,2,2,2,3,3,3,3,42,42,42,50,7,7,7,7,7,7,7,8,8,8,9
آغازین 8
آفریدن 49
آفریده 42,42
آفریقا 49,49,7,7,8
آفریقای 7,7,7,7
آقاخان 2,2
آقای 2,2,2
آلاسکا 7
آلبانی 7
آلمان 11,7,7,7,7,8
آلمانی 7
آلکسی 7
آلیا 8
آماتیس 49
آماده 12
آمار 48,8,8,8
آمتیس 13
آمدن 1,42,7
آمدند 12,7
آمده 12,13,2,42,42,49,54,8,8
آمریکا 11,48,7,7,7,8,8,8,8,9
آمریکایی 8,9,9
آمنحوتپ 54,8
آمودریا 12
آموزش 3,3,42
آموزشگاه 12,12,12
آموزشی 12
آمیانوس 13
آمیز 7,7,7,8
آمینو 10
آناتولی 12
آناستازیا 7
آنان 10,11,11,13,13,13,3,49,49,7,7,7,7,7
آنتوان 7
آنجا 13,13,2,2,49,49,7,7,8,8,8,8,8,8,8
آنجایی 13
آنزمان 11
آنطور 13
آنقدر 13
آنهالت 7
آنچه 12,13,13,42,8
آنکه 12,13,13,13,13,3,3,48,49,7
آنگاه 13
آهنگران 42
آوارۀ 8
آواز 7
آوازه 9
آورد 13,7,7,7,7,7,8,8
آوردن 8,9
آوردند 12,7,7
آورده 3,49,7
آوریل 42,42,42,7,7,7,7,7,7,7,7,8,8,8,8,9
آپینین 42
آژند 12
آکادمیسین 12
آگاثیاس 13
آگاه 13,13,48
آگاهی 10,13
آگوستا 7
آگوستن 7
آیات 2
آیتم 1,10,11,12,13,3,43,49,50,7,8,9
آیشمون 49,49
آیلند 8
آینده 8
آیندهٔ 8,8
آیین 12
آیینه 12
أریحا 1
أنوش 1,54,54,8
أُورُشَلِیمَ 8
ائتلاف 7,7,7
ابتدا 11,11,2,42,7,7,7
ابتدائی 49
ابتدای 12,7,7
ابتدایی 7
ابتکار 7
ابتکارات 49
ابداعی 42
ابدی 11
ابراز 13
ابراهیم 1,2,54,54,8,8
ابرقدرت 7
ابزار 10,3
ابزارهای 3
ابزارهایی 42
ابنیه 12,12,12
ابوالحسن 2
ابوالقاسم 12
ابوریحان 8,8
ابوعلی 8,8
اتحاد 3,7,7,7,7
اتحادی 8
اتحادیه 2,7
اتخاذ 8
اتریش 7,7,7
اتفاق 12,13,7
اتفاقیه 2
اتهام 7,7
اتیوپی 13
اجازه 10,12,2,49,8,8,8,8,8
اجازهٔ 8,8
اجاق 42
اجباری 10,11,12,12,12,13,3,43,49,50,7,8,9
اجتماع 2
اجتماعات 42
اجتماعی 10,10,12,42,42,42,42,43,48,7,7,7
اجتماعیون 2
اجرای 11,7
اجرایشان 3
اجرایی 10,8,8,8,8,8
اجماع 48
اجماعی 42
احاطه 3
احترام 49,7
احترامات 11
احتساب 42
احتمال 1,12,12,13,3,42
احتمالاً 13,13,3,3,3,3,42,49,8,8,8
احتیاطی 13
احداث 3,7,8,8,8,8
احساسات 49
احمد 12,12,12,12,12,12,12,2,2
احمدشاه 2
احکام 2,42
احیا 10
اخبار 13,13,13,13,13,13,13
اخباری 12,13,13,3
اختراع 13,49
اخترشناسی 3,3
اختصاصی 12
اختلاف 13,13,13,13,2,7,9
اختلافات 8,8
اختلافی 2
اختیار 10,13,3,42,48,49,8,9,9
اختیارات 2,9
اختیارشان 11
اختیاری 10,11,12,13,3,43,49,50,7,8,9
اخراج 8,8,9,9,9
اخلاق 7,7
اخوند 2
اخیر 10,10,11,11,12,12,13,13,3,3,43,43,49,49,50,50,7,7,8,8,8,9,9
اداره 11,11,11,13,3,8,8,8,8,8,8
اداری 10,7,8
ادامه 11,11,11,11,11,2,42,49,7,7,7,7,7,8,8,8
ادبی 42,42
ادبیات 11,12,42,42,8,8
ادعا 13,13,13,7,8,9,9,9
ادعای 7,8
ادغام 9,9,9
ادوارد 2
ادیان 8,8,8
اذعان 13
ارائه 13,13,2,42
ارابه 48,49
اراده 2
ارامنه 8
ارایهٔ 7
ارباب 7,7,7
اربابان 7
ارتباط 10,10,13,13,42,8
ارتباطات 8,8
ارتباطشان 12
ارتدکس 7,8
ارتش 7,7,7,7,7,7,7,7,7,7,7,7,7,7,7,7,8
ارتشی 3
ارتفاع 8,8,8
ارتفاعات 8
ارتق 8
ارتودکس 8,8
ارجاع 13,43,43,7,7
ارجاعات 9,9
اردشیر 13,3,49
اردلان 2
اردن 8,8,8,8,8,8,8,8,8,8,8,8,8
اردنی 8,8,8,8,8
اردو 8
اردوی 7
اردیبهشت 11,2,8,9
ارزش 1,12,13,8,8
ارزیابی 10
ارسالی 13
ارضی 7
ارغوانی 49,49
ارمغان 3
ارمنستان 7
ارمنی 8
ارواح 42
اروپا 10,11,12,12,12,3,3,7,7,7,8
اروپای 7,7,7,7,7,7,7
اروپایی 10,7,8
ارکان 2
اریحا 1,1,1,1,1,1
اریسمان 11
اریکا 8
ازبکان 12,12
ازبکستان 12,12,12,12,12,12,12,12
ازدواج 13,3,42,42,7,7,7
ازپای 7
اسارت 8
اساس 11,13,13,42,42,48,48,48,48,49,54,8,8,8,8,8,8,8,8,8,8
اساساً 8
اساسی 2,2,42,7,7,7,7,7,7,8,8,8
اساطیر 3,42,42
اساطیری 12,42
استان 11,2,2,2,2,8,8
استانبول 7,7
استانبولی 8,8
استاندارد 10,10,10,42,42,42,42,42,8,8,8,8,8,8,8,8,8,8,8,8,8,8,8,8,8,8,8,8,8,8
استانی 8
استبداد 2
استثنائی 13
استحکامات 8,8
استخدام 11,11,11,9,9,9
استخوان 10,10
استر 8
استرابو 13
استرابون 49
استراتژیک 8
استعفاء 7
استعمارگری 7
استعماری 7
استعمال 13
استفاده 1,10,10,10,11,12,12,12,13,13,13,13,3,3,3,3,42,42,42,42,42,42,42,42,43,49,49,50,7,7,7,7,8,9,9
استقلال 11,7,7,8
استناد 12,13,13,13,13
استوار 2
استوارانه 13
استیلا 13
استیلای 49
اسراء 8
اسرائیل 49,49,54,8,8,8,8,8,8,8,8,8,8,8,8,8,8,8,8,8,8,8,8,8,8,8,8,8,8,8,8,8,8,8,8,8,8,8,8,8,8,8,8,8,8,8,8,8,8,8,8,8,8,8,8,8,8,8,8,8,8,8,8,8,8,8,8,8,8,8,8,8,8,8,8,8
اسرائیلی 8,8,8,8,8,8
اسرائیلیِ 8
اسراری 13
اسراییل 8,8,8
اسطوره 12,42,42
اسعد 2
اسفند 2
اسقف 8
اسلام 12,12,12,54,8,8,8,8,8,8,8,8
اسلامی 11,12,12,12,12,8,8,8,8,8,8,8,8,8
اسماعیل 12,12,12,12,12
اسناد 13,13,42,42
اسنادی 13
اسپانیا 49,8
اسپانیایی 10,8
اسکان 8,8,8
اسکندر 3,3,3,3,3,3,3,3,3,3,3,3,3,3,3,3,3,3,3,3,3,3,3,3,3,3,3,3,3,3,3,3,3,3,3,3,49,49,49
اسکندر_مقدونی 3
اسکندریه 13
اسکوپوس 8
اشاره 10,13,13,13,13,50,7,8,8,8,8
اشاعه 13
اشاعهٔ 3
اشتارت 49
اشتاینسالتز 8
اشتباه 13
اشتباهات 13
اشتراک 10,13
اشتغال 49
اشتیاق 10
اشراف 7,7,7,7,7,7,7,8
اشرافی 7
اشعار 42
اشغال 13,49,7,7,7,7,8,8,8,8,8,8,9
اشغالگر 8
اشغالی 8,8,8
اشمون 49,49,49
اشمونازار 49,49
اشمیت 11
اشومانازار 49
اشکال 3
اشکانیان 12,8
اشیا 10
اشیاء 11
اشیای 10,42
اشیایی 12
اصابت 3
اصحاب 11,54,54,8,8,8
اصرار 2
اصطبل 8
اصطلاح 10,11,13
اصطلاحاً 8
اصغر 2,2,2
اصفهان 11,11,2
اصلاح 13,9,9
اصلاحات 42,48,7,7,7,7,7,9
اصلاحاتی 7
اصلاحی 7
اصلی 10,11,11,12,12,13,2,3,3,42,42,43,48,48,49,50,7,7,7,8,8,8,8,8,8,8,8,8,8,8,8,8,9
اصولاً 13
اصولگرا 8
اضافه 13,8
اضافی 13,7,7
اطاعت 2
اطراف 12,2,7,8
اطلاح 7
اطلاع 13,13,13,13
اطلاعات 10,11,12,13,13,13,13,13,13,3,42,43,43,49,50,7,8,8,9
اطلاعاتی 10,10,10,11,13,13
اطلاق 12,8
اطمینان 13,13,8
اظهار 49
اظهارات 13,13,8
اظهارشده 12
اعتدالیون 7,7
اعتراضات 2
اعتراف 13
اعتصاب 7
اعتصابات 7,7
اعتقاد 42,42,42,42,42
اعتماد 10,13,13,8
اعراب 42,49,8,8,8,8,8,8
اعزام 9
اعصار 42,8
اعضا 8
اعضای 2,42,7,7,7
اعطا 3
اعطای 43
اعظم 42
اعظیم 8
اعلام 10,12,13,2,3,48,48,48,54,7,8,8,8,9
اعلای 7
اعمال 2
اغتشاش 13,13
اغلب 42,7,8
افتاد 12,12,2,49,7,8
افتاده 13,2
افتتاح 7,7
افراد 48,54,7,8
افراسیاب 12
افزایش 2,48,7,7,8,8,8,8,8,8,8
افزایشی 12
افزود 8
افزودن 7
افزوده 7
افسانه 12,13,3,49
افسران 7,7
افسونگری 49
افغانستان 3
افلاطون 13
افول 8
اقامت 13,7,8
اقامتگاه 8
اقتباس 49,49
اقتدار 2,3,49,7
اقتصاد 8,8
اقتصادی 49,7,7,7
اقدام 7,7,7,8,8
اقدامات 13,7,7,8,9
اقناع 13
اقوام 42,42,49
اقیانوس 8
اقیانوسیه 7
اكتبر 42
الأمین 54,8
الاثر 8
الاعلام 12
الاقصی 8
الامام 8,8
البته 13,13,49,7,7,8,8
التحصیلان 11,11
التل 8
التماس 13
التواریخ 8
الثانی 8,8
الجلی 12
الجنة 54,8,8
الحاق 8,8,8
الحرام 2,54,8,8,8
الحسان 8
الخلیل 8,8
الدین 11,11,2,8
الرسل 8
الزام 8
الصَّفا 54,8
الغنجار 12
الفبا 49
الفبای 49,7
الفبایی 12
القریة 54,8
القول 12
القُدس 8
الله 8
المسالک 12
الملوک 8
الملک 8
الممالک 12
المنافع 7,7
المپیاس 3,3,3,3,3,3
النبی 8
الندوة 54,8
النّون 54,8
الهام 49
الهه 1,42,49,49
الوار 49
الوهی 3
الکساندر 7,7,7,7,7,7,7,7,7,7,7,7,7,7,7,7
الگو 10,10,10,12,12,12,12,12,12,12,12,12,12,12,12,2,2,2,42,42,42,42,42,48,48,48,49,49,54,54,54,54,54,7,7,7,7,7,7,7,7,7,7,7,7,7,7,8,8,8,8,8,8,8,8,8,8,8,8,8,8,8,8
الگوبرداری 12
الگوهای 12,12,7,7,7,8,8,8
الگوی 13,3,42,49,8,8
الیزابت 7,7,7,7,7,7,7
امام 12,2,2,2,54,8,8,8
امان 12,42,42
اماکن 12,12,12
امتداد 49,49
امتیاز 11,11,11,11
امتیازاتی 49,49
امروز 12,13,8
امروزه 10,12,12,49,8,8,8,8
امروزی 10,3,42,42,7
امری 49
امضا 7
امضاء 11,7
امضای 7
املا 7
املاک 9
امنیت 7,7,8,8,8
اموال 9,9,9
امور 10,12,13,42,49,7,7,7,8,8,8,9,9,9
امورات 2
اموری 42
اموی 12
امپراتور 7,7,7,8,8,8,8,8
امپراتوران 12,7
امپراتوری 12,12,12,12,12,12,12,12,12,13,13,13,13,13,3,3,3,49,7,7,7,7,7,7,7,7,7,7,7,7,7,7,7,7,7,7,7,7
امپراتوری_روسیه 7
امپراطوری 8
امپراطوریهای 11
امکان 10,10,11,11,12,13,13,13,13,13,2,3,43,44,49,50,7,8,8,8,9
امیدوار 7
امیر 12,12,2,49,49
امیران 12,12,12
امیربرق 2
امیرنشین 12,12
انبار 10,10,10,7,7
انتخاب 2,2,2,2,7,7,7,7,8,8,8
انتخابات 2,2,2,2,7,7,7,7
انتشار 12,2,2,8,8
انتشارات 10,2,2
انتظار 12,49,7
انتقادات 8
انتقادی 13
انتقال 49,8
انتقام 13
انتهای 7
انجام 10,11,11,11,11,11,11,11,12,13,13,2,3,3,43,44,48,48,49,50,7,7,7,7,7,7,7,8,8,9
انجامید 7,7
انجمن 2,2,2,2,2
انجیل 54,8,8
انحصار 6,6
انحصاری 11,8
انداخت 3
انداخته 2
اندازه 13
اندازۀ 12
اندک 42
اندکی 10,11,13,13,3,8
اندیشه 12,49
انسان 10,10,10,10,42,7
انسانی 8,8
انشعابات 42
انقلاب 11,11,11,12,12,12,12,2,2,2,2
انقلابی 2,7,7,7,7
انکار 13,13,8
انکی 42
انگلستان 7,7
انگلیس 11,2,2,2,2,6,9
انگلیسی 1,10,43,43,8,8
انگیزه 7,7
اهالی 10,12,12,9
اهتمام 11
اهدای 3
اهمیت 10,11,12,13,2,42,49,49,7,7,8,8
اهورامزدا 13
اواخر 10,10,11,11,12,49,7,8,8,8
اوارت 42,42
اواسط 3,3
اوایل 10,11,49,7,8,8
اوایلی 42
اوباما 8
اوبر 7
اوتانا 13
اوتو 42
اوتیکه 49
اوجِ 42
اورارتو 42
اوراسیوس 13
اوراشالیمو 8
اوراشالیموم 8
اوراق 7,7
اورشلیم 8,8,8,8,8,8,8,8,8,8,8,8,8,8,8,8,8,8,8,8,8,8,8,8,8,8,8,8,8,8,8,8,8,8,8,8,8,8,8,8,8,8,8,8,8,8,8,8,8,8,8,8,8,8,8,8,8,8,8,8,8,8,8,8,8,8,8,8,8,8,8,8,8,8,8,8,8,8,8,8,8,8,8,8,8,8,8,8,8,8,8,8,8,8,8,8,8,8,8,8,8,8,8,8,8,8,8,8,8,8,8,8,8,8,8,8
اورشلیمِ 8
اورنامو 42
اوست 7
اوستا 13
اوضاع 2,2,2,2
اوقات 42
اولتیماتوم 9,9,9
اولتیماتوم_روسیه_به_ایران 9
اولوا 54,8
اولویت 48
اولی 13
اولین 11,11,11,11,3,42,7,7,7
اولیه 42,7,8,9
اولیهٔ 42
اوکراین 7,7,7,7,7,7,7
اوگاریتی 8,8
اویو 7
اَحزاب 54,8
اَعلامِ 54,8
اُبسن 10
اُلوهی 3
اِلیاس 1,54,8
اپرا 7
اکابر 12
اکباتان 13
اکبر 2
اکتبر 11,12,12,12,13,42,6,7,7,7,7,7,7,7,7,7,7,7,7,7,7,7,7,8
اکتشاف 11
اکثر 13,49,49,7,7,8
اکثراً 54,8,8
اکثریت 7,7
اکدی 13,42,42,42,42,42,42
اکدیان 42
اکنون 10,2,49
اکید 8
اگرچه 12,13,13,3,8
ایالات 12,13,2,2,7,8,8
ایالت 12,2,2,2,2,2
ایالتی 2,2,2,2,2,2
ایام 2,8
ایبری 44,49,49
ایتالیا 11,7
ایجاد 1,11,42,7,7,7,7,8,8,8,8
ایدئولوژیکی 8
ایدلال 49
ایرادات 7
ایران 11,11,11,11,11,11,11,11,11,11,11,11,11,11,11,11,11,11,11,11,11,11,11,11,11,11,11,11,11,11,11,11,11,11,11,11,11,11,11,11,11,11,11,11,11,12,12,12,12,12,12,12,12,13,13,13,13,13,13,13,13,13,13,13,13,13,2,2,2,2,2,2,2,2,2,3,3,3,42,42,49,49,49,49,49,49,49,49,6,6,6,7,7,8,8,8,9,9,9,9,9,9,9,9,9,9,9,9,9,9,9,9,9,9
ایرانی 11,11,11,11,11,13,13,13,13,13,13,3,49,50,8
ایرانیان 1,12,12,13,13,49,49
ایرانیکا 2
ایزاباتس 13
ایزد 3
ایزو 12,12,12,7,7,8,8,8
ایزوتوپ 10
ایزومئو 11
ایستاده 49
ایستادگی 12,9
ایسن 42
ایشاع 54,8
ایشان 10,12,12,42,49,49,9
ایفا 13,49
ایلات 2,2,2,2,2,2,2,2,2,2,2
ایلامی 13,42
ایلامیان 42
ایلیا 8
ایلیاست 8
ایمان 7
اینان 12,49
اینباره 13
اینترنتی 3
اینجا 1,13,8
اینرو 13,13
اینست 13
اینصورت 13
اینکه 11,13,13,13,13,13,13,2,2,2,3,3,3,49,7,7,7,7,7,7,8,8,8,8,8
ایوان 7,7,7,7,8
ایوب 12
ایوبی 1,8
ایوبیان 8,8,8
ایکه 54,8
بائر 8
بابل 13,13,13,42,49,49,7,8
بابلی 13,13,42
باخبر 3
باختری 1,1,1,8,8,8,8,8,8,8
باخرزی 12
بارخاطر 13
باردار 3
بارش 12
باره 12
بارور 42
بارون 11
بارکوخبا 8,8
باری 7
باریک 8
بازار 12,12,2,2,8
بازارهای 49,8
بازبینی 7,7,8,8,8,8,8
بازدید 11,11,2,2,7,8,8
بازرگانی 42,49,49,49,49,49,49
بازسازی 10,8,8,8,8,8,8,8,8
بازل 7
بازماندگانش 3
بازنشانی 8
بازنویسی 42
بازپس 8,9
بازگرداندن 8
بازگردانده 8
بازگشایی 8,8
بازگشت 11,13,13,13,13,3,8,8
بازگشته 7,8
بازی 13,2,3
بازیگران 10
باستان 11,11,11,11,11,11,11,11,11,11,11,12,12,12,13,3,3,3,42,42,42,49,49,49,7,7,8,8
باستانشناسان 11,11
باستانشناسی 10,11,11,8,8
باستانشناسی_ایران 11
باستانی 10,10,10,10,10,10,10,10,11,11,11,11,11,12,13,3,42,42,42,49,49,49,8,8,8,8,8,8,8,8
باشد 10,10,10,10,10,12,13,13,13,13,13,7,7,8
باشند 11,13,2,42,7,8
باشکوه 7,7
باطل 7
باطنی 7
باعث 11,11,2,3,42,42,42,42,42,42,7,7,7,8
باغی 42
بافته 42
باقرزاده 11
باقی 42,49,8,8,8,8,8,8,8,8,8,8,8
بالا 10,13,8,8,8,9
بالاتر 11,42
بالاحوض 12
بالاخره 2
بالاخص 3
بالای 49,8
بالایی 48,7,8
بالتیک 7
بالعکس 3
بالکان 7,7
بانک 6,9
باور 12,42,49,8,8,8
باورند 3,42,42,8
باورهای 2,48
باپتیست 7
باکتریا 13,13
باگاپاتس 13
باید 11,13,13,13,42,48,49,7,7,8,8,8,9
بایستی 10
بایگانی 43
ببرید 8
ببینید 8
بتازگی 49
بتنی 8
بتواند 7
بتوانند 13
بجانب 49
بجای 8,8
بجنگ 49,49,49
بجورکو 7
بحرانی 13
بحرین 42
بخار 12,12,12
بخارا 12,12,12,12,12,12,12,12,12,12,12,12,12,12,12,12,12,12,12,12,12,12,12,12,12,12,12,12,12,12,12,12,12,12,12,12,12,12,12,12,12,12,12,12,12,12,12,12,12,12,12,12,12,12,12,12,12,12,12,12,12,12,12,12,12,12,12,12,12,12,12,12,12,12,12,12,12,12,12,12,12,12,12,12,12,12,12
بخاراست 12
بخارای 12
بخارایی 12
بخاراییان 12
بخارج 11
بخارک 12
بختیاری 2
بخرند 11
بخشم 12
بخشی 10,11,13,7,7,8,8,8,8
بخشید 7,7,7
بخشیدن 3,49
بخشیده 13,49
بخصوص 13,43
بخواند 8
بخواه 8
بخواهد 2
بخوبی 8
بدان 12,2
بدتر 8
بدست 13,13,2,42,49,49,49,49,49,8,9,9,9
بدلی 13
بدنی 13
بدهد 7
بدهکار 9
بدهی 9
بدواً 8
بدون 11,13,13,13,13,13,2,42,42,43,43,43,43,48,48,49,7,8,9,9
بدَوی 42
بدین 11,12,13,13,42,8
بر 8,8
برآمد 7
برآمده 12
برآنند 12
برآورد 12
برآورده 49
برابر 10,11,12,48,48,48,7,7,7,8,8,8,8,9
برابری 48,7,7
برادر 13,13,13,13,13,13,13,13,13,13,2,2,7
برادرش 13,13,13,13,13,13,13,13,7,7,9
برادری 13,13
براساس 12,12
براستی 42
برافراشته 8
براق 8
برانداخت 42
براندازد 7
براونون 42
برای 1,10,10,10,10,10,11,11,11,11,11,11,11,11,11,11,11,11,11,12,12,12,12,12,12,12,13,13,13,13,13,13,13,13,13,13,13,13,13,13,13,2,2,2,2,2,3,3,3,3,3,3,3,3,3,42,42,42,42,42,42,42,42,42,42,42,42,42,42,42,43,43,43,48,48,48,48,49,49,49,49,49,50,54,6,7,7,7,7,7,7,7,7,7,7,7,7,7,7,7,7,7,7,7,7,7,7,7,7,7,8,8,8,8,8,8,8,8,8,8,8,8,8,8,8,8,8,8,8,8,8,8,8,8,8,8,8,8,8,9,9,9,9,9,9,9,9,9
برایش 42,49
براین 42,49
بربر 8
برتر 8
برتری 7
برتشکیل 8
برتین 13
برجای 49
برجسته 7
برخاست 2
برخلاف 7,7,7,8
برخورد 7
برخوردار 11,42,7,7
برخی 11,11,11,11,11,12,12,12,13,13,2,2,2,2,3,3,3,42,42,8,8,8,8,8,8
برداشت 49
برداشتن 49
برداشتند 49,7
برداشته 2
بردن 13
بردند 2,2
برده 12,13,42,8
بردگان 7
بردیا 13,13,13,13,13,13,13,13,13,13,13,13,13,13,13,13,13,13,13,13,13,13,13,13,13,13,13,13,13,13,13,13,13,13,13,13,13,13,13,13,13,13,13,13,13,13,13,13,13,13,13,13
بردیای 13,13,13
بررسی 10,10,10,10,11,11,11,11,11,42,8
برزگران 7
برست 7,7,7
برشمرده 8
برطبق 43
برقرار 7,8,8,8,8
برقراری 2,3
برلین 7,7,7,8
برمبنای 7
برمی 7
برنامه 11,11,7
برنز 12,42,42,8
بروز 3,3
بروشنی 49
بروکسل 7
برپا 10,12,49,8
برپایهٔ 12
برپایی 8
برپر 12
برگردان 12
برگرداند 13
برگردد 13
برگرفته 12,49
برگزار 12,7,7,7,7,7,7,7,7
برگزاری 8
برگزید 13
برگزیده 7
برگشت 13
بریتانیا 43,43,7,7,7,7,7,8,8,8,8,8,8,8,8,8
بریتانیای 11,7,7
بریتانیایی 11
بریدوود 11,11,11
بریزد 42
بزرگ 11,11,12,12,12,12,13,13,13,13,13,13,13,2,3,3,42,42,42,49,49,49,49,7,7,7,7,7,7,7,7,7,7,7,7,7,7,7,7,7,7,7,7,8,8,8
بزرگان 12,12,12,12,12,13
بزرگتر 7
بزرگداشت 49
بزرگش 49,7
بزرگِ 42
بزرگی 42,42,49
بزنند 10
بزودی 11
بسازید 10,11,12,13,3,43,44,49,50,7,8,9
بستر 13
بسته 2,42,48,7,8
بسراید 12
بسزا 49
بسیار 11,12,12,12,12,13,13,2,42,42,42,49,7,7,7,7,7,7,7,7,7,8
بسیاری 10,11,12,12,12,13,13,13,3,3,42,7,7,7,8,8,8,8,8,8,8,8,8,8,8,8,8,8,8,9
بسیج 42
بشخصه 10
بشقاب 42
بشورد 13
بصورت 8,8,8
بطرک 7
بطور 8,8,8
بطوری 8
بعدن 7
بعدی 11,13,7,7,9
بعضاً 8
بعضی 11,12,12,13,42
بغاز 49
بغداد 12,12,12
بفهمیم 13
بقایای 10,10,10,10,10,10,8,8,8,8
بقیه 13,42,42
بلافاصله 8
بلدیة 1
بلشویک 7,7
بلعمی 8
بلغار 12
بلغارستان 7
بلند 11,12,13,13,49
بلندی 8,8
بلوای 12
بلوچستان 2
بلوک 2,3,8
بلکه 12,2,42,48,49,7,8
بماند 13
بمانند 42
بنابر 12,13,8
بنابراین 13,13,13,13,3,48
بناهای 10,12,7,7,8,8
بنای 2,8
بنایی 10,8,8
بنیاد 12,8,8
بنیادگذاریش 12
بنیامین 8
بنیان 12,3,7,7
بنین 7
به 49
بهادار 7,7
بهار 13,8
بهاری 12
بهانه 7,9
بهبود 7,7,8
بهتر 3
بهتری 42,42,8
بهداشتی 8
بهره 3
بهشت 42
بوئر 7
بواسطهٔ 8,8
بوبلوس 49
بوداشتارت 49,49
بودایی 12,12,3
بوداییان 3
بودجه 8
بودن 13,13,13,3,3,3,7
بودند 11,12,13,13,2,2,2,2,2,2,2,2,3,42,42,42,42,42,42,42,42,42,48,49,49,49,49,49,7,7,7,7,7,7,7,8,8
بوده 11,12,12,12,13,13,13,13,13,13,2,42,42,42,49,8,8,8,8,8,8,8
بورا 7
بورنو 7
بوروندی 7
بورژوایی 7
بورگ 7,7
بوشهر 11
بوعلی 12
بومی 42
بومیان 42
بویارد 7
بَلَد 54,8
بُخار 12
بُرده 1,54,54,54,54,54,54,54,8,8,8,8,8,8
بُمْجِکَث 12
بپذیرد 7
بکار 7
بکاوند 11
بکشانند 49
بکشد 7
بگذر 12
بگیرد 13,7
بیابان 1
بیابانگرد 12
بیان 13,42,42,54,8
بیانگر 7,8
بیتی 12
بیداری 2
بیروت 49,8
بیرون 12,42,7,8,8,8,9
بیرونی 8
بیزانس 8,8,8,8,8
بیزانسیان 8
بیست 1,13,13,13,3
بیستم 12,12,2,8
بیستون 11,11,13,13,13,13,13,13,13,13,13,13,13,13,13,13,13,13,42
بیش 2,7
بیشتر 1,10,10,11,11,11,12,12,12,12,13,13,2,2,2,2,3,42,42,42,43,43,48,48,48,48,49,49,50,6,7,7,7,7,7,7,8,8,8,8,9,9
بیشتری 13,2,42,7,8
بیمار 12,3,7
بیماری 42,7,7
بیهار 12
بیوه 42
بیکر 42
تأثر 42
تأثیر 3,3,42,42,42,42,49,49,49,49,8
تأثیرات 42,7
تأسف 11
تأسیس 11,12,2,2,2,3,8,8
تألیف 13
تأکید 11,8,8,8,8
تأیید 13,13,13,7,8,8,8
تئاتر 10,2
تئوری 13,13
تابع 12,12,12,13,2,44,48,49,49,8,8,8
تابعیت 49,8
تابوت 49,49
تابینت 49
تاتار 12,12,12
تاتی 12
تاثیر 7
تاجگذاری 7,7
تاجیکان 12
تاجیکستان 12,12
تاجیکی 12
تاخت 8
تارَخ 1,54,8
تارک 12
تاریخ 1,10,10,10,10,10,11,11,12,13,13,13,13,13,13,13,13,13,13,13,13,13,13,13,13,2,2,2,3,3,3,42,42,42,49,6,7,7,7,7,8,8,8,8,8,8,8,9,9
تاریخش 13
تاریخچه 11
تاریخی 10,10,10,12,12,12,12,12,12,12,12,12,12,13,13,13,2,2,42,42,42,44,8,8,8,8,8,8,8,8,8
تازه 3,42
تازیخی 12
تانائوکسارس 13
تانااوگزارس 13
تانیاکسارکس 13,13,13,13,13
تانیوکزارکس 13,13
تاهیتی 7
تاکنون 42
تبار 3
تبخیر 42
تبدیل 11,12,42,49,7,8,8,8,8,8,8,8,8
تبریز 2,9,9,9
تبعید 7,7,7,7,8,9
تبلیغ 8
تثبیت 7
تثنیه 1
تجارت 49,8
تجاری 10,11,12,2,42,43,48,49,6,7,8,9
تجدد 12
تجدیدنظر 8
تجربه 42
تجسمی 12
تجمیع 13,8
تحریر 13
تحریف 13
تحریم 7
تحریک 2
تحسین 3
تحصن 2
تحصیل 11,48
تحقق 3
تحقیق 11,13
تحقیقات 11,11,11,11,11,48,8
تحلیل 2
تحول 13,7
تحولات 10,12,12
تخریب 10,8,8,8,8,8,8,8,8,8,8,8,8
تخصص 10
تخفیف 12
تخلیه 8,8,8
تداوم 42
تدریج 11,42,42,7
تدوین 7
تراماره 42
ترامپ 8,8,8,8,8,8,8,8
تران 7
تراکم 8,8
تربیت 7
ترتیب 11,13,13,3,54,8,8,8,9
ترجمه 11,11,42,42,8
ترجمهٔ 12,8
ترجیح 7
تردید 8
تردیدی 13
ترسیده 7
ترسیم 8
ترقی 3
ترمس 49
تروتسکی 7,7,7,7,7
ترور 7
تروگ 13,13,13,13,13,13,13,13,13,13,13
ترویج 3
ترکان 12,12,12
ترکستان 12,12
ترکمانچای 7
ترکمن 2
ترکمنچای 7
ترکی 12,8,8,8
ترکیب 8
تریالتی 42
ترینیداد 7
تزئین 7,8
تزار 7,7,7,7,7,7,7,7,7,7,7,7,7,7,7,7,7,7,7,7,7,7,7,7,7,7,7,7,7,7,7,7
تزارهای 7
تزاری 7,7,7,7
تسانگ 12
تسخیر 3,3,42,7,7,7,7,7,7,8,8,8
تسری 3
تسلسل 13
تسلط 49,7,7
تسلیحات 7
تسلیحاتی 7
تسلیم 2,7,8
تسهیل 11,8
تشخیص 42
تشریح 7
تشریفات 7
تشریفاتی 12,42
تشووا 8
تشویق 12
تشکر 8
تشکیل 10,10,10,11,13,13,2,48,48,49,7,7,7,8,8,8,8,8,8,9
تصاحب 13,13,9
تصادفی 10,11,12,13,3,43,49,50,7,8,9
تصاویر 10,11,12,13,3,43,49,50,7,8,9
تصحیح 8,8,8,8
تصدیق 13
تصرف 12,12,12,12,49,7,7,7,7,7,7,8,8,8,8,8,8,8,8,8,8,8,8,8
تصرفاتی 49
تصمیم 11,49,49,7,8,8,8
تصور 12,12
تصویب 10,11,11,11,2,8
تصویر 12,3,3,49,49,8
تصویرپردازی 12,3
تضاد 8,8,9
تضعیف 42
تطبیق 13
تظاهرات 7,7
تعبیر 13
تعداد 13,2,2,2,42,8,8,8,8
تعدادی 2
تعرض 12
تعریف 8
تعصبات 8
تعطیل 2,2
تعقیب 49,7,8
تعلق 11,11,42
تعلیم 3
تعلیمات 42
تعهد 11,8,8
تعیین 11,13,13,13,13,8,8,8,8,8
تغییر 10,10,12,42,7,7,8,8,8,8,8,8,8
تغییرات 10,11,12,13,3,42,43,49,49,50,7,8,8,9
تغییراتی 11,7
تغییرمسیر 1,8,8
تغییری 42,7
تفاسیر 10
تفاهم 11
تفاوتی 7
تفسیر 10
تفسیرهای 3
تقاضا 2
تقاضای 3
تقدس 49,8
تقدم 11
تقریباً 13,42,48,49,8
تقریبی 42,8,8
تقسیم 10,11,2,42,42,7,7,7,7,8,8,8,8,8,8,8,8,8,8,8
تقسیمات 12,12,2,2
تقلید 3,42
تقویت 13
تقویم 7,7,7,7
تلاش 11,13,13,3,7,8,8,8,9
تلفظ 8
تلفن 10,11,12,2,42,43,48,49,6,7,8,9
تلقی 13,13
تلویزیون 8
تلویزیونی 1
تلگرافخانه 2
تلگرافهای 2
تلگرافی 2
تمام 13,42,42,42,42,49,49,7,7,7,7,7,7,7,8,8,8
تمامی 13,3,8,8
تمایز 13,48
تمایل 13
تمدن 12,42,49,49,8
تمیز 13
تمیمی 12
تناسبی 42
تنباکوی 6
تندتری 7
تنظیم 13
تنها 11,11,11,11,11,12,12,13,13,13,13,13,2,2,2,3,42,42,48,48,48,48,49,7,7,8,8,8,8,8,8,8,8
تنیس 7
تهدید 8,9
تهران 11,11,11,11,2,2,7,9
تهیه 11,11,42,49,7,7
توأم 42,7
توابع 2
توازن 42
توافق 8,8,8,8
توالی 13
توانایی 42,7
توانست 13,3,42,7,7
توانستند 49
توباگو 7
توتون 6
توجه 11,11,11,11,13,2,2,2,49,7,8
توجهی 2,42
تودرتو 8
توسط 11,11,11,11,11,11,11,11,11,11,12,12,12,12,12,13,2,3,3,42,42,42,42,42,42,42,49,7,7,7,7,7,8,8,8,8,8,8,8,8,8,8,8,8,8,8,8,8,8,8,8,8,8,8,8,8,8,8,8,8,8,8,8,8,8,8,8,8,8
توسعه 11,42,42,49,7,7,8,8,8
توسعهٔ 3,42,8
توسعۀ 2
توسل 48,48
توسیدید 10
توصیف 1,11,8
توصیه 8
توضیح 8
توضیحات 49
توضیحی 13
توطئه 13,13
توفیقات 7
تولد 13,3,3
تومان 11,11
تومولوس 42
تونس 7
توپوگرافی 8
تپهٔ 8
تکامل 42
تکراری 42,42
تکملهٔ 8
تکمیل 8
تکیه 13,8
تیراندازی 2,2
تیفریت 8
تیلیا 11
تیمور 12
ثابت 3
ثاقب 2
ثانویه 7
ثروتمندان 7
ثلاث 2
ثلاثه 2,2
ثَمود 1,54,8
جابجایی 8
جاده 13
جادهٔ 8
جادو 49
جادویی 3
جاری 42
جاسوسهای 11
جاسوسی 7
جاشوا 8
جالب 2
جالوت 12
جامع 8
جامعه 42,48,8,8,8
جامعهٔ 48
جامعۀ 2
جامه 49
جانب 2,8,8
جانبداری 8
جانش 7
جانشین 42,7,7,8
جانشینان 3,3
جانشینی 12,13,7,7,7
جانوری 10
جاودانه 3
جایاواردنپورا 8
جایزه 12,12,12
جایگاه 12,12,13,42,42,49
جایگاهی 7
جایگزین 11,11,3,42,7,8
جایی 11,7,8,8
جبهه 7
جدایی 13
جدید 11,11,12,48,7,7,7,7,8,8,8,8,8,8
جدیدتر 8
جدیدی 3,8
جرأت 2
جرمش 13
جروسلم 8
جریان 13,48,8,8
جریر 8
جزئی 12,12
جزئیات 10,11,12,2,42,43,48,49,6,7,8,8,9
جزئیاتی 13
جزایر 49,8
جزیره 10,7,7,7,7
جزیرهٔ 10
جستارهای 10,12,13,49,7
جستجو 13
جستند 49,49
جسته 13
جسورانه 3
جشنواره 8
جعبه 1,12,12,13,3,43,43,43,7,7,8,8
جعفر 12
جعلی 13
جغرافیا 11
جغرافیای 49
جغرافیایی 49
جغرافیدان 8
جفرسون 10
جلال 8
جلسات 49
جلسه 11
جلفا 6
جلوس 13,13,13,13
جلوگیری 2,8,8,8,8,8
جلوی 49,54,8
جلگهٔ 12
جماعت 3
جمال 2
جماهیر 7,7,7
جمدت 42
جمشید 3
جمعه 2,2,2,8
جمعی 2,9
جمعیت 12,12,2,42,42,42,42,48,48,7,8,8,8,8,8,8,8,8,8,8,8,8,8,8,8,8,8
جمعیتی 8,8,8
جمله 10,11,11,11,11,3,42,49,8,8,8,8,8,8,8,8,8,8
جمهور 7,7
جمهوری 10,12,12,43,7,7,7,8,8,8,8,8
جناب 2,2
جنایت 13,13
جنبش 2,2,2,2,2,2,2,48,49,8
جنبشی 8
جنبه 13
جنسی 48
جنسیتی 48
جنوب 12,3,42,42,42,42,42,42,42,42,49,7,7,7,8,8,8,8,8,8,8
جنوبی 8,8
جنگل 49
جنگی 3,49,7
جنگید 49,7
جنگیدند 7
جهان 11,12,12,12,12,13,13,3,3,42,48,49,49,7,7,8,8,8,8,8,8
جهانگرد 12
جهانی 10,12,12,12,12,12,12,12,12,12,12,2,43,43,48,7,7,7,7,7,8,8,8,8,8,8,8,8,8,8
جهانیان 11
جواب 13,7
جوان 12,7
جوانی 3,7
جواهر 12,49,49
جواهرات 11,42
جورابی 12
جوزپه 11
جولای 8
جونپوری 8
جھان 2
جیمز 8
جیهانی 12
حائل 8
حائلی 13
حاجی 2
حادثه 7
حاصل 10,13,3
حاضر 7
حافظ 12
حالا 7,7
حالت 12,13,13,49,8
حالی 12,13,42,7,8,8
حالیکه 49
حامد 12
حامیان 12,7
حاوی 13,3
حاکم 12,12,12,12,2,2,7,7
حاکمان 7
حاکمیت 8,8,8,8,8,8,8,8,8,8,8,8,8
حاکمیتش 7
حاکی 13,8
حبرون 8
حجاری 13
حجةالاسلام 2,2
حداقل 7
حدود 1,12,2,42,42,42,42,49,49,8,8,8,8,8,8,8,8,8,8,8,8,8,8,8
حدودی 42
حدیث 12,8
حرمت 8,8
حرمسرای 13,13,13
حرمل 1
حرمی 8
حروف 54,8
حرکات 10
حرکت 12,13,13,2,7
حریم 8
حزقیا 8
حزقیال 13
حساب 10,10,10,11,11,11,12,12,13,13,13,3,3,43,43,43,44,49,49,49,50,50,7,7,7,8,8,9,9,9
حسادت 13
حساس 7
حسونه 42
حسین 2,2,2
حسینی 12
حشمونی 8
حشمونیان 1,8
حصار 8
حصارهای 8
حضرت 7,8
حضور 11,11,12,13,7,7,8,8
حفاری 10,10,10,11,11,11,11,11,11
حفاظت 11,11,11,8
حقوق 11,43,48,7,7,8,8,8
حقیقت 12,13,13,13,13,13,13,13,13,13,7,8
حلقه 49
حلوان 11
حلوانی 12
حماس 8,8,8,8,8,8
حماسی 42,42
حمام 12
حمایت 2,2,42,48,48,48,7,7,7,7
حمدالله 8
حملات 12,8
حمله 12,12,12,2,3,3,49,49,49,7,7,7,8
حملهٔ 49,49
حنفیهٔ 12
حوادث 13,13,13,13,2,2,7
حواری 7
حوالى 11
حوالی 11,42
حوزه 49
حوزهٔ 12
حوضهٔ 3
حومه 7
حومهٔ 8
حکاکی 42
حکایت 12,42,49,8
حکمای 49
حکمران 13,2,2,8
حکمرانان 8
حکمرانی 42,7,7
حکومت 11,12,12,12,12,13,2,3,49,7,7,7,7,7,7,7,7,7,7,7,7,7,7,8,8,8,8,8,8,8,8,8,8,8
حکومتش 7,7
حکومتشان 42
حکومتی 7,7
حیات 13,42,54,8
حیرام 49
حیطهٔ 3
خاتمه 7
خاتون 12,12
خاخام 8
خادمان 42
خارج 11,13,13,13,7,8,8,9
خارجه 7,8,8
خارجۀ 8
خارجی 11,11,11,11,11,7,8
خاردار 8
خاسته 8
خاستگاه 42,8
خاصی 11,42
خاطر 13,13,13,3,49,7,7,7
خاقانی 8
خالقی 8
خالی 13
خاموش 3
خاندان 12,7,7,7,7
خاندانی 7
خانه 8,8
خانواده 13,7,7
خانوادگی 3
خانوادۀ 8
خانوار 8
خانۀ 8
خاور 42,42,7
خاورزمین 49
خاورمیانه 42,49
خاکسپاری 12
خبری 42
خبیث 42
خجالای 42,42
خدات 12,12
خداوند 42
خداوندان 42
خدای 42,42,42,49,49
خدایان 42,42,42,42,49,49,49,8
خدایگان 42
خدایی 8
خدعه 13,13
خدمات 8
خراب 1,12,12,12,48
خرابکاری 7
خراج 7
خراسان 12,12,12,12,12,2
خراسانی 12,2
خرداد 49
خرده 13
خرما 42
خروج 8,8
خرید 11
خشایارشا 13
خشمگین 7
خشکی 8
خصوص 1,10,11,12,13,13,3,43,49,50,7,8,8,8,9
خصوصاً 11,7
خصوصی 13
خطاب 8,8
خطای 12
خطوطی 49
خلاصه 8
خلاف 13,13,2,42,42,8
خلافت 12,12,12
خلال 13,13,13,8,8
خلفای 1,12
خلقت 7
خللی 7
خلیج 42,42
خلیفه 8
خمسه 2
خنجر 42
خنجرهایی 42
خواب 13,3,3
خوابی 13
خواجه 13
خوارزم 13
خوارزمشاهیان 8
خواست 12,3,9
خواستار 3,9
خواند 13,7
خوانده 42
خواه 7
خواهان 12,2,2
خواهد 3,9,9
خواهر 13,7,7
خواهرخوانده 12
خواهرش 7
خواهند 7
خواهی 2,2,8
خوبی 11,7
خودداری 8
خودش 13,13,13,13,7,8
خودشان 11,48
خودنمایی 13
خودکشی 13
خودگردان 1,1,8,8
خورانده 13
خورد 7,7,7,9
خوردن 7
خورشید 42
خورشیدی 11,12,9
خوزستان 11
خوشگذرانی 7
خونین 2
خویش 12,12,13,2,3,42
خویشاوند 42,8
خویشاوندی 42
خیابانی 8
خیرخواه 2
خیریهٔ 8
خیلی 13,13,7
دائم 8
دائمی 8
داخل 13,7,8,8
داخلی 3,49,7
دادارشیش 13,13
دادن 10,11,13,3,42,49,7,8,8
دادند 2,49,7
داده 1,1,10,10,11,11,11,12,12,13,13,2,3,3,43,48,49,50,7,8,8,8,8,8,8,8,8,8,9,9
دادوستد 49,49
دارای 1,1,10,10,10,12,12,12,12,12,12,12,12,12,12,13,13,2,3,3,3,42,42,42,42,42,42,42,42,43,43,43,43,44,44,48,48,48,48,48,48,48,49,49,49,7,7,7,7,7,7,7,7,7,7,8,8,8,8,8,8,8,8,8,8,8,8,8,8,8,8,9,9
دارایی 11,42,48,8
دارد 1,1,10,10,11,12,12,13,13,13,13,13,13,13,13,13,2,3,42,42,42,43,49,49,49,50,7,8,8,8,9
دارند 10,13,3,42,42,7,8
داریوش 12,13,13,13,13,13,13,13,13,13,13,13,13,13,13,13,13,13,13,13,13,13,13,13,13,13,13,13,13,13,13,13,13,13,13,13,13,13,3,3,49,49,49
داستان 13,13,3,42,42,8
داشت 12,12,13,13,13,13,13,13,13,2,2,3,3,3,42,42,42,49,7,7,7,7,7,7,7,7,7,7,8
داشتن 8
داشتند 11,11,12,13,2,2,3,3,42,42,48,49,49,49,7
داشته 10,13,2,42,42,49,7,7,8
دامن 2
دامنه 2,49,8,8
داناى 11
داندامایف 13,13
دانست 13,49,7
دانسته 2,2,3,8,8,8,8
دانش 10,12
دانشجویان 11,11
دانشمندان 11,7,8
دانشنامه 9
دانشنامهٔ 1,10,10,11,11,12,12,13,13,3,3,43,43,44,49,49,50,50,7,7,8,8,9,9
دانشکده 11
دانشگاه 11,11,11,43,43,43,7,7,8,8
دانشگاهی 43,8,8,8
دانیال 54,8,8,8
داود 8,8
داوود 8
دبیر 8
دبیرکل 8
دجله 42
دختر 12,12,13,13,13,13,13,3,42,43,7,7,7,7
درآمد 12,12,48,49,49,7,7,8
درآمدند 9
درآمده 8
درآورد 12
درآورده 13,8
دراراضی 8
درازا 3
دربار 11,13,13,13,13,13,49,7
درباره 6
دربارهٔ 1,10,10,10,10,10,10,10,10,11,11,11,12,12,12,12,12,12,12,12,12,13,13,13,13,13,13,13,13,13,13,2,2,3,3,42,42,42,42,43,48,48,49,49,49,49,50,54,54,7,7,7,7,7,7,7,7,7,8,8,8,8,8,8,8,8,8,8,8,8,8,8,8,8,9
درباریان 13,7,7,7,7
دربردارنده 10
درجه 12,49,8
درحالی 48
درحالیکه 7
درخواست 8,8
درست 13,13,13,42,49
درصد 48,48,48,48,8,8,8,8,8
درمان 42
درمانی 8
درنگ 12
درهم 12,12
دروازهٔ 12
دروزی 8
دروغ 13,13,13,13
دروغگو 13
دروغگویی 13
دروغین 13
درون 49,8,8
درونی 8
درگذشت 12,13,13,7,7
درگذشته 43
درگذشتهٔ 13
درگیر 7,8
درگیری 2,7
دریا 49,8
دریائی 49,49
دریافت 11,13,3
دریانوردی 49,49
دریاهای 8
دریای 3,49,49,7,7,7,7,8,8
دریایی 7,7,7,7,7,7,7,7,8
دریغ 2
دسامبر 2,43,49,7,7,7,7,7,7,7,7,7,7,7,7,8,8,8,8,8,8,8,8,8
دستاورد 42
دستاوردهای 12,3,3
دسترس 10,11,12,2,42,43,48,49,6,7,8,9
دسترسی 8,8,8
دستش 13
دستشویی 8
دسته 2,7
دستهٔ 42
دستور 13,42,8,8,8,8,8
دستورهای 3
دستوری 42
دستگیر 7,7,7
دستگیری 8
دستیابی 42,7
دسیسه 13
دشمن 13,3,7
دشمنان 7
دشمنی 2,8,9
دشوار 7
دعوت 10,11,11,12,13,3,43,44,49,50,7,7,8,9
دغدغهٔ 48,48
دفاع 7
دفاعی 3,8,8,8
دفتر 10
دقیق 7
دقیقاً 13,49
دقیقه 8
دقیقی 13
دلالت 10,13
دلایل 13,2,7
دلبستگی 49
دلداری 7
دلُوس 10
دلیل 12,12,13,3,3,42,42,42,7,7,7,7,7,7,8,8,8,8,8,8,8
دلیلی 42
دمای 12
دمشق 8
دمشقی 13
دمورگان 11
دموکرات 2,7,7,7,7,7,7
دموکراتیک 7
دموکراسی 7
دنبال 12,2,2,42,7,7,8,8,8,8,8,8
دنیا 13,3,3,3,48,48,7,7,7,7,8
دنیای 3,8
دهانه 12
دهقانان 7,7,7,7,7,7,7
دهقانی 7,7
دهند 49
دهندگان 7
دههٔ 42,8
دوازده 2
دوام 7,7
دوباره 10,11,12,8
دودمان 13,49,7,8
دودمانی 42,42
دودکش 42
دورادور 8
دوران 1,10,10,10,10,10,12,12,12,12,12,13,13,13,2,42,42,42,49,49,54,7,7,7,7,7,7,7,7,7,7,7,7,7,7,7,8,8,8,8,8,8,8,8,8,8,8,8,8,8,8,8
دورانی 13,7,7,7
دورتر 7,8
دوردست 49
دورنمای 10
دوره 10,10,10,11,11,12,12,12,12,2,2,3,42,42,42,43,43,43,49,49,7,7,7,7,8,8,8,8,9,9
دورهٔ 10,3,42,42,8
دورِ 8
دوستانش 7
دوستش 7
دوستی 12,3,8
دوسویه 42
دوشنبه 12,2
دوطرفه 8
دولت 11,11,11,11,11,11,11,11,11,11,12,2,2,2,49,49,7,7,7,7,7,8,8,8,8,8,8,9,9,9,9,9,9,9,9,9,9
دولتهای 11
دولتی 2,7,8,8
دوما 7,7,7
دومای 7
دومونتفاسون 10
دومی 13
دومین 7,7
دونگ 42
دوهزار 2
دووجهی 42
دویست 12,2,8
دکترای 11
دگرباشان 48,7
دیجیتالی 42
دیدار 12,8
دیدن 10,12,8,8,8
دیدند 2,7
دیدنی 12,2
دیده 12,13,13,13,2,42,42,49,49,49,8
دیدگاه 12,2,3,3,42,8,8
دیرتر 13
دیرین 9
دیرینهٔ 3
دیلمون 42,42
دینون 13
دینی 12,42,42,42,8,8
دیوار 1,10,8,8,8,8,8,8,8,8,8,8,8,8
دیوارهای 8,8,8,8
دیوارهایش 8
دیواری 7,8,8
دیوانبیگی 12
دیودور 13,3
دیولافوا 11,11
دیوید 8,8
دیپلمات 8
دیپی 42
دیپیر 42
دیپیستان 42
دیگر 1,1,1,1,10,10,10,10,11,11,11,11,12,12,12,12,12,12,12,12,12,13,13,13,13,13,13,13,13,13,2,2,2,2,2,2,2,2,2,3,3,3,3,42,42,42,42,42,42,42,42,42,43,43,49,49,49,49,49,49,49,49,49,49,49,50,7,7,7,7,7,7,7,8,8,8,8,8,8,8,8,8,8,8,8,8,8,8,8,8,8,8,8,8,8,9,9,9
دیگران 13
دیگرانی 10
دیگری 1,10,12,12,42,54,7,8,8,8
ذاتی 10
ذکری 13
ذیقعده 11
رؤسای 7,7
رؤیا 3
رئاخ 1
رئوف 49
رئیس 2,8
رابرت 11
رابرتز 8
رابطه 2
رابطهٔ 8
رابک 10
رابینسون 8
راجع 13,2
رادیومتریک 10
راروتونگا 7
رازدار 13
راستای 8,8
راضی 13
راعیل 54,8
رافائل 8
راندن 7
رانده 8,8
راهبان 8
راهبردهای 3
راهنمای 12,8
راهیابی 2
راولینسون 11
رایج 8
رایگان 8,8,8,8
رباط 12,12,12,12
رجوع 2
رحمش 3
رخدادهای 10
رسالات 42
رسانید 7
رستاخیزش 8
رستگاری 3
رسماً 13,2,7,8,8
رسمی 13,13,13,49,7,8,8,8,8
رسمیت 2,7,8,8,8,8,8,8,8,8,8,8,8,8,8
رسوبات 42
رسوم 3,3,3
رسید 10,11,12,13,13,13,13,2,3,42,7,7,7,7,7,7
رسیدن 13,2,3,48,7,7,8
رسیدند 7,8,8
رسیده 12,12,3
رسیدگی 13,2
رشته 13,13,3,3
رعایت 49
رعیتی 7,7
رفاه 42
رفتار 48,48
رفتارهای 7
رفتن 7
رفته 12,12
رفراندوم 8
رقابت 12,8,8
رقابتی 8
رقیب 49,7,8
رنجبر 7
رنجیده 7
رنسانس 42
رهبر 2,2,2,7
رهبران 3,7,7
رهبری 12,49,7,7,7,7,7,7,7
رهسپار 13,9
روابط 3,9
روایات 13,13,8,8,8,8,8,8
روایت 12,13,13,13,13,13,13,13,13,13,13,13,2,8,8,8,8,8
روایتی 8
روایی 3
روبرو 2
روبروی 8
روحانی 2,7
روحانیان 49
روحانیون 7
رودخانه 49,49,49
رودهای 42
روزانه 42
روزنامه 12,7
روزنامهٔ 12
روزه 8,8
روزهای 7
روزگار 12,8
روسازی 8
روستا 2,7
روستای 8,8
روستایی 7,8
روسی 11,7,7,7,7,7,9
روسیه 11,12,12,6,7,7,7,7,7,7,7,7,7,7,7,7,7,7,7,7,7,7,7,7,7,7,7,7,7,7,7,7,7,7,7,7,7,7,7,7,7,7,7,7,7,7,7,7,7,7,7,7,7,7,7,7,7,7,7,7,7,7,7,7,7,7,7,7,7,7,7,7,7,7,7,7,7,7,7,7,7,7,7,7,7,7,7,7,7,7,7,7,7,7,7,7,7,7,7,7,7,7,7,7,7,7,7,7,7,9,9,9,9,9,9,9,9
روشن 42,42
روشنایی 42
روشنفکر 7,7
روشنی 42
روغن 42,42
رومانف 7,7,7,7,7,7
رومانوف 7,7
رومی 8,8
رومیان 3,8,8,8,8
روند 8
رونق 7
رونویسان 42
رویارویی 8
رویاهایشان 48
رویایی 7
رویداد 10,10,13,7
رویدادهای 10,11,12,13,13,3,43,49,50,7,8,9
رویدادهایی 13,13
رویدادی 13
رویشان 42
رویکرد 8
رُئد 10,10
رژیز 7
رژیم 8,8,8
ریاست 11
ریخت 3
ریشه 13,3,42,49,8
ریشهٔ 12,12
ریّان 54,8
ریکوتی 7,7,7
زائر 8
زائران 8,8,8
زاخارین 7
زادروز 13
زاده 12,3,7,7
زادگاه 12
زارینش 42
زاهدان 54,8
زبان 1,1,12,12,12,12,12,12,12,12,12,12,12,12,12,13,13,3,42,42,42,42,42,42,42,42,42,42,42,42,42,42,42,42,42,42,42,42,48,48,48,48,48,7,7,7,7,7,7,7,7,8,8,8,8,8,8,8,8,8,8,8,8,8,8,8,8,8,8,8,8,8,8
زبانش 12
زبانه 11
زبانی 42,42,42,42,42,42
زحمت 42
زخمی 13,7
زرافشان 12,12,12,12
زرتشت 42
زرین 12
زعورا 54,8
زفافش 3
زمام 12
زمامداری 8,8
زمان 12,12,12,12,12,12,13,13,3,3,42,42,49,49,49,49,50,54,7,7,7,7,7,7,7,7,7,8,8,8,8,8,8,8,8,8,8,8,8,8,8,8,8
زمانهٔ 10
زمانی 10,10,10,12,12,13,13,13,13,7,8,8,8,9
زمرهٔ 3
زمستان 12,12,7
زمستانی 7,7
زمین 3,42,42,42,42,7,7,7,7,7,8,8,8
زمینه 10,11,11,11,13,49,49,7,9
زمینی 3,49,7,8,8
زناشویی 3,42
زنان 12,13,13,13,42,43,48,48,48,48,48,48,48,48,7,7
زنانه 42,8
زندان 7
زندانی 7
زنده 12,13,42,42,42
زندگانی 13
زندگی 11,12,13,13,13,3,3,42,42,42,42,7,7,7,8,8,8,8
زهکشی 42
زواره 49
زورستانی 13
زونز 8
زوّار 8
زیاد 1,12,12,12,12,12,12,13,13,42,7
زیادی 11,11,12,12,13,2,2,42,42,42,42,42,42,49,49,49,49,7,8,8
زیبا 42,7
زیباسازی 8
زیبای 7
زیبایی 49
زیرا 13,13,13,13,13,13,13,42,42,49,49,8,8
زیربخش 1
زیرلایه 42
زیستی 10
زینب 54,8
زینتی 42,49
سؤال 48
سابق 7,8
ساتراپ 13,13,13,13,13,13,13,49
ساتراپهای 49
ساحل 49,49,8,8
ساخت 10,11,12,13,3,43,49,50,7,7,7,8,8,8,8,8,8,8,8,8,8,8,8,9
ساختار 10,42,42,42,7,7
ساختمان 49
ساختن 11,42
ساخته 1,10,10,12,13,42,42,49,7,7,7,8,8,8,8,8,8
ساختهٔ 10
ساده 13,42
سازد 7
سازمان 10,11,11,11,12,2,42,43,48,49,49,6,7,7,8,8,8,8,8,8,8,8,8,8,8,8,8,8,8,8,8,8,8,9
سازماندهی 7
سازهای 8
سازهایی 7
سازوکار 8
سازی 42
ساسانی 8
ساسانیان 12,8
ساعت 10,11,12,2,42,43,48,49,6,7,8,9
ساعی 2
سالارالدوله 2
سالانه 12,13,13
سالف 54,8
سالن 7
ساله 7,7,7,8,8,8
سالهای 11,11
سالگی 3,3,3,7,7
سالۀ 8
سالی 13
سالیانه 12
سامانه 10,10,10,11,11,11,12,12,12,13,13,13,3,3,3,43,43,43,44,44,49,49,49,50,50,50,7,7,7,8,8,8,9,9,9
سامانهٔ 42,42
سامانی 12,12,12,12,12
سامانیان 12
سامرا 42
ساموئل 7
سامی 11,42
سانحه 13,13
سانسور 7
ساوجبلاغ 2
ساکن 12,12,3,8,8,8,8,8,8,8
ساکنان 8,8,8,8
ساکنین 13,42,8,8,8,8,8,8
ساگبات 42
سایت 11,12
سایر 11,11,11,13,13,13,13,2,2,3,42,49,49,6,7,8,8
سایرین 13,49
ستون 42
ستیزی 48,48
سختی 12,7
سخنانش 8
سخنگوی 8
سدهٔ 12,12,12,12,12,12,12,3,42,49,8
سراب 11
سراسر 11,11,42,7,7,7,8
سراغ 10
سرافزار 42
سرانجام 12,12,3,7,7,7,7,7,7
سرای 12
سرایندگان 12
سرباز 7,7,7,8,8
سربازان 7
سربازانش 3,3,3
سربه 7
سرتاسر 3,3,3
سردار 2,2,8,8
سرداران 3,3,8
سردارش 3
سرزمین 12,12,42,42,49,49,49,7,7,7,7,7,8
سرزمینِ 8
سرزمینی 42,42
سرزنش 8
سرسخت 2
سرشماری 8
سرشناس 2
سرعت 13,3,49,7,7
سرلشکری 3
سرنویس 42
سرنگونی 11,7
سروده 12
سرودهای 42
سرپرستی 12
سرپوش 42
سرکردگی 8
سرکوب 7,7,7,8
سریانی 8
سریر 13
سریع 7
سطحی 7
سعادت 7
سعدی 8
سغدی 12,12,12,12
سفارت 2,2,2,8,9
سفال 42
سفالگری 42,42
سفالی 42,42
سفالین 8
سفرش 11
سفندادات 13,13
سفید 7,7,7,7,7,8
سفیدهای 7,7
سفیران 9
سفینه 54,8
سقوط 13,7,7
سلاح 13
سلامتی 42
سلجوقی 8
سلسله 12,12,12,2,2,3,3,42,6
سلسه 12
سلطان 1
سلطنت 11,13,13,13,3,3,3,3,3,7,7,7,7,7,7,7,7,7,7,7,7,7,7
سلطنتش 7
سلطنتی 11,13,13,7,7
سلطه 11
سلطهٔ 8
سلوکی 10
سلوکیان 8
سلیمان 1,12,54,8,8,8,8,8
سلیمانی 12
سمردیس 13,13,13,13,13,13,13
سمرقند 12,12,12,12,12,12
سنتی 48,48,7,7
سندی 13
سنندج 2,2
سنوسی 8
سنگسار 42
سنگی 42,8,8,8,8,8,8
سهلی 13
سوءقصد 7,7
سوئد 7,7
سوئیس 7
سواحل 49,49,7
سواره 11
سوخته 7,7
سوریه 12,13,13,13,13,49,8,8
سوزاندند 7
سوسیال 7,7,7,7,7,7,7
سوسیالیستی 7,7,7,7
سوسیالیسم 7,7
سوفیا 7,7,7
سولدوز 11
سولوویتچیک 8
سومالی 7
سومر 42,42,42,42,42,42,42,42,42,42,42,42,42,42,42
سومری 42,42,42,42,42,42,42,42,42,42,42,42,42,42,42,42,42,42,42,42,42,42,42
سومریان 42,42,42,42,42,42,42,42,42,42,42,42,42,42,42,42,42
سومین 13,7,8
سونگ 12
سویی 2
سپاری 8
سپاه 12,12,3,3,7,8,8
سپاهیان 12,12,3,7,8,8,8
سپتامبر 12,13,13,13,43,7,7,7,7,7,7,7,7,7,7,8,8,8,8,8,8,8,8
سپندادتس 13,13,13,13
سپیده 11
سکنی 49
سکوت 3
سکولار 8
سکونت 12,12,12,42,42,8,8,8,8
سیاحت 10
سیادت 7
سیارات 3
سیاست 12,2,7
سیاسی 12,12,12,13,13,43,48,7,7,7,8,8,8,8
سیاه 7
سیاهپوست 8
سیبری 12,7,7,7,7,7,7
سیدحمزه 54,8
سیره 2
سیری 2
سیزده 2
سیزدهم 8
سیستان 12,2
سیستم 7,7,7
سیلان 7
سیلوام 8
سیلوان 7,7,8
سیلویا_پنکهرست 43
سینا 12,54,8,8
سینین 54,8
سیپار 13
شابکِ 10
شاخصهٔ 10
شاخه 10
شادی 7
شارل 7
شاعر 12
شالم 8
شالیار 12,12
شامل 10,10,11,13,3,42,7,8,8,8,8,8,8,8,8,8
شانزدهم 7
شاهان 11,3,42,42,42,49,49,49
شاهانه 10
شاهد 10,13,8,8,8
شاهراه 8
شاهزاده 13,13,13,13,7,7,7,7
شاهزادهٔ 8
شاهزادگان 7,9
شاهسون 2
شاهنشاه 3,49
شاهنشاهی 11,13,3,3,49,49,8
شاهکارهای 12
شاهی 13,13,13,3,6,7
شایان 11
شایانی 49
شاید 13,13,42,42,49
شباهت 13,13,13,13,13,42
شبهجزیره_ایبری 44
شبهه 8
شبیه 10,13,13,13,13,42,42,42,49,8
شتاب 13
شختر 8
شخصاً 3
شخصی 13,42
شخصیت 13,13,3,3
شخصیتی 13,13
شدند 12,42,7,7,7,7,9
شدید 3,42,42,7
شراب 42
شرایط 3,42,49,49
شرایطی 2
شرقی 12,3,49,49,7,7,8,8,8,8,8,8,8,8,8,8,8,8,8,8,8,8,8,8,8,8,8,8,8,8,8,8,8,8,8,8
شروان 7
شروع 11,11,11,11,11,11,11,11,2,8
شرکت 49,49,7
شریف 12,12,12,8
ششمین 12
شعار 7,8
شعری 12
شفاهی 13
شلاق 13
شمار 11,12,3,42
شماره 12,12,49,49,49
شمارهٔ 12
شماری 12,42
شمال 42,49,7,7,8,8,8,8,8,8,8
شمالی 49,49,7,7,7,7,7,8,8,8,8,8,8
شمرا 49
شمردن 13
شمرده 8
شناخت 10
شناختن 8,8
شناخته 12,12,12,13,2,49,8,8,8,8,8
شناسان 11,11,11,11,11,11,11,11,11
شناسایی 11
شناسه 43,8
شناسی 11
شنید 13,8
شنیده 13,13
شهدای 54,54,8
شهراز 8
شهرت 7
شهرتی 49
شهرداران 2
شهرداری 8
شهرستان 8,8
شهرهای 1,12,12,12,12,12,2,3,42,42,42,49,49,7,7,7,7,7,8,8,8,8,8,8,8,8
شهرهایی 12
شهری 1,1,12,2,2,2,8,8,8,8
شهریاری 49
شهریور 49
شهمیرزادی 11
شهوت 42
شهید 49
شواهدی 49
شودرلو 7
شورا 7,7,7,7,7
شوراهای 7,7
شورای 10,11,11,11,2,2,2,43,7,7,7,7,7,7,7,7,7,7,8,8,8,8,9,9,9
شورش 13,13,13,13,13,13,13,49,49,49,49,7,7,7,7,7,7,8,8,8,8,9
شورشی 13,13,7
شورشیان 7,8,8
شوروی 12,12,12,12,12,12,6,7,7,7,7,7,7
شوری 42
شوریده 7
شوستر 9,9,9,9,9,9,9,9
شوند 2,42,42
شونگا 7
شوهر 42,42
شوید 10,10,11,11,12,12,13,13,3,3,43,43,44,49,49,50,50,7,7,8,8,9,9
شکارگاهی 13
شکایات 2
شکست 3,3,7,7,7,7,7,7,7,8,8,9
شکستی 7
شکلی 7,8
شکوری 12,12
شکوفایی 8
شکوه 7,8,8
شگردی 12
شگفتی 13,13
شیاد 13
شیبانی 12
شیراز 11
شیرازی 12,2
شیرخواره 12
شیرین 42
شیشه 7
شیندلر 11
شیوع 8
شیوه 13,49
صاحب 12,12
صاحِبِ 54,8
صادر 11,8,8,8,8
صادق 11,2
صالح 1,12,54,54,8,8
صامت 10
صحبت 7
صحنه 10
صحنهٔ 8
صحیح 13
صخره 8
صداهای 8
صدای 12
صدور 11,2
صربستان 7
صرفاً 10
صرفنظر 49
صریحاً 13
صغیر 3,49
صفات 42,54,54,8,8
صفجه 1,10,11,12,13,3,43,49,50,7,9
صفحه 1,1,1,10,10,10,10,10,10,10,10,11,11,11,11,11,12,12,12,12,13,13,13,13,2,3,3,3,3,3,42,43,43,43,43,43,48,48,49,49,49,49,49,49,49,49,50,50,50,6,7,7,7,7,7,8,8,8,8,8,8,9,9,9,9,9
صفحهٔ 1,10,10,10,11,11,11,12,12,13,13,13,2,3,3,3,43,43,43,49,49,49,50,50,7,7,7,8,8,8,9,9,9
صلیب 10,10,8,8
صلیبی 8,8,8,8
صلیبیان 8,8,8
صناعة 8
صندلی 42
صنعت 6
صنعتی 2,7,7
صهیونیسم 8
صورت 10,11,11,11,12,12,12,12,13,13,13,13,13,13,13,3,43,44,48,49,49,50,7,7,7,7,7,8,8,8,8,8,8,8,8,8,8,8,8,8,9
صورتی 11
صومعه 8
صیدا 49,49,49
صیدون 49,49,49,49,49,49,49
صیغه 49
ضحّاک 8
ضرورت 13
ضعیف 7
ضمناً 13
ضمیمه 7,7,8,8,8,8
ضمیمهٔ 8
ضمیمۀ 8
طایفه 13
طبقات 7
طبقهٔ 42
طبیب 10,8
طبیعت 7
طبیعی 10,13,49
طرحهای 11,11
طرفدار 2,2
طرفداران 2,2,2,2
طرفی 8,8
طرفین 12,8
طریق 2,2,8
ططری 2
طغشاده 12
طغیان 13
طلاب 2,2
طلای 12
طلایی 54,7
طلوع 2
طوایف 2
طوری 13
طولانی 7,8
ظاهر 10,13,7
ظاهراً 13,3,42
ظروف 42,7
ظهور 12,12,3,3,42,42,42,7,8,8,8,8
عادی 7,8
عالم 12,49
عالی 8,8
عبادت 8,8
عبادتگاه 42
عبادی 3,8
عبارت 10,11,12,13,2,3,43,44,49,49,50,7,8,8,9
عباس 54,8,8
عباسی 12
عبدالرحیم 12
عبدالرزاق 12
عبدالعزیزخان 12
عبدالله 2,8
عبدالملک 8
عبدالکریم 2
عبرانیان 8,8,8
عبری 1,42,8,8,8,8,8,8,8,8,8,8,8,8,8,8
عبید 42,42
عبیدالله 12
عبیداللّه 12,12,12,12,12
عتبات 2
عتیق 11
عتیقه 10,11
عتیقیات 11,11
عثمانی 2,7,7,7,7,7,7,7,7,7,7,7,7,8,8
عجیب 11
عدالتخانه 2
عراق 42
عربستان 3
عربی 12,12,42,7,8,8,8,8,8
عروسی 12
عریض 8
عزیز 54,8
عزیمت 42
عسکر 42
عشایر 2
عشتروت 49,49
عضوی 48
عضویت 8,8
عطریات 49
عظیم 3,42,8
عظیمی 7,7
عفریت 42
عقاید 7
عقلی 12
عقیدتی 10
عقیده 13,13,13,13,13,13,2,3,49
عقیدهٔ 8
علائم 49
علاقه 11,11,7,7,7,7
علاقهٔ 10
علامتهای 49
علامتی 10,11,12,2,42,43,48,49,6,7,8,9
علاوه 10,11,13,13,7,7,8,8
علتش 13
علما 9
علماء 2,2,2
علمی 12,12,2,42,7,7
علوم 12,49,7,8
علویان 7
علیزاده 8
علیه 12,13,13,13,13,13,13,13,13,13,13,13,3,49,7,7,7,7,7,7,7,7,7,7,7,8
عمارت 8
عمان 8
عمدتاً 8
عمده 3,8,8,8
عمرو 12
عملاً 11,7,8
عملی 2
عملیات 13,7
عموری 42
عمومی 13,48,49,7,7,7,7,8,8,8,8,8,8
عمیقاً 3
عناصر 10,49
عنان 8
عنایت 10
عنوان 1,10,10,10,10,12,12,12,12,12,12,12,13,13,13,2,2,2,3,42,42,42,48,48,7,7,7,7,7,7,8,8,8,8,8,8,8,8,8,8,8,8,8,8,8,8,8,8
عهده 11,13,42,7,8,8
عوامل 7
عیادت 8
عیسی 7,8
عیناً 13
عینی 12
غارت 2
غارنشینی 42,42
غاصب 13,13
غالب 13
غالباً 13
غذایی 7
غربی 1,10,12,3,7,7,7,7,7,7,8,8,8,8,8,8,8,8,8,8,8,8
غضنفر 8
غلام 8
غلبه 12,2,8,8
غلبهٔ 42
غلدی 7
غنایم 12
غنیمت 7
غولی 13
غیابش 13
غیرانتفاعی 10,11,12,2,42,43,48,49,6,7,8,9
غیرحکومتی 2,2
غیرسامی 42
غیرعملی 3
غیرقابل 13
غیرقانونی 8
غیرمجاز 12
غیرمرکزی 2
غیرنظامیان 8
غیره 11,11,13,8
فئودالی 7
فئودور 7,7,7
فئودوروویچ 7
فاتح 3
فارس 11,2,42,42
فارسی 12,12,12,12,12,12,12,2,42,42,49,8,8,8,8,8,8,8
فارغ 11,11
فارناسپس 13
فاشیست 43,43
فاصله 11,11,7,8,8,8
فاطمه 54,8
فاطمیِ 8
فاقد 10
فاقوذ 1,54,8
فایده 49
فایدیما 13
فتحعلی 2,2
فترت 9
فدراتیو 7
فدراسیون 7,7,7,7,7,7
فدرال 7,7
فرات 42,49,49
فراتر 11,42
فراخوان 8
فراخوانی 42,42
فرار 7,7
فرارود 12
فراز 8,8
فرانسه 11,11,11,11,11,11,11,11,7,7,7,7,7,7,7,7,7,7
فرانسوی 11,11,11,11,11,11,11
فرانسویان 11
فرانکفورت 49,7
فراهم 11
فراوان 12,2,42
فراوانی 10,42,8,9
فرایند 3
فرجام 13
فردریک 8
فردی 7,7
فرزند 13,49,7,7,7,7,8
فرزندان 1,13,49,54,8
فرزندش 12
فرزندی 7
فرستادن 12
فرستاده 13
فرعی 8
فرغانه 12
فرمان 13,2,42,42,42,8,8,8
فرمانبردار 49
فرماندار 13
فرمانداری 8
فرمانده 3,7
فرماندهان 12,3,7
فرماندهٔ 8
فرماندهی 8
فرمانروای 12,42,49,7,7,7
فرمانروایان 12
فرمانروایی 10,13,3,7,7,7,7,8
فرمانی 11
فرهنگ 10,12,12,12,12,12,12,3,3,3,3,42,42,49,49,7,8,8,8,8
فرهنگستان 10,7
فرهنگی 10,11,11,12,12,12,12,42,42,42,7,7,7,7
فروپاشی 12,7
فروگرفتن 9
فریب 8
فریبکاری 13
فشار 2,8
فشارهای 8
فشرده 49
فضای 12,2
فضایی 8
فعال 11,43,48,8
فعالیت 11,11,11,11,11,11,11,2,48
فقهی 12
فقیرتر 7
فقیه 12
فلات 8
فلاندن 11
فلزات 49
فلزی 42
فلسطین 12,54,8,8,8,8,8,8,8,8,8,8,8,8,8,8,8,8,8,8,8,8,8,8
فلسطینی 1,8,8,8,8,8,8,8,8,8,8,8
فلسطینیان 8,8,8
فلسفه 7
فمینیست 48,48,48,48
فمینیستی 48
فمینیسم 48
فناوری 10,42
فنلاند 7,7
فنون 49
فنیقی 49,49,49,49,49,49,49,49,49,49,49,49,49,49,49,49
فنیقیان 49,49,49,49,49,49,49,49,49,49,49,49
فنیقیه 49,49,49,49,49
فهرست 12,12,12,12,42,43
فهرست_تاریخنگاران_ایرانی 50
فهرستی 7
فهمیده 3
فواصل 11
فوریه 7,7,7,7,8
فوقانی 49
فوکیه 7
فکرند 13
فیجی 7
فیروز 11
فیلارمونی 12
فیلیپ 3,3,3,3,3,3,3,3,7
فیلیپین 7
قائل 48
قابل 1,1,10,10,10,11,12,12,12,13,13,13,13,3,3,42,43,43,43,49,49,50,50,7,8,8,9
قابلیت 3
قاجار 11
قاره 3
قارهٔ 3
قازان 7
قالب 11,2,8,8,8
قامیش 12
قانون 11,11,2,2,2,42,42,42,7,7,8,8
قانونی 10,13,13,13,7,8,8
قاهره 8
قباب 8
قبال 2,49,8
قبایل 42,42,8
قبةالصخره 8,8
قبرس 8
قبرهای 8
قبلاً 13
قبله 8,8
قبلهٔ 8,8
قبلی 8
قبول 13,2
قبیلهٔ 8,8
قدرت 12,13,13,13,2,2,3,42,7,7,7,7,7,7,7,7,7,8,8
قدرتمند 7,7
قدرتمندتر 7
قدرتی 7
قدسیان 8
قدمت 1
قدیم 11,49,49,7,7,7,7,8,8,8,8,8,8,8,8,8,8
قدیمی 10,11,11,13,48,50,7,7,8,8,8,8,8,8,8,8,8,8,8
قرآن 3,54,8
قرآنی 54,8
قرائیم 8
قرادادی 8
قرار 10,11,11,11,11,12,12,13,13,13,13,2,3,3,3,3,42,42,42,42,42,42,42,49,49,49,49,7,7,8,8,8,8,8,8,8,8,8,8,8,8,8,8,8,8,8,8,8,8,8,8,8,8,8,8,8,8
قرارداد 11,11,7,7,9
قراردادی 11,7
قرارگیری 8
قربانی 42,42,8
قرمز 49,49
قرون 8
قزاق 7
قزوین 6
قسمت 12,13,49,49,8,8
قشقایی 2
قشون 2
قضایی 7
قطار 7
قطان 12
قطعنامه 8
قطعنامهٔ 8
قطعه 42,49
قطعی 8
قفقاز 7,7,7
ققنوس 42
قلمداد 13,13
قلمرو 10,10,12,12,12,8,8,8,8
قلمروهای 42,42,49,49,49,7,7
قلمروی 7
قلندیه 8
قلیلی 7
قمری 12
قنسولخانه 2,2,2,2
قنسولگری 2,2
قهاروویچ 12
قهرمانان 3
قهرمانی 3
قوانین 42,42
قوای 2,2,9,9,9
قولی 2
قومی 7,8
قیاس 3
قیام 7,7,7,7,7,7,7
قیمت 11,7
قیمتی 42,49
قیمومیت 8,8
لئون 3,3,7
لازم 42,42,49
لازمه 11
لاوائل 8
لایارد 11
لاینقطع 42
لایه 10,42
لباس 11,13,13,13,42,49,7
لبنان 49,49,49,49,49
لبنانی 49
لحاظ 13,7
لحنی 8
لرستان 11
لشکرکشی 13
لشکریانش 13
لطفاً 43,7
لمان 13
لندن 7,7,7
لنین 7,7,7,7,7
لهستان 12,7,7,7,7,7,7,7,7
لهستانی 7,7
لوای 48
لوزان 8
لوساتین 42
لویی 7,7,7,7
لژیون 7
لکلرک 7
لیبی 49
لیتوانی 7,7,7,7
لیون 10
مآخذ 13,13
مأمن 8
مؤثری 49
مؤسسه 11,11,11,11,9
مؤسسۀ 2
مؤلف 12,13,13
مؤلفان 13,13
مؤنث 49,49
مابین 3
ماثان 54,8
ماجرا 13
ماجراجویانه 7
ماجرای 13,9
ماجرایی 13
مادر 1,12,12,12,13,13,13,49,54,54,8,8
مادرش 3,7
مادرشان 13
مادهٔ 10
مادی 10,10,10,10,10,10,10,13
مارس 12,12,13,13,13,2,7,7,7,7,7,7,7,7,7,7,7,7,7,8,8
مارسل 11
مارسلیانوس 13
مارش 12
مارلیک 11
مارکوس 7,7
ماری 7
مالت 7
مالک 13,8
مالکیت 49
مالی 9,9,9,9
مالیات 13,7
مامیلا 8
ماند 12,7,8
ماندلباوم 8
ماندن 12,42,42,42
مانده 10,13,13,49,7,8,8,8,8
مانع 2
مانعی 13
مانعین 2
مانند 10,10,10,13,13,13,13,2,2,42,42,42,7,7,7,7,7,7,8,8,8
مانندی 49
مانور 3,8
ماهیانه 11
ماهیتی 8
ماوراءالنهر 12,12
ماکروسکوپی 10
مبارز 43
مبارزه 43,49,7,7,7
مبتلا 7
مبتنی 13
مبدأ 12,7,8
مبدل 3,3
مبلمان 7
مبنای 11,8
مبنی 10,11,13,13,3,3,3,42,8,8
مبهم 7
متأثر 12,3
متأخر 42
متأسفانه 13
متاخر 7
متحد 49,7,7,7,7,7,7,8,8,8,8,8
متحده 10,12,7,7,8,8,8
متحصن 2,2,2
متحصنین 2,2,2
متخاصم 7
متخصص 11,11,11,11
متذکر 3
مترجم 12
متروک 8
متری 3
متشکل 8,8
متصرف 12
متصرفات 3
متصل 1,10,11,12,13,3,42,43,49,50,7,8,9
متضمن 13
متعاقباً 3,8
متعدد 49,8
متعددی 2,8,8,8,8,8
متعلق 10,10,10,11,12,12,12,12,2,3,3,42,42,43,48,49,6,7,8,8,8,8,8,9
متغایر 13
متغیر 10
متفاوت 10,10,12,13,7,7,7,8
متفاوتی 3
متفرق 7
متفقین 7
متقارب 8,8
متمادی 8
متمدن 49
متمرکز 11,7,8
متناظر 3
متناقض 13
متناوب 49
متنفذین 7
متنوع 42,42
متنی 12
متهم 13,8,8
متوالی 7
متوجه 49
متوسل 13
متوفی 13
متوقف 11
متولد 3,7
متون 11,12,12,13,42,42,42,42,8,8,8
متوکلی 7
متکی 13
مثابه 3
مثابهٔ 42
مثال 3
مثالی 8
مثبت 8,8
مجارستان 12
مجاز 8
مجازی 43,8
مجاور 8,8
مجاورت 8
مجبور 3,7,8,8
مجدد 8,8
مجدداً 7,8,8,8
مجزا 10,8
مجزایی 42
مجسمه 49
مجلس 11,11,11,2,2,2,2,2,2,2,2,2,2,2,2,9,9,9,9,9,9,9
مجلل 7,7,8
مجله 12,8
مجمع 12,8,8,8
مجموع 8
مجموعه 1,10
مجموعهٔ 1
مجهول 13
مجوز 11,11,11
مجوزهای 11
محاصره 7,7,8,8
محاصرهٔ 3
محافظان 7
محافظت 7,8,8
محبوب 2,7,7
محبور 8,8
محتمل 13
محتوای 1,10,11,12,13,3,43,43,49,50,7,8,9
محتویات 1,10,11,12,13,3,43,49,50,7,8,8,9
محدود 10,11,12,2,2,7
محدودهٔ 12,8
محدودی 11,8
محسن 2
محسوب 3,7,8,8,8
محسوسی 7
محصولات 42
محفوظ 13
محققان 11,13,13
محققین 3
محله 8,8,8,8,8,8,8
محلهٔ 8,8,8
محلۀ 8,8,8,8,8,8
محلی 10,12,12,12,12,42,49,49,49,8,8,8,8,8
محمد 12,12,12,12,12,12,12,12,12,2,2,2,2,2,2,49,8,8,8,8,8,8,8,8,8
محمدتقی 8,8
محمدعلی 9
محمدکاظم 2
محمدیه 8
محمود 49,8,8
محور 8
محوری 8
محوطه 10
محوطهٔ 10,10,10,8,8
محکوم 7
مخابره 2,8,8
مخالف 13,2,7,7,8,8,9
مخالفان 7,7
مخالفت 2,2,2,2,2,2,7,8,9
مخالفتی 8
مختار 11
مختص 42
مختصات 1,12,49,8
مختصرتر 13
مختلط 3
مختلف 13,48,7,8,8
مختلفِ 8
مخدرات 2
مخدوش 10
مخروطی 49
مخزن 1,10,11,12,13,3,43,49,50,7,8,9
مخصوص 49
مخصوصاً 13
مخصوصی 49
مخفی 13,13
مخفیانه 7
مخنه 8
مخوف 7,7,7
مدارج 11
مدارس 3,8
مدارک 10
مداوم 11
مدتهای 49
مدتی 13,2,3,49,7,9
مدخلِ 10
مدرسه 12,12,12,12
مدرن 7,7,7,8,8,8,8
مدرک 10,13
مدرکی 12
مدعی 13,7,8
مدفن 12,8
مدنی 2,42,48,7,7
مدیترانه 49,49,7,8
مدید 49
مدیر 11
مدیرمسئولی 2
مدیریت 11
مدینه 8,8
مذاهب 8
مذاکرات 8,8
مذاکراتی 11
مذاکره 2,7
مذهب 7
مذهبی 42,42,48,7,7,8,8,8,8,8,8,8,8,8
مذهبیان 8
مذکور 13,13,13,13,42,8,8
مراجعت 13,13
مراحل 42
مرادخان 12
مرام 2
مراکز 11,12,12,49
مربع 8,8
مربعی 42,8
مربوط 10,10,12,13,13,13,13,13,13,3,3,42,42,42,48,49,49,49,49,50,50,7,8,8,8,8,8,8
مرتبط 42
مرتبهٔ 10
مرحله 11,11,11,11
مرداد 12,12,2,8,9,9
مردان 2,48,48,48,7,8
مردانه 8
مردسالار 42
مردم 10,10,10,10,10,12,12,12,13,13,13,13,13,13,2,2,2,2,2,2,2,2,2,2,42,42,49,49,7,7,7,7,7,7,7,7,7,7,7,7,7,7,7,8,9
مردمان 3,42,42,42,42
مردمانی 42,42
مردمی 49,7,7,7
مرده 13,8,8
مردود 13
مردی 13,2,2,7
مرزبندی 8
مرزهای 42,8,8,8,8,8,8,8,8,8
مرزی 10
مرصع 12
مرغدانی 8
مرمت 10,11,11,11
مرموز 13,13
مرواریدی 12
مرودشت 11
مرکب 49,7
مرکز 1,10,12,12,2,2,2,2,2,49,8,8,8,8,8,8
مرکزی 12,12,12,2,43,7,8,8,8,8
مرکزیت 8
مرگبار 13
مرگش 13,3,7,7
مرگی 13
مرگید 13
مرگیس 13
مریم 2
مرینا 7
مزاحم 10,54,8
مزارع 7
مزارعی 42
مزبور 10,13,13
مزین 42
مسألۀ 2
مسئلۀ 2
مسئول 13,13
مسئولان 8
مسائل 2,48,8
مساجد 8
مساحت 8,8,8,8
مسافران 11
مسافرتی 2,2
مسالمت 8
مساوی 11
مستبد 2,2,2
مستبدی 2
مستبدین 2,2,2,2,2,2,2,2,2,2
مستحکم 8
مستشار 9
مستشاران 9
مستطیلی 42,8
مستعد 42
مستعمرات 49
مستعمراتی 49
مستغلات 9
مستفوی 11
مستفیم 8
مستقل 10,11,42,7,8,8
مستقلی 10
مستقیم 13,13,7,8,8
مستقیماً 2
مستمری 9,9
مستند 10,12,43,8,8
مستندات 43,8
مستور 13
مستوفی 8,8
مسجد 11,12,8,8,8,8,8,8
مسجدالاقصی 8
مسجدهای 2
مسطح 3
مسلح 2,2,3,7,7,7,7
مسلط 7,7
مسلمان 7,8,8,8,8,8,8,8
مسلمانان 12,12,12,12,12,8,8,8,8,8,8,8,8,8,8,8,8,8,8,8,8
مسلماً 13,13
مسموم 2
مسکن 11
مسکو 7,7,7,7,7,7,7
مسکونی 11,11,11,12,12,12,12,42,8,8
مسکوی 7
مسیح 49,8
مسیحی 12,12,7,7,7,8,8,8,8,8,8,8,8,8,8,8,8,8,8
مسیحیان 8,8,8,8,8,8,8,8,8,8,8
مسیحیت 10,42,8,8
مسیر 12
مسیری 11
مسین 12,12
مشابه 12,12,12,3,42,49,49,49,8,8,8
مشارکت 2,8
مشاهدات 11
مشاهده 1,10,10,10,12,12,12,12,12,12,12,12,2,2,3,42,42,42,42,48,48,49,54,54,54,7,7,7,7,7,7,7,8,8,8,8,8,8,8,8,8,8,8
مشاهیر 12,12,12
مشاور 13
مشاورهٔ 49
مشترک 11,11,11,11,11,11,11,42
مشتق 12
مشتقات 42
مشخص 42,42,7,8
مشخصه 8
مشخصهٔ 10
مشرق 49,8
مشروح 13
مشروطع 2
مشروطه 2,2,2,2,2,2,2,2,2,2,2,2,2,2,2,2,2,2,2,2,2,2,2,2,48,7,9,9,9,9
مشروطهٔ 2
مشروطیت 2,2,2,2,2,2,2,2,2
مشروعیت 13
مشغول 11,13,2
مشفقی 12
مشمئزکننده 13
مشمول 8
مشهود 13,3,3,42
مشهور 12,12,12,42,7,7,7,7
مشهورترینشان 3
مشهورند 12
مشکل 13,42
مشکلات 2,7
مشکوکی 9
مصادره 8
مصری 10,3,8,8
مصوبه 8
مصوبهٔ 8
مصوّب 10,10
مطابق 8,8
مطابقت 13
مطالب 43,7
مطالعات 11,11,11,8,8,9
مطالعاتی 11
مطالعه 11,12,13
مطرح 10,48,8,8,8,8,8
مطلب 13
مطلع 13,13
مطلق 8
مطلقه 7
مطمئن 13
مطیعان 7
مظهر 42
معابد 12,12,3,42,42
معادن 6
معارف 12
معاشرت 13
معاصر 12,12,12,42,8,8
معاف 11,7
معافیتی 8
معاملات 42
معاویه 12
معبد 3,49,49,49,49,8,8,8,8,8,8,8,8,8
معبدمحور 42
معبدهائی 49
معبدی 49
معتبر 11,9,9
معترض 12
معتقد 13,2,42,48,7,7
معتقدند 8,8,8,8
معتمدش 13
معدنگاه 12
معدنی 10,10,10
معراج 8,8
معرض 8
معرفی 11,13,13,13
معروف 12,12,2,2,3,49,49,7,7,8,8,8
معضل 8
معلق 8
معلوم 1,13,13
معما 13
معمار 11
معماری 11,11,12,12,8,8
معمول 49
معمولاً 3,8
معنا 42,48
معنای 1,1,10,12,12,12,12,48,49,8,8
معنی 10,13,13,13,13,3,42,8
معیاری 3
معین 10,49
مغان 12,6
مغرب 49,8
مغربی 8
مغلوب 8
مغول 12,12,12,12,12,12,12,12,12,12,12,12,12,12,12,12,12,12,12,12,12,12,12
مغولان 12
مغولانِ 7
مفاد 12,7,8
مفتضح 13
مفرغ 12,42
مفسران 3
مفصل 13
مفصلی 3
مفهوم 10,3
مقابل 11,13,2,49,7,8
مقابله 7
مقالاتی 2
مقاله 7,7,7,8,9
مقام 13,2,49,7,7
مقامات 11,8,8,8
مقاومت 42
مقایسهٔ 10
مقبره 8,8,8,8,8,8,8,8,8
مقبرهٔ 8,8
مقبول 10
مقتدر 2,7
مقتول 13
مقدس 1,2,2,42,42,54,54,54,7,7,7,8,8,8,8,8,8,8,8,8,8,8,8,8,8,8,8,8,8,8,8,8,8,8,8,8,8,8,8,8,8,8,8,8,8,8
مقدسشان 8
مقدسی 42,8
مقدماتی 13
مقدمهٔ 8
مقدور 13
مقدونی 3,3
مقدونیه 3,3,8
مقديشو 7
مقرر 12,8
مقرون 13
مقسم 8
مقصر 7
مقطع 13,48
مقیاس 8
ملاحظات 2
ملاقات 11
ملامت 13
ملامحمدکاظم 2
ملاهای 2
ملبس 13
ملتقای 8
ملحق 7
ملقب 7
ملکم 2
ملکه 12,12,12,12,49,7,7,7
ملکوتی 42
ملیت 2
ملیک 2,2
ممالک 12
ممانعت 8
ممتاز 13
ممزوج 3
مملو 42
مملوک 8
مملکت 49
مملکتی 49
ممنوع 11,13,7
ممنوعه 54,8
ممکن 13,13,43,7,8,8
منابع 10,12,13,13,13,13,13,2,43,7,8,8,8,8,8,8,8,9,9
مناره 12,12,12,12
مناسب 12,8,8
مناسک 3,3
مناطق 13,2,2,2,42,7,7,7,8,8,8,8,8,8,8,8,8
مناطقی 49
مناظره 13
منافع 9
مناقشه 8,8,8
منبع 1,13,13,13,13,3,43,48,48,48,48,48
منتج 2
منتخب 7
منتخبات 13
منتشر 12,12,2
منتظر 7
منتقل 7,7,8,8
منجر 3,42,8,8,8,8,8
منجم 12
منحرف 13
منحصراً 8
منحل 7,7,9,9,9
مندرج 13
مندل 8
مندلباوم 8
منسوب 12,48
منشأ 10,10,7
منصرف 3
منصوب 13,2,7
منصور 2,8,9
منطقه 11,12,12,12,12,2,3,42,42,42,42,7,7,8,8,8,8,8,8,8,8
منطقهٔ 8,8
منطقۀ 12,2
منظم 11,11
منظور 42,8,9
منظوری 13
منعقد 8
منعکس 13,13
منعی 13
منغیت 12
منفرد 42
منفور 7
منقش 8
منچوری 12
منکر 8
مهاجران 3
مهاجرت 42,42,8,8,8,8
مهارت 49,49
مهدی 2
مهرپرستی 49
مهری 3,49
مهشید 8
مهم 49,49
مهمات 11
مهمانپذیر 8
مهمی 10,11,12,13,42,7
مهیا 3
مواجه 13,8,8
مواد 10
موارد 13,13,13,3
مواردی 8
موافق 13,13
موافقان 48
موافقت 48,8
موبد 7
موتیه 7,7
موثق 13
موجب 3,7,7
موجود 10,12,42,42,42,42,49,7,8
مورخ 10,11,12,13,8
مورخان 13,13,13,49,8
مورخین 13,13
مورد 10,11,11,12,13,13,13,13,13,13,13,13,3,42,42,49,7,7,7,8,8,8,8,8,8,8,8,8,8,8,8,8
موردش 13
مورگان 9
موزه 11,11,42,8,8
موسسات 8
موسوم 13,3,42,8,8,8,8,8,8
موسی 54,54,8,8
موسیقی 12,42,7
موشکی 8,8,8
موضع 2,8
موضوع 13,3,3,48,8,8,8
موضوعات 8
موطن 3
موفق 11,11,49,7,7,7,7,7
موفقیت 3,42,7,7,7,7
موفقیتی 49
موقت 7,7,7,7,7
موقتی 7
موقع 13,13,49
موقعی 13
موقعیت 8
موقعیتی 13
مولداوی 7,7
مونته 7,7
موهبت 3
موهی 12
مَتْوشَلَخ 1,54,8
مَدیَن 54,8
مَسیح 54,8
مُتدین 48,48
مُدرن 48
مُسندی 12
مکان 11,49,8,8,8,8,8,8,8,8,8
مکانهای 11,11,11,11
مکانی 12
مکتب 12,49,8
مکتوب 10,13,3,42
مکتوم 13
مکری 2
مکریان 2
مکزیک 7,7,7
مگوش 13
میان 11,12,12,2,2,2,2,2,3,3,42,42,42,42,42,42,42,48,48,48,49,49,6,7,7,7,7,7,7,7,7,7,7,8,8,8,8,8,9
میانرودان 42,42
میانه 1,12,12,12,42,7,7,8,8
میانهٔ 8
میانگین 12
میانی 12
میبرد 7
میبردند 7
میتسوا 8
میخائیل 7,7,7,7
میخاییل 7
میخی 42,49
میدان 2
میدانی 11
میراث 11,11,12,12,12,42,8
میرزا 2,2,2,2,2,9,9,9
میرپور 2
میزان 12,42
میزراهی 8
میسر 13
میسیونرهای 11
میلاد 1,10,12,12,12,13,13,13,3,3,3,3,42,42,42,49,49,49,49,49,49,49,7,8,8,8,8,8,8,8,8,8,8
میلادی 12,12,12,12,12,12,12,3,3,3,42,7,7,7,7,7,7,7,7,7,7,7,7,7,7,7,7,7,7,8,8,8,8,8,8,8,8,8,8,8,8,8,8,9
میلیون 12,2,42,42,7,8
مینسک 7
میکروسکوپی 10
ناآرامی 13,13
نابود 7,7
نابودی 13,7,8
ناتوان 7
ناحق 13
ناحیه 13,7,8
ناحیهٔ 8
نادرست 13
نادقیق 8
نادیده 13
ناراحت 13
ناراضی 49
نارضایتی 2,7
ناشناخته 11,12,12,12,7,7,7,8,8,8
ناشی 1,10,10,7,8
ناصرالدین 11,11
ناصرالملک 9
نافرمان 13,13
ناقص 42
ناقه 54,8
نامزد 9,9,9,9,9
نامساعد 3
نامش 13
نامشان 7
نامشخص 8
ناممکن 7
نامهٔ 12
نامی 49
نامید 49
نامیده 10,10,10,12,12,13,13,13,13,13,7,7,8,8,8
ناندا 7
ناهمگون 3
ناوگان 49
ناپدید 13,13
ناپلئون 7,7,7,7,7,7,7,7,7
ناپیدا 13
ناچیز 13
ناکام 3
ناکامی 7
ناگهان 13
نایتون 42
نباشد 13
نباید 10,13,7
نبرد 12,12,3,7,7,7,8,8
نبردند 12
نبردهای 3,49
نبردهایی 3,3
نبردی 3
نبشته 13,13,13
نبود 12,3,7,7
نبودند 49
نبوده 42
نتانیاهو 8,8
نتوان 42
نتوانست 7
نتوانستند 8
نتیجه 11,12,13,13,2,2,7,7,8,8,8,8
نتیجهٔ 8
نتیجۀ 8
نجات 11,11
نجبای 13
نجفی 2,2
نجومی 10
نجیب 42
نحوه 13
نحوی 3
نخبگان 2
نخست 10,12,12,13,42,7,7,7,8,8,8,9
نخستین 1,1,10,12,12,12,12,13,13,13,13,3,42,42,42,49,49,7,7,7,7,7,7,7,7,8,8,8,8,8
نخستینِ 8
نخواهد 8,8
نخورد 3
ندادند 8
نداده 7,8
ندارد 12
نداشت 13,13,13,13,48,7,7,7
نداشتند 7,7
نداشته 10,8,8
ندانسته 8
ندبه 8,8,8
نرسد 7
نرفت 42
نرگس 12
نزاع 8
نزدیک 11,12,13,13,13,2,42,42,42,49,49,7,7,8,8
نزدیکان 13
نزدیکی 1,10,11,12,49,49,8,8,8,8,8
نزوگوس 13
نسبت 2,42,48,48,49,54,7,8,8,8,8
نسبتاً 2,3
نسخه 1,10,11,12,13,13,13,3,42,43,49,50,7,8,8,8,8,8,8,8,8,8,9
نسیم 1,12
نشان 1,10,10,10,12,12,13,13,42,42,42,42,48,48,49,49,7,8,8,8
نشاندهٔ 8
نشانه 49
نشانی 10,11,11,12,13,3,3,43,44,49,49,50,7,7,8,8,9,9
نشدند 49
نشده 2,2
نشریات 2,2
نشناختن 8,8
نشین 8
نشینی 7
نصیر 8
نظارت 11,8
نظام 2,7
نظامی 12,12,3,3,3,3,3,3,49,7,7,7,7,7,7,7,7,7,7,7,8,8,8,8
نظامیان 7
نظایر 10
نظرسنجی 48,48,48
نظری 10,10,10,10,48
نظریات 10,3
نظریه 1
نظیر 10,10,2,42
نفاق 3,49
نفرت 42
نفری 8,8
نفرین 42
نفوذ 11,49,7,7,8
نفوذی 49
نقاط 2,49
نقره 11,11,11,11,42
نقشبندی 12
نقششان 42
نقشه 8
نقشی 8
نقصی 13
نقطه 11
نلدکه 13,13,13
نماد 49
نمادهای 42
نمادی 10
نماز 8,8
نمازگاه 12
نمانده 8
نمای 12,12
نمایان 49
نماید 7,7
نمایش 10,7,8
نمایشگاهی 8
نماینده 2,2,7
نمایندگان 12,2,2,7,7,8
نمدار 42
نمود 13,13,49,7,7,7
نمودار 42
نمودن 7
نمودند 13,7
نموده 13,2,3,42
نمونه 42,49
نمونهٔ 42,42
نمونۀ 12
نهاد 13,3,7
نهاده 7,8
نهایت 11,2,3,3,42,8,8,8
نهایتاً 13,3,3,7
نهایی 42,8,8,8
نهری 42
نهضت 12,2
نهمین 13
نوئل 7,7
نواحی 42,42,49,7
نوادگان 12
نوار 10,11,12,13,3,43,44,49,50,7,8,8,9
نوامبر 10,7,7,7,7,7,7,7,7,7,8,8
نواهای 12
نوبت 7
نوراجیک 42
نوربخش 8
نوردیک 42
نوروز 8
نوری 10
نوزدهم 11,11,12,8
نوسازی 49,7
نوسنگی 1,1,11,12
نوشت 10,11
نوشتار 43
نوشتاری 49
نوشتن 42
نوشته 12,12,12,12,13,42,42,49,49,8
نوشتهٔ 12,2,2,2
نوشتۀ 2
نوعی 42,42
نومیجکت 12
نوپای 9
نوگرای 12
نویان 12
نویسان 13
نویسندگان 11,2,42,8
نویسندگانی 13
نویسندگی 12
نوین 1,11,11,3,42,49,6,6,7,7,7
نوینی 3,7
نَجّار 54,8
نِهادند 8
نپال 7
نپدیرفت 8
نپرسیدند 13
نکات 13
نکته 13,13,42
نکرد 7,7
نکردند 2
نکرده 8
نگارش 42,42
نگارشی 42
نگارشیِ 42
نگارگری 12,12,12
نگاه 13,8
نگذشته 13
نگهبان 11,11,11,11,11
نگهبانان 13,13,7
نگهداری 42,49,49,8,8
نگیرد 8
نیاارمنی 42
نیابت 42
نیاز 42,7,8
نیازمند 2,48,7,7,7,7,8,8,8,8,8,9,9
نیامده 13
نیاکان 7
نیایش 49
نیجریه 7
نیرنگی 13
نیرو 7
نیرومند 12,3
نیرومندی 13
نیروهای 3,7,7,7,7,8,8,8,9,9
نیروی 12,2,42,42,49,49,7,7,7,7,7,7,7,7,8
نیزه 42
نیزهٔ 3
نیست 10,11,12,13,13,13,13,13,13,3,42,42,43,49,50,7,7,8,8,8,9
نیستند 3,48
نیفتاد 10
نیمه 11
نیمی 11,11,48,8
نیویورک 8
نیکبخت 12
نیکتایویچ 7,7
نیکلاس 13
نیکلای 7,7,7,7,7,7,7,7,7,7,7,7,7,7,7,7,7,7
نیکولای 7
نیکیتا 7
هائوپت 13
هادیان 7
هارون 13
هاکدوشیم 8
هایی 7,7,7
هاییتی 7
هجری 10,10,12,12,8
هجوم 2,2,3,3,42,7,8,8
هخامنشی 13,13,13,49,49,49,49
هخامنشیان 13,49,49,49,49
هدار 8
هدفش 7
هرات 12,12
هراس 13,7
هراسید 7
هراکلیوس 8
هرتسفلد 11,13,13,13
هرتل 13
هرود 8,8,8
هرودوت 13,13,13,13,13,13,13,13,13,13,13,13,13,13,13,13,13,13,13,13,13,13,13,13,13,13,13,13,13,13,13,13,13,13,13
هرودیان 8
هرچند 10,11,12,12,13,3,43,49,49,50,7,8,9
هرگز 3,42,49,7,8
هرگونه 10,10
هزار 11,11,12,2,42,42,42,49,7,8,8,8,8,8,8,8,8,8,8,8,8,8
هزاران 2
هزاره 12,12,12,42,42,42,42,8,8,8,8,8,8
هزارهٔ 12,42,42
هزارۀ 12
هزینه 11,12,7,7
هستند 10,10,7,7,8
هستهٔ 8
هستۀ 12
هشتاد 8
هشتصد 8
هشتم 49,49,49,49,49,49,49,49,8
هفتم 12,13,49,49,49,49,7,8,8,8
هفته 12
هفتگانه 7
هفدهم 12,7
هلادیک 42
هلال 8,8,8,8
هلنیستی 3,3
هلینیکوس 13
همان 11,12,13,13,13,13,13,3,3,3,3,42,49,8,8,8,8,8
همانجائی 49
همانند 49,7
هماهنگی 7,7
همایش 12
همبستری 3
همتای 8
همجنس 8
همخوانی 12
همدان 11,2
همدیگر 42
همراه 10,10,10,10,11,12,13,13,13,2,3,3,42,43,43,43,43,43,43,44,49,7,8,8,8,8,8,8,8,8,8,9,9
همراهى 11
همراهی 49,8
همزمان 8
همزیستی 42
همسایه 8
همسر 13,3,3,3,42,7,7,7,7
همسرش 3,7,7,7
همسری 7,7
همنام 13
همهٔ 10,10,11,11,12,12,13,13,3,3,42,42,43,43,49,49,50,50,7,7,8,8,9,9
همواره 8
هموزن 11
همپای 42
همچنان 12,12,2,3,3,7,7,8,8,8,8
همچنین 12,13,13,13,13,13,2,2,2,2,42,42,48,49,7,7,7,8,8,8,8,8,8
همچون 13,13,8,8
همکاری 2
همگام 8
همگان 13
همگرایی 42,42
همگی 7
همیشه 11,13,42
همین 10,11,12,12,12,13,13,2,3,3,42,43,44,49,49,50,7,7,7,7,7,7,7,7,7,8,8,8,9
هندویش 12
هندی 3
هندیان 3,49
هنرمندان 12,12,7,8
هنرهای 12
هنری 11,11,49,7,7,8
هنوز 11,13,13,13,13,2,7
هنگام 12,13,13,13,42,48,49,49,7,7
هنگامی 12,13,13,13,42
هنگامیکه 49
هنینگ 12
هوای 12,12,12
هوایی 1,1,12,12,12,42,49,49,7,7,8,8,8,8,8
هوبیو 7
هورامان 12
هورییان 42
هوشمندانه 7
هوفمن 8
هویت 13
هیئت 11,3,3
هیاتهای 11
هیلی 8
هیچگاه 8
هیچگونه 13
هیکل 8,8,8,8
وابسته 2,42,8
واترلو 7
واجد 2
واحد 10,2,43,7,7
واحدی 49
واحهٔ 12
وادار 7,7
وارثانش 3
وارد 10,10,10,10,11,11,11,12,12,12,12,12,13,13,13,13,13,2,3,3,3,3,42,43,43,43,44,44,49,49,49,50,50,50,7,7,7,7,7,7,7,7,7,7,7,8,8,8,8,9,9,9,9
واسطه 49,49
واسکو 8
واصل 8
واعظ 2
واعِله 1,54,8
وافری 7
واقع 1,1,12,12,12,12,12,12,12,13,13,2,49,49,49,49,8,8,8,8,8,8,8,8,8,8,8,8
واقعاً 13
واقعه 13,13,7
واقعی 13,13,13,3
واقعیت 8,8,8,8
واقف 13
والی 12
وانگهی 3
واهِله 1,54,8
واپس 7
واپسین 8
واژه 1,1,10,10,10,12,42,42,8
واژهٔ 12,12,12,12,12
واژگان 1,1,10,12,12,12,42,42,42,48,48,7,7,8,8,8,8
واژۀ 8
واکنش 7,8
واگذار 7,8,8,8
وبگاه 12,8,9,9
وجان 2
وجاهت 8
وجههٔ 13
وجوب 2
وجود 1,1,1,1,1,1,1,1,10,10,10,10,10,10,10,10,10,10,10,10,10,10,10,10,10,10,10,10,10,10,10,10,10,10,10,10,10,10,10,10,11,11,11,11,12,12,12,12,12,12,12,12,12,12,12,12,12,12,12,12,12,12,12,12,12,12,12,12,12,12,12,12,12,12,12,12,12,12,12,12,12,12,12,12,12,12,12,12,12,12,12,12,12,12,12,12,12,12,12,12,12,12,12,12,12,12,12,12,12,12,12,13,13,13,13,13,13,13,2,2,2,2,2,2,2,2,2,2,2,3,3,3,3,3,3,42,42,42,42,42,42,42,42,42,42,42,42,42,42,42,42,42,42,42,42,42,42,42,42,42,42,42,42,42,42,42,42,42,42,42,42,42,42,43,48,48,48,48,48,48,48,48,48,48,48,48,48,48,48,48,48,48,48,48,48,48,48,48,48,48,48,48,48,48,48,48,48,48,49,49,49,49,49,49,49,49,49,49,49,49,49,49,49,49,49,49,49,54,54,54,54,54,54,54,54,54,54,54,54,54,54,54,54,54,54,6,6,6,7,7,7,7,7,7,7,7,7,7,7,7,7,7,7,7,7,7,7,7,7,7,7,7,7,7,7,7,7,7,7,7,7,7,7,7,7,7,7,7,7,7,7,7,7,7,7,7,7,7,7,7,7,7,7,7,7,7,7,7,7,7,7,7,7,7,7,7,7,7,7,7,7,7,7,7,7,7,7,7,7,7,7,7,7,7,7,7,7,7,7,7,7,7,7,7,7,7,7,7,7,7,7,7,7,7,7,7,7,7,7,7,7,7,7,7,7,7,7,7,7,7,7,7,7,7,7,7,7,7,7,7,7,7,7,7,7,7,7,7,7,7,7,7,7,7,7,7,7,7,7,7,7,7,7,7,7,7,7,7,7,7,7,7,7,7,7,7,7,7,7,7,7,7,7,7,7,7,7,7,7,7,7,7,7,7,8,8,8,8,8,8,8,8,8,8,8,8,8,8,8,8,8,8,8,8,8,8,8,8,8,8,8,8,8,8,8,8,8,8,8,8,8,8,8,8,8,8,8,8,8,8,8,8,8,8,8,8,8,8,8,8,8,8,8,8,8,8,8,8,8,8,8,8,8,8,8,8,8,8,8,8,8,8,8,8,8,8,8,8,8,8,8,8,8,8,8,8,8,8,8,8,8,8,8,8,8,8,8,8,8,8,8,8,8,8,8,8,8,8,8,8,8,8,8,8,8,8,8,8,8,8,8,8,8,8,8,8,8,8,8,8,8,8,9
وحدت 7
وردون 7
ورزشی 2,8
ورزید 7
ورزیده 3
ورود 11,11,12,7,7,7,8,8,8,9
ورودی 8
وزارت 8,8,8
وزیر 11,12,8,8,8
وزیران 12,7
وساطت 7
وسایل 10,11,42
وسطایی 8
وسطی 7,7,7
وسعت 49,49,7,7
وسیابید 11
وسیعی 7,7,8,8
وسیله 13,13,13
وسیلهٔ 3
وشنوه 11
وصلت 7
وضعیت 42,42,42,8,8,8,8
وظیفه 7,7
وعده 7
وفادار 49
وفادارش 7
وفاداری 3
وقایع 11,12,13,13,13,13,13,2,42,8
وقایعی 13
وقتش 7
وقتی 13,13,2,49,7
وقعی 2
وقوع 11,13,13,13,3
ولایات 2
ولایت 12,12,2,2,2,7,7,8
ولایتی 2,2,2,2,2
ولگای 12
وکلا 2
وکلایی 2
ویتنام 12,7
ویدئویی 8
ویران 12
ویرایش 10,10,10,10,11,12,12,12,12,12,12,12,12,2,2,2,42,42,42,42,43,48,48,48,49,49,54,54,6,7,7,7,7,7,7,7,7,8,8,8,8,8,8,8,8,8,8,8,9
ویشتاسپ 13,13
ویلهلم 7
ویهارا 12
ویژه 10,11,12,12,13,13,3,43,49,49,50,7,7,7,8,8,8,8,9
ویژگی 10
ویژۀ 12
ویکی 10,11,12,13,3,43,49,50,7,8,9
پائول 7,7,7,7,7
پاتیزثیس 13
پادشاه 13,13,3,3,49,49,7,8,8,8,9
پادشاهان 10,12,12,12,13,13,13,13,13,13,49,49,49,7,8
پادشاهانی 7
پادشاهی 11,13,13,13,13,13,13,13,13,13,13,13,13,13,13,13,13,3,42,42,49,49,49,49,7,7,7,7,7,7,7,8,8,8,9
پادگان 8
پارامترهای 13
پارت 13
پارتیا 13
پارس 11,13,13,13,13
پارسی 12,12,13,13,13,13
پارسیان 13,8
پارمیدا 13
پارک 42,8
پارکینگ 8
پاریس 11,7,7,7,7
پاسخ 8
پاسخی 48
پاسداران 8,8
پانزده 8,8,8
پانزدهم 3,3,7,8
پانصد 49,8
پاکسازی 8
پاکستان 7,8,8
پاکی 42
پایان 10,11,42,42,42,49,49,7,7,7,7,7,8,8,8,8,8,8,8,9,9
پایانی 7
پایتخت 11,12,12,3,7,7,7,7,7,8,8,8,8,8,8,8,8,8,8,8,8,8,8,8,8,8,8
پایتختی 8,8,8
پایتختیِ 8
پایدار 10,11,12,13,3,3,43,49,50,7,8,9
پایداری 1
پایه 10,10,12,13,49,49,7
پایهٔ 12
پایگاه 12,12,8
پاییز 12
پایین 12
پایینی 12
پترز 7,7
پترزبورگ 6,7,7,7
پتروگراد 7,7,7,7,7,7,7,7
پدربزرگ 7
پدرش 3,3,3,7,7,7,7,7,7,7,7
پدری 42
پدید 12,13,3
پدیدآمدن 3
پدیدار 10,49,49
پذیرش 3,7,8,9
پذیرفت 7
پذیرفتند 7
پذیری 8
پرائریال 7
پراشک 13
پرانتز 54,8
پراکزاسپه 13,13,13,13,13
پراکنده 49
پراکندگی 12
پربار 42
پرتغال 8
پرخرج 3
پرداخت 11,12,7,7
پرداختند 10,12,12,42,7
پرداخته 11
پرداختی 11
پردار 42
پرده 7,7
پردیکاس 3
پررنگ 12,8
پرستش 1,49
پرستشگاه 12
پرسید 13
پرشمار 42
پرطرفدار 42
پرواز 8
پروران 12
پرورش 3
پروس 7
پروفسور 42
پرونده 7
پروژه 11,11,11
پروژهای 11
پروین 8
پرچم 8
پرکساسپ 13
پزشک 13
پساصنعتی 7
پستی 8
پسران 8
پسرانش 13
پسرش 13,7,7,8,8,8
پسری 12,7
پسین 42
پشتوانه 7
پشتیبانی 8,8
پشمی 49
پطرس 7
پلخانف 7
پلوتارک 13,3
پلکانی 8
پلیسی 7
پناه 2
پنجم 12,12,13,42,49,8,8,8,8
پنجمین 12,13,49
پنداشته 8
پنهان 12,13
پنکهرست 43
پهلوی 8,8
پهلَوانی 8
پهناور 3
پوخار 12
پورفیریوس 13
پوست 13
پوشید 13
پوشیده 13
پولیئن 13
پولیانوس 13
پومپی 13
پومپیوس 13
پونت 7
پوگاچف 7
پژواک 48
پژوهان 2,2
پژوهش 10,10,11,11
پژوهشکده 11,11
پژوهشگران 10,10,10,42,42,42
پگانی 42
پگانیسم 42
پیاده 12
پیامبر 8,8
پیامبران 8
پیامی 8
پیدا 11,3,42,42,49,49,7,8
پیدایش 10,49
پیرامون 1,10,10,10,11,11,11,12,12,12,12,13,13,13,2,3,3,3,43,43,43,44,49,49,49,50,50,50,7,7,7,8,8,8,8,9,9,9
پیرو 8
پیروان 8,8
پیروانش 8
پیروز 3
پیروزمندانه 7
پیروزی 12,3,7,7,7,7,8
پیروزیهای 49
پیرکانیا 13
پیشتر 11
پیشرفت 10,42,7,8
پیشنهاد 8,8,8,9
پیشه 49
پیشوای 42
پیشکش 42
پیشگام 12
پیشگامی 12
پیشگویی 13
پیشین 1,10,10,11,11,11,12,13,3,42,43,49,49,49,49,49,50,7,7,7,7,7,8,9
پیشینه 12
پیشینهٔ 10
پیشینۀ 12
پیشینیان 1
پیمان 12,7,7,7,8,8
پیمانی 8
پیوست 12
پیوستن 12
پیوسته 13,13,7
پیوستگی 42,42
پیوند 1,10,10,11,11,11,11,12,12,12,12,12,12,12,12,12,13,13,3,3,3,3,3,3,42,42,43,43,49,49,49,49,49,49,49,49,49,50,50,50,7,7,7,7,7,7,7,7,8,8,8,8,9,9,9,9
پیوندهای 1,10,11,12,13,3,43,49,49,49,7,8
پیوندی 42
پیچیده 13
پیکارهای 49
پیگیری 11,7
چادرنشینان 8
چارپایه 42
چارچوب 11
چالش 43,8
چاپار 2
چشمه 12,12
چطور 13,13
چنانچه 10,13,13,13
چنانکه 12
چندان 13
چندخدایی 42
چندی 3,3
چندین 2,3,49,49,7,7,7
چنگالی 49
چنگیز 12,12
چنین 12,12,13,13,13,13,42,49,7,7,7
چهار 3,8,8,8,8
چهارده 2
چهاردهم 7
چهاردهمین 13
چهارصد 8
چهارم 12,12,12,3,3,3,49,54,7,8,8,8
چهارمنار 12
چهارمین 3,7
چهارپایه 42
چهره 7,7
چوبی 42,42,8
چونان 42
چوپانان 8
چکیده 13
چگونه 13
چگونگی 1,10,11,12,13,3,43,49,50,7,8,9
چیزهای 10
چیزی 13,13,13,13,8,8
چیست 7
چینی 12,12
ژئوفیزیکی 11
ژاندارم 9
ژانوت 7
ژانویه 7,7,7,7,7,7,7,8,8,8
ژانویهٔ 48
ژاپن 7,7,7,7
ژاپنی 11
ژروم 3
ژنرال 7,8,8
ژوئن 12,12,3,3,42,7,7,7,7,7,7,7,7,7,7,9,9,9
ژوئیه 12,3,42,7,7,7,8,8,8
ژوئیهٔ 3,3
ژوئیۀ 2
ژوزف 7,7,7,7,7,7,7
ژوستین 13,13,13,13
ژوییه 7,7
کا 7,7,7,7,7,7,7,7,7,7,7,7,7,7,7,7,7,7,7,7,7,7,7
کابینۀ 8
کاتاکومب 42
کاتولیکی 7
کادوسیان 13
کارآزموده 3
کاربران 10
کاربرد 1,10,12,13,42,42,49,8
کاربری 10,10,11,11,12,12,13,13,3,3,43,43,44,49,49,50,50,7,7,8,8,9,9
کارتاژ 49,49
کارخانجات 7
کارش 50
کارشناس 11
کارشناسان 13,42
کارشناسانی 9
کارشکنی 7
کارل 7
کارلباخ 8
کارمانی 13
کارهای 11,13,48,49
کارون 6
کارگران 7,7
کارگری 7,7,7,7,7,7,7,7,7
کاری 12,13
کاریه 10
کازیمیر 7
کاساندان 13
کاستیری 42
کاشان 11,2
کاشت 42,42
کاظم 2
کافی 42
کالا 8
کامل 12,7,8,8
کاملاً 13,3,49
کامپو 7
کانال 12
کانونی 13
کانگریت 42
کانی 10
کاهش 42,42,7,8,8,8,8,9
کاهن 42,8
کاهنان 8
کاوش 11,11,11,11,11,11,11,11,11,42
کاوشهای 11,11,11
کاوشگران 11
کاپیتولینا 8
کبیر 7,7,7,7,7,7,7,7,7,7,7,7,7,7
کتاب 11,12,12,13,13,2,2,2,7,7,8,8,8,8,8,8,8,8,8,8,8
کتابخانه 10,43,7,8,8
کتابش 3
کتبی 42
کتزی 13
کتزیاس 13,13,13,13,13,13,13,13,13,13,13
کتسیاس 13,13,13,13,13,13,13,13,13,13,13,13,13,13,13,13,13,13,13,13
کتیبه 11,13,13,13,13,13,13,13,13,13,13,42
کدام 1,42
کرات 13
کراتروس 3
کرامات 12
کرامت 49
کرانه 1
کربن 42
کرتین 7,7
کرخی 8,8
کردن 10,11,12,13,13,2,3,3,3,3,43,44,49,50,7,7,7,8,8,8,9
کردند 11,12,12,12,13,13,2,2,3,42,48,48,48,49,49,7,7,7,7,7,7,7,7,7,8,9
کردنشین 2
کرده 10,10,12,13,13,13,13,13,13,13,2,2,49,7,7,7,8,8,8,8,8,8,8,8,8,8,8,8,8,8,8,8,8,8,8,8
کردهای 2
کردی 2
کرمان 2
کرمانشاه 11,2,2,2,2,2,2,2,2,2,2,2,2,2,2,2,2,2,2,2,2,2,2,2,2,2,2
کرمانشاهی 2,2
کرنسکی 7,7,7
کروی 3
کرپوتر 11
کریستف 7
کریمه 7,7,7
کزدند 7
کسانی 13
کسوت 3
کشاند 2
کشاندن 7
کشاورز 42
کشاورزان 42,42
کشاورزانی 42
کشاورزی 12,2,42,49,49,8
کشتارهای 8
کشته 13,13,13,13,13,13,49,8,8
کشتیرانی 6,6
کشتیهای 49
کشمکش 8,8
کشور 10,11,11,11,11,13,13,13,2,2,48,49,49,49,49,49,6,7,7,7,7,7,7,7,7,8,8,8,8,8,8,8,8,8,8,8,8,8,8,9
کشورش 13,7,7
کشورشان 49
کشورشهرهایی 49
کشورهای 10,48,48,48,49,49,7,8,8,8,8,8
کشوری 12,13,2,2,3,7,8,8
کشید 3,7
کشیدند 49
کشیده 3,43,7,8,8
کلاسیک 10,11,11,13,13
کلاغ 48
کلان 12,12,12,12
کلاه 49
کلاهی 49
کلمه 13,13,8
کلهر 2,2
کلچیان 42
کلیایی 2
کلیدی 8
کلیسا 8,8,8
کلیساهای 8
کلیسای 8,8,8,8
کلیه 7
کمابیش 42
کمان 13,42
کمبوجیه 13,13,13,13,13,13,13,13,13,13,13,13,13,13,13,13,13,13,13,13,13,13,13,13,13,13,13,13,13,13,13,13,13,13,13,13,13,13,13,13,13,13,13,13,13,13,13,13,49,49,49
کمتر 3,48,8
کمتری 7
کمربندی 8
کمونیست 2,7
کمکهای 49
کمکی 10,10,12
کمیته 7,7
کمیسر 7
کمیسرهای 7,7,7
کنار 12,12,42,42,48,48,49,49,49,7,7,8,8,8,8
کناره 8
کنارهٔ 42
کناری 10,11,12,13,3,43,44,49,50,7,8,9
کنترل 10,3,42,43,7,8,8,8,8,8,8,8,8,8,8,8,8,8,8,8,8,8
کنسول 8
کنسولگری 2,2
کنعان 8,8
کنعانی 1
کنعانیان 49
کنفرانس 7
کنند 12,13
کنندگان 13
کنوانسیون 8
کنون 8
کنونی 12,49
کنگاور 11
کنگره 7,7,7,7,7,7,7,7
کنید 42,42,8
کنیسای 8
کنیسۀ 8
کوانتین 7
کوتاه 7,7,7
کوتاهی 8
کودتا 13,7,7
کودتای 13,13,13,13,13,13,13,13,13
کودتایی 7
کودکی 3
کوردد 42
کورش 11,49,8,8
کورنیلوف 7,7
کوروش 13,13,13,13,13,13,13,13,13,13,13,13,13
کوشش 8,8,8,8,8
کوشیدند 12
کولوفن 13
کومتس 13,13
کونیگ 13
کوهستانی 49
کوچه 12,12
کوچک 13,13,13,2,8,8,8,8
کوچکترش 13
کوچکی 7
کُلثوم 54,8
کیدرون 8
کیلومتر 8,8,8,8,8,8,8,8,8
کیلومترمربع 8
کینه 8
کیهانی 10
کیونیگ 13
گئومات 13,13,13,13,13,13,13,13,13,13,13,13,13,13,13,13,13,13,13,13,13,13,13,13,13,13
گائون 8
گابریل 7,7,7,7
گادابای 42
گاهی 7,7,7
گاوکشان 12
گذار 7
گذاشت 13,3,7,8
گذاشتن 3,48,7
گذاشته 42,8
گذرگاهی 8
گذشت 12
گذشته 10,10,10,10,10,10,11,12,13,49,49,8
گراند 7
گرایان 12
گرجستان 7
گرجی 8
گردانندگان 8
گرداگرد 8
گردنبند 42,42
گردند 49
گردهم 7
گردهمایی 11
گردید 12,2,2,2,42,49,49,49
گردیده 42
گرشویچ 12
گرفت 11,13,13,13,13,13,2,3,42,49,7,7,7,7,7,7,7,8,8,8,9
گرفتن 12,8,8
گرفتند 12,49
گرفته 11,12,13,49,7,7,8,8,8,8,8,8,8,8,8
گرمَدپده 13
گرمی 12
گروشی 7,7
گروه 11,11,11,12,13,2,2,7,7
گروهی 10,10,8
گرچه 10,11,12,13,13,3,43,48,49,50,7,7,7,7,7,8,8,9
گریبان 7
گریخت 7,7
گزارش 12,13,13,13,13,13,8,8,8
گزاف 7
گزافی 7
گزنفون 13,13,13,13,13
گزیدند 12,42
گسترده 11,11,11,3,49
گسترش 11,11,11,11,12,2,49,7,7,7,7,8
گستره 8
گشایانه 7
گشته 42
گشود 10
گفتار 42
گفتاوردهای 12,42
گفتن 13
گفتند 48
گفتنی 8
گفته 10,10,12,12,13,13,13,13,13,13,2,2,3,8,8
گفتهٔ 12,3,8
گفتۀ 2
گلاسککا 42
گلتسین 7
گلستان 7
گمارده 8
گمرک 11
گناه 42
گنجانیدن 8
گندم 42
گهواره 12
گواه 49
گواهی 42
گورستان 11,8,8
گومت 13,13,13
گوناگون 12
گوناگونی 3,42
گونه 12,12,13,13,8
گونهٔ 10,42,42
گونۀ 12
گووه 42
گویا 12,12,12
گویش 12
گویند 12
گویندگان 42
گویون 7
گیاهان 10
گیاهانی 42
گیاهی 10,10
گیلان 11
گیهون 8
گیگر 8
یادآور 13,3
یادبود 3,49
یادبودی 3,3
یادمان 10
یادکرد 1,1,10,11,12,12,12,13,3,43,43,48,49,50,7,8,9
یادکردهای 12,7
یادگارهائی 49
یاران 7
یاری 7
یاریخ 1
یازدهم 11
یاسین 54,8
یافت 11,49,7,7,7,7,8
یافتن 10,8
یافتند 8
یافته 13,3,3,3,49,49,7,8,8,8,8
یافتهٔ 10
یبوس 8
یخبندان 42
یروشلاییم 8
یریحو 1
یعقوب 12,8
یعنی 10,12,13,2,2,42,49,49,49,7,7,7,7,7,7,7
یقین 13
یقیناً 13
یهود 8,8,8,8,8,8,8,8
یهودا 8,8,8,8,8,8,8,8,8,8,8,8,8,8
یهودی 8,8,8,8,8,8,8,8,8,8,8,8,8,8,8,8,8,8,8,8,8,8,8,8,8,8,8,8,8
یهودیان 12,8,8,8,8,8,8,8,8,8,8,8,8,8,8,8,8,8,8,8,8,8,8,8,8,8
یهودیانِ 8
یهودیانی 8
یهودیت 8,8,8,8,8,8,8,8,8,8
یهودیه 49,49
یهودیِ 8
یهیل 8
یواخیم 10
یوان 12
یورش 42
یوریس 42
یوشع 8
یوفَنّا 54,8
یونان 3,3,3,3,3,3,3,3,3,49,49,49,49,49
یونانی 10,10,12,12,13,13,13,13,3,3,3,3,3,3,3,3,3,42,8
یونانیان 3,3,49
یونتیس 42
یونسکو 12,12,12,12,12,8,8,8
یوهانوس 13
یکتاپرستی 8
یکدیگر 13,13,13,13,13,13,2,7
یکسان 13,13,13,8
یکصد 13,8
یکنفر 49
یکپارچه 7,8
یگانه 13
