آئین 25
آب_آشامیدنی 1
آبدوستی 23
آبرسانی 26,6
آبزی 25
آبزیان 25
آبسه 15
آبکی 7,7
آخرین 18,26
آداب 24
آذربایجان 24
آرایشگر 27,27
آرایشگران 27,27
آرایشگرانی 27
آرایشگرهای 27
آرایشگری 27
آزاد 1,23,25,25,25,25,26,6
آزمایش 1,28,28
آزمایشگاه 14
آزمایشگاهی 28
آزمون 15,27,27
آسایشگاه 3
آسیایی 28
آشامیدنی 1,1,7
آشنا 27
آشوت 27
آشپزی 24,24,24
آغاز 12,15,18,7
آفات 25,25,25
آفریقایی 28
آلفورت 25
آلمان 27
آلمانی 24
آلمبرت 25
آلوده 1,7,7
آلودگی 7
آلومینیوم 23
آماتور 15
آماده 24,24
آماری 28,7,7
آمده 25
آمریکا 27,28
آمریکای 14
آمریکایی 24
آموزان 25
آموزش 14,25,27,27,27,28
آمیزشی 27
آناتومی 25
آنتی 7
آوئرباخ 26
آوردن 28
آورده 28
آوریل 24,25,25
آویزان 12,18
آیتم 15,24,25,26,27,28,7
آینده 18
آیین 24
ابتدا 18,25
ابتدای 25,28
ابتداییِ 27
ابتلای 28,28
ابوطالب 25
اتاق 18,18,18,27,27,27
اتاقهای 3
اتحادیهٔ 23
اتریش 25
اتفاق 28,28,28
اتوایمیون 28
اتیلن 23
اتیولوژی 28
اثرات 23
اجابت 7
اجازهٔ 18
اجباری 15,24,25,26,27,28,6,7
اجتماعی 13
اجتناب 25
اجزاء 23
اجزای 18
احتمال 14,14,14
احتیاج 25
احیا 25
اختراع 15
اختصاص 25,25,27,27
اختصاصی 3
اختلال 28
اختیار 25,28
اختیارات 25
اختیاری 15,24,25,26,27,28,6,7
اخیر 1,15,15,15,24,24,25,25,25,26,26,27,27,27,28,28,28,7,7,7
اخیراً 28
ادارات 25,25,25,25
اداره 25,25,25,25,28
اداری 27
ادامه 25,25,25,25,27,28,7,7
ادرار 18,18,18,26,26,26,26,6,6,6,6
ادراری 23,27,27
ادعا 18
ادیان 24
ارائه 27,27,28
اراده 15
ارایهٔ 27
ارتباط 28,28
ارتباطی 28
ارتش 25,25,25,25
ارثی 28
ارجاع 26,26,27,27,28
ارجمند 25
ارزش 25,25
ارزنده 25
ارزیابی 28
ارشد 27,27,27
ارومیه 25,25,25
اروپائی 23
اروپایی 27
ازجمله 18
ازجملهٔ 18
ازلحاظ 18
ازنظر 18
اساسی 24
اسبان 25,25
استان 25,25,25,25
استاندارد 18,23
استخدام 25
استراحت 26,6
استرس 28
استعمال 12,14
استفاده 15,15,15,18,18,18,18,18,18,18,18,18,18,23,23,23,23,23,24,24,24,24,25,25,25,26,27,27,28,28,28,28,28,28,28,28,7,7,7
استفادهٔ 18,18
استقرار 18
استپانیان 27
اسلام 25,25
اسلامی 1,25,25,26,6
اسناد 25
اسهال 7,7,7,7,7,7,7,7,7,7
اسپری 23
اشاره 18,18,25,25
اشتباه 12
اشتومپ 27
اصلاح 24,24
اصلی 15,15,23,24,25,26,27,28,28,28,28,28,6,7,7
اضافه 23
اضطراب 13
اضطرار 1
اطلاع 25,25
اطلاعات 15,24,25,26,27,28,6,7
اطلاعاتی 25
اظهار 15
اعتراض 23
اعتماد 28
اعزام 25
اعصاب 28
اعضای 28
اعلام 23,27,28
اعمال 28,28
افتتاح 25
افراد 18,18,18,24,25,28,28,28,28,28,28,3,3,7,7
افرادی 24,27,27,27,27,27,28
افزایش 14,18,28,28,28,28,28,28
افزایی 23
افزودنی 25
افسر 25
افسران 25
افشانک 18,18,18
افشانکی 18
افعال 12
افقی 25
افلاطونی 24
اقدام 25
اقلام 25
اقوام 15
البته 7
التحصیل 25
التهابی 7
الزامی 28
النهرین 15
الهی 15
الکترونیکی 26,28
الگو 14,14,23,23,24,24,24,24,24,26,26,26,26,26,26,27,27,27
الگوهای 6,6
الگوی 24,24,7
الیاف 24
اماکن 18
امروزه 24,27
امور 25,25,25,27,27,28
امکان 1,15,18,18,24,25,26,27,28,3,6,7
امکانات 18,18,18,3
انتخاب 23,23,25,25,25,25,27,28,28,28
انتقال 25,27
انجام 15,24,24,25,25,25,25,25,26,27,27,27,27,28,28,28,28,28,28,28,3,6,7
انجمادی 26
انجمن 25,25,25,28
اندازه 24
اندو 27
اندکی 7
انرژی 24,24,24
انسان 15,25,25,25,26,26
انسانی 15
انسولین 28,28,28,28,28,28,28,28,28,28,28,28,28,28,28,28,28,28,28
انواع 12,18,18,23,23,24,24,28,28,28,28,28,28
انگشتان 14
انگل 25
انگلیسی 14,18,24,25
انگور 24
اهمیت 18,25,25,28
اهواز 25,25
اوایل 28
اوستا 25
اوقات 18
اولین 18,23,23,25,25,25,25,25,25,27,27
اولیه 15,15,25,27,27
اونسویی 18
اکتبر 25
اکثر 24,27
اکنون 25
اکوسیستم 25
اگرچه 18,18,18,18,18
ایجاد 1,12,14,14,18,23,24,25,25,28,28,28,28,28
ایجادکننده 12,28
ایدهٔ 18
ایدیوپاتیک 28
ایران 15,15,25,25,25,25,25,25,25,25,25,25,25,25,25,27,27,27,27,27,28,28
ایرانی 25,25
ایردن 27
ایستادن 18
ایستاده 18
ایشان 25
ایفا 25
ایمان 15
ایمن 28
ایمنی 28,28,28,28
اینترنتی 25
اینترنشنال 26,6
اینکه 18,28,28
ایکس 28
بابل 15,15,25
بابلی 15
بادامی 24
بادنجان 24
بارداری 28,28
باروری 27,27,27
باریکی 18
بازار 23,28
بازبینی 14
بازرسی 25,25
بازنگری 25
بازکردن 15
باستان 15,25
باشد 1,14,18,24,25,28,28
باشند 23,24
باعث 14,18,18,18,23,26,28
بافت 14,14,25
باقلا 24
باقی 1,15,18,28,28
باقیمانده 1
بالا 18,18,18,18,23,28,28
بالاخره 28
بالای 18,23
بالایی 23,7
باهمکاری 25
باهنر 25,25
باکال 23
باید 1,1,1,18,18,23,23,24,24,25,27,28
بتای 28,28,28
بتواند 25
بخشی 24,25,27
بدست 25
بدنِ 18
بدون 14,24,26,26,26,26,28,7
بدین 25,25
برابر 14,26,28
براساس 18
برای 1,14,14,15,15,15,18,18,18,18,18,18,18,18,18,18,18,23,23,23,23,23,24,24,24,24,24,24,24,25,25,25,25,25,25,25,25,25,25,25,25,26,26,26,27,27,27,27,27,27,27,28,28,28,28,28,28,28,28,28,28,28,3,3,6,7,7,7,7
برحسب 18
برخی 15,15,18,18,18,18,18,18,23,24,27,27,27,28,7
برداشتن 23
بردن 18,23,28
برده 15,15
برشمرده 18
برشی 23
برطبق 26
برطرف 7
برلین 25
برندهای 23
بروز 1,24,25,26,28,28,28,28,28,28,28,28,28,28,28
برچسب 28
برگزیده 25
بریتانیا 27,27
بریتانیایی 24
بزرگ 12,18,18,25,27
بزرگرین 25
بزرگسالان 28
بسازید 15,24,25,26,27,28,6,7
بسته 18,23,26,3,6
بسزایی 23
بسیار 23,23,23,25,25,27,28,28,28
بسیاری 12,15,23,24,24,25,25,27,28
بشقابی 26
بعداً 25,25
بعضاً 27
بعضی 24,24,25,25,27,28
بعنوان 25
بلایا 27
بلوغ 13
بلکه 28
بماند 28
بنابر 25
بنابراین 28,28,28
بنای 25
بنگاه 25
بنیانگذار 27
به 28
بهبود 18,25,25,25,27
بهتر 26,26
بهداشت 1,23,25,25,25,25,25,25,27,27,27,27,27,27,27,28
بهداشتی 18,25,25,25,25,25,26,26,26,27,3,6,6,6
بودجه 25
بودن 23
بودند 23,25,27,27,27,27
بوده 23,25,25
بورگلا 25
بوسیله 7
بوقلمون 24
بولونیا 25
بپردازند 27
بکار 23,23
بکشد 18
بیاورد 18
بیدهٔ 18
بیرونی 12
بیشتر 1,14,14,15,18,18,18,18,23,24,24,25,25,26,26,27,27,28,28,28,28,28,28,28,28,6,7,7,7
بیشتری 18,25,28
بیصاحب 3
بیطار 25
بیمار 15,15,15,28,28,28,28,28,28,28,28,28,28,28,28,7
بیماران 28,28,28,28,28,28,28,28,28
بیمارانی 28,28
بیمارستان 15,25,25
بیماری 12,12,12,12,12,12,12,15,25,25,25,25,25,28,28,28,28,28,28,28,28,28,28,28,28,28,28,7
بینجامد 7
بینی 23
بیوتکنولوژی 25
بیوتیک 7
بیوشیمی 25,26
بیولوژیک 25
تأثیر 14,14,23,24,24,28
تأثیرگذار 28,28,28
تأسیس 25,25,25,25,25,25,25
تألیف 14
تألیفی 27
تأمین 15
تأیید 25,28,28
تاجیکی 3
تاریخ 15,25,28
تاریخ_پزشکی 15
تاریخچهٔ 27,27
تاریخی 27
تاسیس 25,25
تامین 27
تاکنون 23
تبدیل 18,27
تبریز 25,25,25
تبصره 25
تبلیغی 23
تجاری 14,23,24,25,26,27,6,7
تجربی 25
تجویز 7
تحریر 25
تحصيل 27
تحصیل 25,25,25,25,27
تحصیلات 25,27
تحصیلی 27
تحقیقات 18,25,25
تحمل 7
تخریب 28,28,28,28,28,28,28,28
تخصص 27,27
تخصصی 25,25,25,25,25,25,25,27,27,27,27,27,27
تخلیه 26,26,26,6
تخلیهٔ 18,18
تخمین 7
تدارک 24
تدریج 28
تدریس 25,25,27
تدوین 27
تراشیدن 27
تربیت 25,25
ترتیب 28
ترشح 18,18,28
ترمیم 27
ترکیب 18,23,23,23,23,23,23,23,23,23
ترکیبات 23,23,23,23,23,23,23,23
ترکیباتی 23
تزریق 28
تسکین 27
تشخیص 12,13,13,27,28,28,28,28,28
تشکل 25
تشکیل 23,23,23,25,25,25
تشکیلات 25,25,25
تصادفی 15,24,25,26,27,28,7
تصاویر 15,24,25,26,27,28,3,7
تصمیم 25,28
تصویب 1,25,25,25,25,25,27
تصویری 18
تعادل 18,18,18
تعاملی 26,6
تعبیه 18
تعداد 25,28,28
تعدادی 12
تعریف 1,28
تعلیق 23
تعیین 28
تغذیه 7
تغییر 23,23,27,28,7
تغییرات 15,24,24,25,26,27,28,7
تغییراتی 24,24
تغییری 24
تغییریافته 24
تفاوتی 18
تفتیش 25
تفریحی 3
تقاطع 25
تقریبا 25
تقریباً 28
تقسیم 12,24,27
تقلبی 28
تقلید 23
تقویت 18
تقویم 15
تلاش 25,25
تلفات 25
تلفن 14,23,24,25,26,27,6
تلنباری 26,6
تماس 14,18,18
تمام 14,25
تمرکز 18
تمیز 18
تمیزکننده 18
تمیزکنندگی 23
تناسب 24
تنباکو 14,14
تنظیم 18,28,28
تنفسی 18
تنها 18,27,27,27,27,27,28
تنوع 27
تهران 25,25,25,25
تهویهٔ 18
تهیه 23,24,24,27
تهیهٔ 24,24
توارث 28
توالت 18,18,18,18,18,18,18,18,18,18,18,18,18,18,18,18,18,18,18,18,18,18,18,18,18,18,18,26,26,26,26,26,26,26,26,26,26,26,26,26,26,6,6,6,6,6,6,6
توالتی 26,26,6,6
توان 25
توانایی 27,28,28,3
توانسته 28
توانند 12
توانی 13
توتو 18
توجه 24,24,25,25,27,28,28
تورگو 25
تورین 25
توسط 15,23,23,24,24,25,25,27,27,28,28,28,28,28,28,28,28,28,28
توسعه 25
توصیه 24,24
توضیح 18
تولد 15
تولید 26,28,28,28,28,28,28
تولیدمثل 25,25,27,27
تولیدی 28
تومه 24
تکیه 18
تیوبی 23
ثابت 14
جادوگران 15
جادویی 28
جالبی 25,25
جامع 23,27
جامهٔ 18
جانوران 25
جایگاه 12
جایگزین 1,25
جایی 18
جداگانه 1
جدید 18,28
جراحی 25,26,26,26,26,27,27,27,27
جریان 23
جزئی 23,28
جزئیات 14,23,24,25,26,27,6
جستارهاي 25
جستارهای 14,23,24,27
جلوگیری 18,23,25,27,28
جمله 18,24,25,25
جملهٔ 23
جنبه 25
جنسی 13,13,13
جنسیتی 26,6
جنین 25
جهاد 25,25,25,25
جهان 1,18,18,18,24,25
جهانی 14,23,25,25,25,25,25,26,28,6
جوارحی 14
جوامع 24
حادتر 7
حاصل 7
حاضر 18,23,23,23,28
حالات 7
حالت 12,25,7
حالی 23
حاملگی 28
حاوی 23,23,28,28
حداقل 28,7
حدود 18,25,25,25,28,7
حرارت 1
حرفهٔ 27
حرکت 13,13,27
حساب 15,15,15,24,24,25,25,25,26,26,26,27,27,28,28,6,6,7,7
حساسیت 23
حسینی 24
حضور 25,25,25,28
حفرهٔ 18
حقیقت 28
حلبی 27
حمام 26,6
حمله 12
حمورابی 15
حوزه 25,25,27
حیاتی 25
حیاط 27,27
حیوان 25
حیوانات 25,25,25,25,25,25,25,25,25,25,25
حیواناتی 25
حیوانی 24,25,25,25,25,25
خارج 12,18,18
خارجی 28,28,28,28
خارجیان 18,18,18
خاصی 15,18,23,25,7
خانه 3
خانواده 28
خانگی 25,28,7
خاکشیر 24
خدمات 27,27,27,27
خدماتی 25
خدمت 27
خروج 26
خسارات 25
خشکی 25
خصلت 23
خصوص 1,15,24,24,25,25,26,27,28,28,7
خصوصاً 28
خصوصی 25,25
خصوصیاتی 23
خطرناک 23
خلاء 26,26,6,6
خلاف 1
خلال 24
خمیر 23,23,23,23,23,23
خمیردندان 23,23,23,23,23,23,23,23,23,23,23,23,23,23,23
خواص 15
خواهد 14,15
خوبی 28,7
خودایمن 28
خودایمنی 28
خودکار 18,18,26
خوراک 24,24,24,25
خوراکی 23,25
خوردن 24,7,7
خورشیدی 25,27,27,27,27
خونی 7,7,7
خوکی 26
خویش 28
خیابان 15,25
خیزش 15
خیلی 23,28
دائرةالمعارف 25
دائم 28
دائمی 28
داخل 18,18,24
داخلی 28
دادن 23,7
داده 12,15,24,24,25,25,25,26,27,27,27,28,28,28,28,7,7
دارالفنون 27
دارای 1,15,18,18,23,23,24,24,24,25,25,27,27,27,27,27,28,28,28,28,28,28,28,3,6,7
دارد 1,15,15,15,24,25,25,25,26,27,28,28,28,28,28,28,28,7
دارند 12,23,23,24,25,28,28,3,7
دارو 23,23,25,28,7
دارویی 15,15,23
داریوش 25
داشت 18,25,27,28
داشتن 18,23,25
داشتند 25
داشته 23,24,27,28
دامن 18
دامپروری 25
دامپزشک 25,25,25,25,25,25
دامپزشکان 25,25,25,25,25,25
دامپزشکانی 25
دامپزشکی 25,25,25,25,25,25,25,25,25,25,25,25,25,25,25,25,25,25,25,25,25,25,25,25,25,25,25,25,25,25,25,25,25,25,25,25,25,25,25,25,25,25,25,25,25,25,25,25,25,25,25,25,25,25,25,25,25,25,25,25,25,25,25,25,25,25,25,25,25,25,25
دامی 25,25
دانست 27
دانش 15,15,25
دانشجو 25,25
دانشجوی 25,27
دانشجویان 27
دانشنامهٔ 1,15,15,24,24,25,25,26,26,27,27,28,28,7,7
دانشکده 25,25,25,27
دانشگاه 25,27
دانشی 25,25
دایر 25
دایرهٔ 28
دخیل 28
دراز 28,28
دربار 27,27
دربارهٔ 1,14,15,23,23,23,24,24,24,24,24,25,25,25,26,26,26,26,26,27,27,27,28,7
دربرگیرنده 28
درجاتی 28
درخواست 28
درسته 24
درسی 14
درصد 18,23,28,28,28
درصدد 27
درمان 12,15,18,25,25,25,25,25,25,25,25,27,27,27,28,28,28,28,7
درمانی 15,23,25,25,27
درنتیجه 27
درهنگام 18
دروس 25
درون 23,23
درونی 12,25,25
درگیر 12,28
دریابد 28
دریافت 23
دریافتی 28
دریایی 24
دسامبر 14,6
دسترس 14,23,24,25,26,26,27,28,6,6,7
دستمال 26,26,26,26,6
دسته 12,25,25,27,7
دستهٔ 27
دستور 25,25,27
دستيار 27
دستگاه 26,26,26,26,26,26,26,26,26,26,26,26,26,28,28,28,28,28,28,28,7
دستگاهی 28
دستی 26,6
دستیار 25
دستیاران 25,25
دستیاری 25,27,27
دعوت 15,24,25,26,27,28,3,6,7
دفتر 14
دفع_مدفوع 26
دفعات 7
دلبستگی 13,13
دلتا 26
دلپذیری 23
دلیل 18,23,23
دنبال 15,25
دندان 23,23,23,23,23,27,27,27,27,27,27,27,27,27,27,27
دندانسازی 27
دندانپزشکان 23
دندانپزشکی 27
دندانی 27,27
دنیا 24,25
دهان 14,23,27,27,27,27,27,27,27,27,27,27,27,27,27,27,27,27,27
دهانه 14
دهانی 27,7
دهند 15,7
دهنده 23,23,23,23,28,28
دوباره 25
دوبارهٔ 18
دوران 15,15,15,15,15
دوره 27,27,27,27
دورهٔ 27
دوری 18
دوفاز 23
دولت 25,25,25
دولتی 25
دچار 28,28,28,28,7,7
دکتر 15,15,23,23,25,25,25,25,27,27,27,27,27,27,27,27,27,27
دکترای 25,25,27,27
دیابت 28,28,28,28,28,28,28,28,28,28,28,28,28,28,28,28,28,28,28,28,28,28,28,28,28,28,28,28,28,28,28,28,28,28,28,28,28
دیابتش 28
دیابتی 28,28
دیجیتالی 23,27
دیدرو 25
دیده 23,28,28,28,28
دیدگاه 15
دیوار 18
دیگر 1,15,15,18,23,23,23,23,24,24,24,25,25,26,26,27,27,27,28,28,28,28,28,3,7,7
دیگران 25
دیگری 12,15,18,23,24,25,28,28
ذخیرهٔ 18
ذهنی 13,13,13,13
رئیس 25,25,25,27,27
رابطه 13
راجع 25,25
راجعه 28
راحتی 28
رادیولوژی 25
رادیولوژیکی 1
رازی 25
راهنمای 27
رایج 27,28
رساند 27
رسانده 1
رسانی 25
رسمی 26
رسوم 24
رسومشان 24
رسید 25
رشته 15,25,25,25,25,25,25,25,27,27,27,27
رطوبت 23,23
رعایت 27
رفتار 13
رفتاری 13
رفتن 1,28,28,7
روابط 25
رواج 25
روان 7,7
روتاویروس 7
روده 26,7,7
روزی 25
روستا 18
روستایی 27
رونده 28
رویدادهای 15,24,25,26,27,28,6,7
رژیم 24,24,24
رکتال 23
ریخته 18,27
ریسک 28,28,28,28
ریشه 12,25,25,27,27
زائدِ 26
زابل 25
زانتان 23
زانو 18
زایی 12,23
زبان 1,18,23,23
زرتشت 25,25
زرگر 27
زعفرانی 24
زمان 1,18,18,25,25,25,27,27,27,27,28
زمانی 27
زمین 18,18
زمینه 25,28
زنان 18,26,26,27,27,28,6,6
زنانه 18
زنده 28
زندگی 12,3
زوئه 18
زودرس 28
زیاد 23,23,25,27,28
زیادتر 14
زیادی 27
زیبایی 27
زیرا 14
زیرزبانی 23
زیرزمین 27
زیرین 26
زیست 24,25,25
سابقه 28
ساجی 24
ساخارین 23
ساخت 15,18,24,25,26,27,28,6,7
ساختمان 18
ساختمانی 27
ساختن 27
ساخته 18,18,18
ساختگی 13
ساده 12
سادگی 15
سازمان 14,23,24,25,25,25,25,25,25,25,25,25,25,26,27,6
سازمانی 25
سازنده 28
سازوکار 18
سازوکارهای 28
ساعت 14,23,24,25,26,27,28,6
سالخورده 3
سالم 7
سالمندان 18
ساله 27
سالواتوره 15
سامانه 1,15,15,15,24,24,24,25,25,25,26,26,26,27,27,27,28,28,28,3,6,6,6,7,7,7
سامانهٔ 18,18
سانتیمتر 18
ساکن 3
ساکنان 3
سایر 15,23,25,28
ساینده 23,23
ستون 15
سختی 15
سدیم 23,23,23,23
سراسر 18,24,25
سراسری 25,25,25
سرانجام 25
سرانه 14
سرتاسر 24
سرطان 14,14
سرطانی 14,14,14
سرعت 25,28
سرنویس 28
سروان 25
سرویس 18,23,26,26,6,6
سرپایی 26,26,6,6,6
سرگرد 25
سریع 7
سریِ 18
سطحی 23,23,23,23
سطلی 26
سفرنامه 25
سفری 23
سفید 18
سقوط 25
سلامت 14,14,25,25,25,27,27,27,27,27
سلامتی 14,24,24,26,26
سلولی 14,28,28
سمنان 25
سموم 14,14
سمیت 23
سنتز 23
سنتی 12,18,18,18,18,18,18,18,18,24
سنجش 27,28,28,28,28,28
سنجو 18
سنجی 1
سنندج 25
سنگی 15
سنگین 25
سنین 28
سوءتغذیه 24
سوئد 25
سوئدی 25
سوارکاری 25
سوخت 28
سوربیتول 23
سوزان 26
سوزاندن 24
سوزش 23
سولاب 26,6,6
سولفات 23
سپهبدی 25
سکونت 18,3
سیاح 27,27,27,27,27
سیار 26
سیخی 24
سیزدهم 25
سیستم 18,18,23,26,26,26
سیفون 18,18
سیفونه 26
سیگار 14,14,14,14
شاخص 1
شاغل 25
شامل 12,14,15,25,25,25,25,25,28,28,7,7
شاهد 27
شاگرد 27
شاید 23
شبستر 25
شبکه 25,25,25
شبکهٔ 27
شبیه 18
شخصی 28
شخصیت 7
شدید 7
شرایط 1,25,7
شرایطی 28
شرکت 18,18,18,23,24,28
شستن 18,24
شعار 25
شعاری 25
شعبه 25,25
شغلی 12
شفیلد 23,23
شلوار 18
شلوغی 27
شماری 7
شمال 25
شمرده 24,24
شناخت 25,27,7
شناخته 25,28,28,28,7,7,7
شناسی 25,25,25
شنبه 25,25
شهرستان 25
شهرهای 1
شهرکرد 25,25
شهریار 27
شهریور 27
شواهد 28
شواهدی 15,28
شورای 24,25,25,25,25
شوند 24,7
شوید 15,15,24,24,25,25,26,26,27,27,28,28,6,6,7,7
شوینده 23
شکارچی 25
شیراز 25,25
شیرین 23,23,23,23,23
شیمیایی 26
شیوع 25,28,28,28,28
شیوهٔ 24
صادارت 25
صحیح 28
صفجه 15,24,25,26,27,28,7
صفحه 1,14,15,15,15,15,15,23,24,24,24,24,25,25,25,25,25,26,26,26,26,26,27,27,27,27,27,28,28,28,28,6,7,7,7
صفحهٔ 15,15,15,18,24,24,25,25,25,26,26,26,27,27,27,28,28,28,6,7,7
صفراوی 26
صندلی 27
صنعتی 25
صنفی 25,25,25,25,25,25
صورت 1,15,18,24,24,24,25,25,25,25,25,26,27,27,27,28,28,28,28,3,6,7,7
ضدزنگ 18
ضرورت 25
ضروری 7
ضعیف 15
ضمیمه 25
طاعون 25,25,25
طاهرخانی 25
طبیعی 12,12,23,24,24,28,28,28,7,7
طراحی 3,3
طریق 18,28,7
طوری 27
ظاهراً 28
ظروف 23
عابری 15
عالی 27,27
عامل 12,23,7
عبارت 1,15,24,25,26,27,27,28,3,6,7
عبارتی 27
عبور 18,18,25
عربستان 24
عرضه 18,23
عروقی 28
عصبی 23,26,26
عضلانی 23,23
عضوی 12,27
عطار 27
عفونت 28,28,7
عفونی 12,25,27,7,7,7
عقاید 15,15,24
علائم 12,26,26,26,28,7
علامت 15
علامتی 14,23,24,25,26,27,6
علاوه 14,23,28
علمی 15,25
علوم 14,25,25,25,27
علّت 18
علیه 28,28,28
عمده 25,27
عملکرد 23,28,28,28
عملی 27,27,27
عملیات 26
عمومی 18,18,25,25,26,27,27,27,27,27,27,27,27,27,6
عناوین 25
عنوان 25,25,25,25,25,25,27,27,28,28,7,7,7,7
عهده 12,25,25,28
عهدهٔ 27
عوارض 23,28,28
عوامل 23,23,28,28,7,7,7
غالب 15
غذاهای 24,24,24,24
غذاهایی 24,24
غذای 12,24,7
غذایی 23,24,24,24,24,24,24,24,24,24,24,25,25,28
غربالگری 28
غربی 18,18,18,18,18,18,18,18,18
غلظت 28
غیرانتفاعی 14,23,24,25,26,27,6
غیرقابل 23,28
غیره 24,24
فارغ 25
فارماکولوژی 25
فارمر 26,6
فاصله 18
فاصلهٔ 18
فاضلاب 18,26,26,6,6
فاکتور 28,28
فاکتورهای 28
فراخوانی 23
فرانسه 25,27,27,27
فرانسوی 24,27
فراهم 25
فراوانی 25,25,28
فردِ 18
فردی 25,28,7
فرماندهی 25
فرمول 23
فرمولاسیون 23,23,23,23
فرنگی 26,26
فرهنگ 24,24,24,28
فریضه 25
فسفات 23,23
فشار 18,28
فضولات 18,18,18
فعال 23,23,23,25
فعالیت 12,18,28
فلاحت 25
فلاش 18,18,18
فناوری 18,18,25
فواید 18
فوران 18,18
فیثاغورث 25
فیزیکی 12,23,27,27
قابل 1,13,15,24,24,24,25,25,25,25,26,26,26,27,28,28,28,7,7
قابلیت 23
قادر 25
قانون 15,25,25,25
قانونی 14,14
قبلاً 28
قبلی 28
قبولی 27
قدرت 15,23
قدیم 25,28
قدیمی 18
قرار 15,15,18,18,18,18,18,23,24,25,25,25,25,25,25,27,27
قرقاول 24
قرون 24,27
قسمت 18
قطار 18
قفقازی 24
قلبی 12,28
قلوه 24
قلیان 14
قلیایی 23
قندهای 24
قندی 24,24
قوانین 15,15
قویتری 28
قیمه 24
لابراتواری 27
لازم 23
لایهٔ 23,23
لایپزیک 25
لباس 18
لبهٔ 18
لطفاً 26,27
لقمه 24
لندن 25
لوئی 25
لوازم 18,23,23
لوبیا 24
لورت 23
لوریل 23,23
لوله 1,24,26,26
لوور 15
لوکس 24
لیتر 1,28
لیست 28
مؤثر 12,28,28
مؤسسه 25,25,25,27
مادر 7
مادرزادی 12
مادرید 25
ماده 25
مادی 12
مارکر 28
مارکرهایی 28
مازندرانی 24
ماقبل 15,15,15
مالشرب 25
مالی 25,3
مامایی 25
ماندن 28
مانده 1
مانند 12,12,12,14,23,26,27,28
ماهر 27
ماکروسکولار 28
مایع 7
مایعات 7,7
مبادرت 25,27,27
مبارکی 25
مبتلا 24,24,28,28
مبتلایان 28
متابولیسم 28
متخصص 25,27
متشکل 15
متصاعد 18
متصل 15,24,25,26,27,28,7
متعادلی 7
متعددی 25,25,28,28
متعلق 14,23,24,25,26,27,6
متغیر 26
متفاوت 18,18,18,24
متمایز 27,28
متناوب 26
متنوع 24
متوالی 25
متوسطه 14
متولد 25
متیل 23
مثال 15,24,24,24,28,28
مثلاً 28
مجاری 12,27,27,27,7
مجاز 24
مجدد 18
مجرای 12,18
مجرب 28
مجلس 25,25
مجوزدار 28
محافظت 23,6,6
محتوای 15,24,25,26,27,28,7
محتویات 15,24,25,26,27,28,7
محدود 24
محدودی 25
محسن 27
محصول 18,18,18,23,23,23
محصولات 23,25,25
محلول 23
محلی 24,24,25,25,25,26,26,26,28,6,6
محمد 25
محمدخان 27
محول 25
محکم 18
محیط 25,25
مختلف 12,23,24,24,24,28,28
مختلفی 23,24,28
مخزن 15,24,25,26,27,28,7
مخصوص 23
مخصوصی 24
مخلوط 24
مدارس 18,25,25,25
مدرسه 25,25,25,25,25,25,27,27
مدرسهٔ 27,27,27,27
مدرن 24,24,26,6
مدرک 27,27
مدفوع 18,18,18,26,26,26,26,6,6,7,7,7
مدفوعشان 7
مدفوعِ 26
مدلی 18
مدیر 25
مدیریت 25,27,28
مذاهب 24,24
مذهب 24
مراجعت 25,27
مراجعه 28
مراحل 27
مراقبت 28,3
مربا 24
مربوط 12,15,27,27
مرتبط 25,26,26,27,27,28,6,6
مرجع 23
مرحله 26,26,28
مرحوم 25
مردان 18
مردم 25
مرسوم 18
مرور 28
مرکز 25
مرکزی 25,25
مزاج 12,12,12,7
مزایای 28
مزون 25
مزیت 23
مسئله 28
مسئلهٔ 27
مسئول 25,25,25,25
مسئولیت 25,25,25,28
مسئولین 25,25,25,25,25
مسافرتی 26,6
مساوی 27
مستخدم 27
مستطاب 24
مستعد 28
مستعمرات 24
مستقل 25,25,25
مستقیم 25
مستقیماً 25,7
مستقیمی 28
مستند 24,27
مسمای 24
مسوؤلین 27
مسیح 25
مشابه 18,24,24,25,25,26,26,26,28,28,6,6
مشاهده 14,23,23,24,24,24,25,26,26,26,27,27,28,28,28,28
مشترک 25,27
مشتمل 25
مشخص 18,28,28
مشخصی 28
مشغول 25
مشهد 25,25
مشکل 18
مشکلاتی 26,28,28
مصرف 12,14,14,18,18,23,23,23,24,24,24,24,24,25,28,28,28,7
مصرفِ 18
مصرفی 23
مصوبه 25,25
مطالب 26,27
مطالبات 25,25
مطالعات 25
مطالعه 25
مطرح 27,28
معاصر 15
معالجه 25
معاون 25
معاونت 25
معتبر 28
معده 14
معدودی 27
معرض 28
معرفی 18,28
معروف 18
معلولین 3
معمول 28
معمولا 25
معمولاً 24,28,28,28,28,3,3,7,7,7
معنی 28
مفرد 12,12
مفصل 27,27
مقابله 25
مقاصد 15
مقاطع 25,25,25
مقاله 27,27
مقام 25
مقامات 23
مقامی 25,25
مقاوم 1,28,28
مقاومت 28,28,28
مقایسه 18,25,25
مقدار 18,28,7
مقدس 15
مقطع 25,27,27
مقعد 26,6
ممنوع 23,27
ممنوعیتی 23
ممکن 18,18,18,18,24,24,26,28,28,28,28,28,28,28,7,7,7,7,7,7
منابع 15,24,24,26,28,7
مناسب 28,28
مناسبی 1,1,25
منبع 1,18,18,18,23,23,26
منتزع 25
منتشر 27
منتقل 25,7
منجر 23,28,28,28,7,7
منشأ 24,24,25
منشاءهای 24
منطقه 18
منظم 28,28
منظور 23,24
منقوش 15
مهارنشده 13
مهاری 26
مهرماه 27
مهرهایی 15
مهلک 25
مهمی 25,25,25,28
مهندسان 24,24
مواد 23,23,23,23,23,23,23,23,24,24,24,24,24,25,25,25,25,25,25,26,27,28
موارد 12,23,28,28,7,7,7,7,7
مواردی 28
موافقت 25,25
مواقعی 1
موجب 14,24,24,25,7
موجود 12,18,23,23,23,23,24,25,26,27,28,28
مورخ 15
مورد 15,15,15,18,23,23,24,25,25,25,25,25,25,28,28,28,28
موزه 15
موسوم 27
موضوع 25
موضوعی 28,7
موظف 15
مولکولی 23
مونیخ 25
مکان 18
مکانیک 24
مکرر 28
مکمل 28
میان 24,25,28
میانگین 27
میزان 1,1,18,18,23,28,28,28,28,28,28,3
میسر 28
میسنر 26
میلاد 15
میلادی 23,25
میلان 25
میلچارسکی 27,27,27,27
میلیون 25,7
میکروبی 1
میکرووسکولار 28
میگویند 3
ناخوشایندی 23
نادرتری 12
نادرست 12
ناسالم 12
ناشی 12,15,23,25,28,28,28
ناظرین 25,25
نافرمانی 13
ناقل 7
نامناسب 23
نامهای 25
نامیرا 14
ناواگیر 12
ناپایداری 23
ناپذیر 25
ناپل 25
نباشد 18,7
نبود 12,28
نتیجه 25,28
نجات 7
نحوه 27,28
نخستین 25
نخودچی 24
ندارد 15
ندارند 28
ندرت 28,28,7
نردیکس 25
نزدیک 18,26
نسبت 12,18,18,18,28,28,28,28
نسبی 28
نسخه 15,24,25,26,27,28,3,7
نشان 15,28,28,28
نشانی 15,15,24,25,26,26,27,28,3,6,7
نشده 26,28,28
نشستن 18
نشیمنگاه 18,18,26
نظارت 25,25,25,25,25,28
نظامی 25
نظری 14,27,27,27
نظیر 27
نفره 3
نقاشی 23
نقشی 12,28
نقطه 24
نمایانگر 28,28
نماید 25
نمود 25,25
نموده 25
نمونهٔ 18
نهاد 23
نهایت 28
نهایی 23
نواحی 24
نوار 15,24,25,26,27,28,28,6,7
نوارهای 28
نوامبر 23,24
نوجوانان 28
نوجوانی 27,28
نوزادان 27
نوشتار 26
نوشتن 15
نوشته 18
نوعی 14,18,24,7
نوین 24,25,25,27
نوینی 25
نژاد 28
نکات 25
نکته 25,25
نگارش 25
نگهدارندهٔ 23,23
نگهداری 24,27
نیاز 27,28,28,3
نیازمند 23,23,27,27,27,28,28
نیازی 7
نیست 15,24,25,26,27,28,28,28,6,7
نیمی 24
نیوریست 18
هادر 25
هادی 26,26,6
هاروطونیان 27
هاضمه 26
هانور 25
هایپرگلایسمی 28,28
هردو 18
هرچند 15,24,25,26,27,28,6,7
هرکدام 18
هرگونه 18
هزار 25
هزاره 15
هستند 23,24,28,28,28
هفته 7
همان 14,27,7
همانند 18
همانندِ 27
همراه 24,24,24,25,27,27,28,28,7
همسنگ 23
همهٔ 15,15,18,18,23,24,24,25,25,25,26,26,27,27,28,28,3,7,7
هموگلوبین 28
همچنین 12,18,18,18,18,18,23,23,23,24,25,25,27,28,28,28,28,28,28
همچون 18,18,24,24,28,28,28
همگام 25
همیشه 23
همین 1,15,18,24,25,26,27,27,28,3,6,7
همینطور 25
هنوز 18,28,28
هنگام 18,26,28,28
هنگامی 12
هواپیما 26
هوای 24
هوشمند 26
هیئت 25
هیجانی 13,13
هیدرات 23
هیدراته 23
هیدروفیل 23
وآموزش 27
وابسته 25,27,28,28,28,28,28
واحد 25,25,25
وارد 15,15,15,18,24,24,24,25,25,25,26,26,26,27,27,27,28,28,28,28,3,6,6,6,7,7,7
واردات 25
واشلت 18,18,18,18
واشورتّو 18
واضح 23
واقع 25
والا 25
واژه 25,28
واژگان 1,27
واکنش 28,28,28,28
واگذار 27
واگیر 12
وجود 13,13,13,13,13,13,13,13,14,14,14,14,14,14,14,14,14,14,14,14,14,14,14,14,14,14,15,15,15,18,18,18,18,18,18,23,23,23,23,23,23,23,23,23,23,23,23,23,23,23,23,23,23,23,24,24,24,24,24,24,24,24,24,24,24,24,24,24,24,24,24,24,24,24,24,24,24,24,24,24,24,24,24,24,24,24,24,24,24,24,24,24,24,24,24,24,24,24,24,24,24,24,24,24,24,24,24,24,24,24,24,24,24,24,24,24,24,24,24,24,24,24,24,24,24,24,24,24,24,24,24,24,24,24,24,24,24,24,24,24,24,25,25,25,26,26,26,26,26,26,26,26,26,26,26,26,26,26,26,26,26,26,26,26,26,26,26,26,26,26,26,26,26,26,26,26,26,26,26,26,26,26,26,26,26,26,26,26,26,27,27,27,27,27,27,27,27,27,27,27,27,27,27,27,27,27,27,27,27,27,27,27,27,28,28,28,28,28,28,28,28,28,6,6,6,6,6,6,6,6,6,6,6,6,6,6,6,6,6,6,6,7,7,7,7,7,7
وجودی 28
وراثتی 12
وزارت 14,25,25,25,25,25,25,27,28
وزارتخانه 28
وزیر 25,25,25
وسایر 25
وسایل 27
وسایلی 18
وسواس 23
وسیله 25
وضعیت 25,28,28,28,28,7
وضعیتی 7,7,7
وظایف 25,28
وظیفه 25,25
وعده 28
وقتی 28,7
ولتر 25
ویتامین 24
ویرایش 13,14,14,23,23,24,24,24,24,25,26,26,26,26,27,27,27,6
ویروس 28,28
ویروسی 28
ویزیت 15
ویژه 12,15,24,24,25,25,26,27,27,28,3,7
ویژهٔ 27
ویکی 15,24,25,26,27,28,7
پاتولوژی 25,25
پادشاه 15
پادشاهی 25,27
پادوآ 25
پارامتر 28
پاریس 23
پاستور 25,25
پاسخ 28
پاسخگویی 7
پانزدهم 25
پانکراس 14,28,28,28
پایان 27,28
پایدار 15,24,25,26,27,28,28,3,7,7
پایداری 23
پایش 28
پایشگر 28
پایشگرهای 28
پایشی 28,28,28,28,28
پایه 14,15,24,24,25,25,27
پایهٔ 27,27
پایگاه 27
پایی 27
پایین 18,18,28,28
پخته 24
پذیرایی 24
پذیرش 23,27
پرسنل 25
پرندگان 25,25
پرهیز 24
پروتئین 23,24,28,28
پروتئینی 25
پروتزهای 27
پرورش 25,25,25,25
پرورشگاهی 24
پرکاربرد 23
پزشک 12,15,25,28,28
پزشکان 15,27
پزشکی 15,15,15,15,15,15,15,25,25,25,27,27,27,27,3
پزشکیِ 18
پسرش 23
پلاستیک 23
پلاستیکی 23
پلاسما 28
پوست 7
پولی 26
پیامی 28
پیدا 18,23
پیرامون 15,15,15,24,24,24,24,25,25,25,26,26,26,27,27,27,27,28,28,28,3,6,6,7,7,7
پیرزنان 3
پیرمردان 3
پیشرفت 25,27
پیشرفتهٔ 18
پیشروی 7
پیشنهاد 25,27,7,7,7,7
پیشکسوتان 27
پیشگامان 27
پیشگیری 23,25,27,28,7
پیشین 15,24,25,26,27,28,7
پیشینه 15
پیوند 1,1,15,15,15,15,23,24,24,24,24,25,25,25,25,25,25,26,26,26,26,26,27,27,27,27,27,27,28,28,28,28,28,6,6,6,7,7
پیوندهای 15,24,25,26,27,28,7
پیگیر 25
پیگیری 25,25
چارپایه 26,6
چاقی 24,28,28,28
چالش 26
چربی 14,28,28,28
چسبان 23
چسبناک 23
چشمگیر 25
چغاله 24
چمباتمه 18
چندصد 27
چنین 25
چهار 27,27
چهارپایه 27
چوبی 27
چگونگی 1,15,24,25,25,26,27,28,7
چیدن 24
چینی 23
ژاندارمری 25,25
ژانویه 24,25
ژانویهٔ 14,25,27
ژاپن 18,18,18,18,18,18,18,18
ژاپنی 18,18,18
ژنتیک 28
ژنتیکی 12,12,28,28,28
ژوئن 24,26
کادر 25,25
کاراژینان 23
کاربرد 23,23,24,28
کاربردهای 23
کاربردی 23
کاربری 15,15,18,24,24,25,25,26,26,27,27,28,28,6,6,7,7
کاردان 25
کارشناس 25
کارورزی 25
کارکرد 18
کازرون 25
کافی 18
کامل 27,28,28
کانادا 27
کانال 18
کاهش 18,18,23,28,28,7,7
کباب 24,24,24
کبدی 14
کتاب 18,25,25
کتابخانه 24
کتبی 25
کتواسیدوز 28
کدام 28
کدهای 13,28,7
کربومر 23
کردن 1,14,15,18,18,18,23,23,23,24,24,24,24,24,24,24,25,26,27,27,27,28,6,7
کردند 25,25
کرده 15,25,25
کرمان 25,25
کرمانشاه 25
کسانی 7,7,7,7
کشاورز 25
کشاورزی 25,25,25,25,25,25,25,25,25
کشته 15
کشور 14,23,25,25,25,25,25,25,25,25
کشید 27
کشیدن 14,27
کشیده 26
کلاس 27
کلاسیک 25,28
کلسیم 23,23
کلمات 27
کلوئیدهای 23
کلود 25
کلینیک 25,27
کلینیکال 25
کلینیکی 27
کلیه 25,25,28
کماکان 28
کمبود 24,28,28
کمتر 18,23,28
کمترِ 18
کمتری 18,28
کمکی 18
کمیسیون 23
کنار 18
کناری 1,15,24,25,26,27,28,3,6,7
کنترل 13,18,18,24,25,25,28,28,28,28,28,28,28,28,28,28,28,28
کندن 13
کنند 28
کنندهٔ 23,23,23
کنونی 25
کهنه 12,18
کوبیده 27
کوتاه 28,7,7
کوتاهی 25
کودک 7
کودکان 28,7
کودکانی 7
کودکی 13,28
کولونوس 23
کولگیت 23
کوچک 12,18,18,25
کپنهاک 25
کیفیت 24,24,25
گابلت 26
گاهی 24
گاوی 25,25
گذارده 25
گذاشتن 27
گذاشته 25
گذرا 28
گذشت 27
گذشته 18,24,28
گران 24
گردش 23,28
گردید 25
گرفت 25,25,25
گرفتن 27
گرفته 25,25,25,25,25,25,3,7
گرمایش 18
گرمسارو 25
گروه 27,28
گروهی 3,3
گرچه 15,15,24,25,26,27,28,6,7
گزارش 24,25
گزیدگی 23
گزینه 28
گسترده 28
گسترش 25
گفتار 26
گفتاوردهای 12
گفته 18,18,18,18,26,26,28
گلاب 24
گلایکل 23
گلوکز 28,28
گوارش 26,26,26,26,26,26,26,7
گوارشی 12,26
گوجه 24
گوسفند 25
گوشتی 24
گوناگون 24,24,27
گونه 3
گویی 13
گیاهان 15
گیاهی 24
گیجگاهی 27
گیرد 18,27
گیرند 18
یابد 7
یادکرد 1,15,24,25,26,26,27,28,7
یادگیری 28
یاری 27,28
یافت 25,28
یافته 28,28
یونان 15
یونانی 15,24
یکدیگرند 28
یکسان 18
یکپارچه 18
