آبجو 28
آبله 15
آبکی 12
آترواسکلروزی 28
آتروفیک 7
آتیپیک 28
آثار 28,28
آخرین 28,28
آزادانه 28
آزمایش 18,28,28,28,28,28,28,28,28,28
آزمون 28,28
آسایشگاه 3,3,3,3,3,3
آستانه 13
آسمانی 15,15
آسیا 28
آسیب 28,28,28,28
آشکار 28,28,28
آشکارتر 28
آغاز 18,28,28
آفریقا 28
آفرین 1
آلبومین 28,28,28
آلبومینوری 28
آلزایمر 28,28,28,28
آلزایمری 28
آمار 15
آماری 28
آمدن 28,28
آمده 28
آمریکا 28,28,28,28,28,28,28,28,28,28,28
آمریکایی 28,28
آموخته 15
آموزش 15
آمیبی 7
آمیلوئید 28
آنالیز 28
آنان 28,28,28,28,28,28,28,28,28,28,28
آنترال 7,7
آنجا 28,28,28
آنزیم 28,7,7
آنکه 28,28,28,28
آوردن 28,28
آگاه 15
آگاهی 28,28
آگرومگالی 28
آیات 15
آیتم 1,6
آیند 7
آیندهٔ 28
ابتدا 28,28,28
ابتدایی 28
ابتلا 28,28,28,28,28,28,28,28,28,28,28,28,28,28,28
ابداع 15
ابزار 28
اتاق 18,18
اتفاق 1,28,28,28
اتفاقی 28
اتمام 28
اتمسفر 28,28
اتوزومال 28
اتیولوژی 28
اثبات 28,28
اثرات 28,28
اثری 28,28,28
اجازه 1,28
اجتماعی 15
اجتناب 1
احتمال 28,28,28,28,28,28,28,28
احتمالاً 28,28,28
احتمالی 28,28
احساس 28,28
اختصاصی 28,28,28,28,28,28,28
اختلاف 28
اختلال 28,28,28,28,28,28,28,28,28,28,28,28,28
اختلالات 28,28,28,28,28,28,28,28,28,28,28,28
اختیار 18,28
اخیر 28,28,28,28,6,6
اخیراً 28
ادامه 28,28,28,28,7
ادبیات 15
ادرار 18,28,28,28,28,6
ادراری 28
ادعا 28,28
ادوین 15,15
ارائه 15,28,28
ارتباط 28,28,28,28
ارتباطات 18
ارتفاع 18
ارثی 7
ارجاعات 28,28
ارزش 28
ارزیابی 28
ارسال 18
ارور 15
اروپا 15,15,28
اروپایی 28
ارگانوژنز 28
ازجمله 18
ازدست 28
ازدیاد 28
اساس 28,28,28,28,28
اسبه 15,15
استاد 15
استادان 28
استاندار 15
استاندارد 15,28,28,28,28,28,28,28,28,28,28,28,28,28,28,7
استخراج 28,28
استخوان 15,28,28,28,28,28
استدلال 28
استرس 28,28
استعداد 28
استعمال 28
استفاده 15,18,18,18,18,18,18,18,18,18,18,18,18,18,18,28,28,28,28,28,28,28,28,28,28,28,28,28,28,28,28,28,28,28,6
استفادهٔ 18,18
استقامتی 28
اسفنکتر 7,7
اسلام 15,28
اسلامی 1
اسموتیک 7,7,7
اسمولاریتهٔ 7
اسمیت 15,15
اسهال 7,7,7,7,7,7,7,7,7,7,7,7
اسکلتی 28
اسکلروزان 7,7
اسید 7
اسیدوز 28,28
اشاره 28,28
اشباع 28,28
اشتباه 28
اشتهای 28
اصطلاح 28
اصلی 28,28,28,28,28,28,28,28
اضافه 15,18,28,28
اضافی 7
اطراف 18,18,28,28
اطلاع 3
اطلاعات 15,15,18
اطلاعاتی 15
اعتبار 28,28
اعتقاد 28
اعتقادی 28
اعتماد 15
اعصاب 28,28,28
اعضا 12,28,28
اعضای 28,28
اعلام 18,28,28
اعمال 15
اغلب 28,28,28
اغما 28
افتادن 28
افتراق 15
افراد 18,18,28,28,28,28,28,28,28,28,28,28,28,28,28,28,28,28,28,28,28,28,28,28,28,28,28,28,28,28,28,28,28,28,3,7
افرادی 28,28,28,28,28,28,28,28
افزایش 28,28,28,28,28,28,28,28,28,28,28,28,28,28,28,28,28,28,28,28,28,28,28,28,28,28,28,28,28,28,28,28,28,28,28,28,28,28,28,28,28,7
افسردگی 13,28,28
افشانک 18,18,18
اقبال 28
اقدامات 28
البته 28
التهابی 7
التیام 28
الزامی 28
الزایمر 28,28
المان 28
الکتریکی 7
الکل 28
الکلی 28,7
الگو 12,12,7,7
الگوی 28,28,28
الیگومرهایی 28
امان 28
امروزه 18,28,28
امور 28
امکان 18,18,18,18,18
امکانات 18,18,18,18,18
امکاناتی 18,18
امکانِ 18
امید 28
انار 28
انبار 1
انباشته 28
انتخاب 28
انتخابی 28
انتظار 15,28
انتظارات 28
انتقال 12
انتهای 28
انتهایی 28
انجام 1,15,28,28,28,28,28,28,28,28,28,28,28,28,28,28
انجمن 28,28,28,28,28,28,28,28,28
انحصاری 28
اندازه 28
اندام 28
اندوکراینی 28,28,28
اندوکرینولوژی 28,28,28,28
اندک 28,28,28
انرا 28
انسان 15,18,18,28
انست 28,28,28
انسدادی 7,7
انسولین 28,28,28,28,28,28,28,28,28,28,28,28,28,28,28,28,28,28,28,28,28,28,28,28,28,28,28,28,28,28,28,28,28,28,28,28,28,28,28,28,28,28,28,28,28,28,28,28,28,28,28,28,28,28,28
انسولینی 28,28
انعقادی 12
انهاست 28
انواع 18,18,28,28,28,28,28,28,28,28
انگشت 28,28
انگشتان 28
انگلی 15
انگلیسی 15
اهمیت 28,28,28,28
اواخر 28
اوایل 28
اوتوهیمه 18
اودی 7
اورژانس 28
اوستا 15
اوسمولاریته 28
اوسمولاریتی 28
اوقات 18
اولی 15
اولین 28,28,28,28,28,28,28,28
اولیه 28,28,28,28,28,28,7,7
اوژیلوه 7
اپیتلیوم 28
اپیدمیولوژیک 28
اپیدمیولوژیکی 28
اپیزودهای 7
اکثر 28
اکسیژن 28,28
اگرچه 15,18,18
ایجاد 15,18,28,28,28,28,28,28,28,28,28,28,28,28,28,28,28,28,28,28,28,28
ایجادکننده 28,28
ایدز 13,13,28
ایران 15,15,15,15,15,15,15,15,15
ایرانی 15,28,28,28
ایرانیان 15
ایسکمیک 28,7
ایمن 28,28,28
ایمنی 28,28,28,28,28
اینان 28,28
اینحال 28
اینست 28,28
اینطور 28
اینکه 18,28,28,28,28,28
ایکس 13
بارداری 28,28,28,28,28,28,28,28,28,28,28,28,28
بارز 28,28,28,28,28,7
باریک 28
بازآموزی 28
بازار 28
بازتاب 28
بازجذب 7,7,7,7,7,7,7,7,7,7
باستان 15,15,15
باشد 1,15,15,28,28,28,28,28,28,28,28,28,28,28,28,28
باشند 15,28,28,28,28,28
باعث 18,18,28,28,28,28,28,28,28,28,28,28,28,28,28,28,28
بافت 28,28
باقی 18,7
بالا 18,18,28,28,28,28,28,28,28,28,28,28,28,28,28,28,28,28,28,28
بالاتر 28,28,28,28,28,28,28,28
بالاتری 28,28,28,28
بالانس 28
بالای 28,28,28,28,28,28,28,28,28,28,28,28
بالایی 28,28,28
بالینی 28,28,28
بامیه 28
باید 1,1,1,15,15,15,15,15,28,28,28,28,28,28,28,28,28,28,28,28
بتای 28
بتوان 28
بتوانند 28
بتوانیم 28,28
بتوسط 28
بخشی 28,28,28
بدان 28
بداند 28
بدتر 28,28,28
بدرون 28
بدنی 28,28,28
بدون 18,28,28,28,28,28,28,28,28,28
بدین 28
برآورد 28
برابر 15,15,15,15,15,28,28,28,28,28,28,28,28,7
براساس 18,28
برای 1,15,15,18,18,18,18,18,18,18,18,18,18,18,28,28,28,28,28,28,28,28,28,28,28,28,28,28,28,28,28,28,28,28,28,28,28,28,28,28,28,28,28,28,28,28,28,28,28,28,28,28,28,28,28,28,28,28,28,28,28,28,28,28,28,28,28,28,28,28,28,28,28,28,28,28,3,3,6,7,7
برخورد 28,28,28,28
برخوردارند 3
برخی 18,18,18,18,18,18,18,18,28,28,28,28,28,28,28,28
برداشت 28,28
برداشتن 28
بردن 15,18
برده 15,28
بررسی 15,28,28,28,28,28,28
برسد 28
برطرف 28
برعکس 28
برنامه 28
برنامهٔ 28
برنج 28
برنزی 6
برهم 28
بروز 28,28,28,28,28,28,28,28,28,28,28,28,28,28,28,28,28,28,28,28,28,28,28,28,28,28,28,28,28,28,28
برچسب 28,28
برکت 15
بزرگ 15,15,7,7
بزرگتر 28,28
بزرگسالان 28,28,28,28,28
بزرگسالی 28
بسازید 3
بستری 28
بسته 18,18,28,28,28
بستگان 28
بستگی 15,18,7
بسزایی 28
بسیار 1,15,18,28,28,28,28,28,28
بسیاری 1,15,18,28,28,28,28,28,28,28
بظاهر 28
بعبارتی 28
بعدی 28
بعضی 1,28,28,28,28,28,28,28
بقای 28,28,28,28
بقیه 28
بلند 18
بلندمدت 28
بلوغ 28,28,28,28,28
بلوک 28
بلکه 28
بنابراین 28,28,28,28,7
بنیادی 28
بهبود 18,28,28,28,28,28,28,28
بهبودی 28,28
بهتر 18,28,28,28,28,28
بهترند 28
بهتری 28
بهداشت 15,15,15,28,28,28
بهداشتی 18
بواسیر 18
بودن 28,28,28,28,28,28,7,7
بودند 15,18,28,28,28
بوده 28,28,28
بچسبد 28
بگوید 28
بیان 28,28,28,28,28,28,28
بیانگر 28,28
بیانیه 28,28,28
بیستم 18
بیش 28,28,28
بیشتر 18,18,18,18,28,28,28,28,28,28,28,28,28,28,28,28,28,28,28,28,3,6,7,7
بیشتری 28,28,28,28,28,28,7
بیمار 15,15,15,28,28,28,28,28,28,28
بیماران 15,15,15,15,28,28,28,28,28,28,28,28,28,28,28,28,28,28,28,28,28,28,28,28,28,28,28,28,28,28,28,28,28,28,28,28,28,28,28,28,28,28,28,28,28,28,28,28,28,28,28,28
بیمارانی 28,28,28
بیمارستانی 28
بیماری 12,15,15,15,15,18,28,28,28,28,28,28,28,28,28,28,28,28,28,28,28,28,28,28,28,28,28,28,28,28,28,28,28,28,28,28,28,28,28,28,28,28,28,28,28,28,28,28,7,7,7,7
بینابین 28
بینایی 28
بینی 15
بیوشیمیایی 28,28
تأثیر 15,28,28,28,28
تأثیرگذار 15,15,28
تأکید 28,28
تأیید 28,28,28
تابستانی 18
تابشی 7
تابیده 28
تاری 28
تاریخ 15
تاریخچه 15
تاریخچهٔ 18
تازگی 28
تاکنون 28,28,28
تبدیل 28,28,28,28,28,28,28,28,28
تجاری 18
تجمع 28
تجویز 15,28,28,28,28,28,28,28
تحتانی 28,7
تحرک 28
تحریک 28,28,7
تحصیل 15
تحقیق 18,28
تحقیقات 28,28,28,28,28,28,28,28,28
تحقیقاتی 28
تحلیل 28,28
تحمل 28,28,28,28,28,28,28,28,28,28,28,7
تحول 28
تحولات 15
تخریب 28
تخصصی 28,28
تخلیه 15
تخلیهٔ 18
تخمدان 28,28
تخمین 28,28,28,28,28,28
تدریج 28,28
تدریجی 28
ترتیب 15
تردید 28,28,28
ترشح 28,28,28,28,28,28,28,28,7,7,7
ترشحات 7
ترشحی 7,7
ترکیب 18
ترکیبی 28
تزریقی 28
تشخیص 15,18,28,28,28,28,28,28,28,28,28,28,28,28,28,28,28,28,28,28,28,28,28,28,28
تشخیصی 12,28,28
تشنج 28
تشکیل 12,28,28,28,28,28,28
تشکیلات 15
تصادفی 18,28,6
تصاویر 6
تصحیح 28
تصفیه 1,1,28,28,28
تصور 28
تصویر 15,28
تعادل 7
تعبیه 18
تعداد 28,28,28,28
تعریف 1
تعمیم 28
تعیین 28,28,28,28
تغذیه 28,28,28
تغییر 18,28,28,28,28,28,28
تغییرات 28,28,28,28,6
تفاوت 28,28,28
تفاوتی 28,28
تقاطع 15
تقریباً 28,28
تقریبی 7
تقسیم 28,28
تمام 15,15,28,28,28
تمامی 28
تمایز 28,28,28
تمایل 28
تمدن 18
تمیز 15,15,18,18,18,28,28
تندرو 15
تنظیم 18,18,18,18,18,28
تنها 15,18,18,28,28,28,28,28,28
تنهایی 28
تنگدست 15
تهاجمی 28
تهویهٔ 18
تهیه 28
توارث 28
توافق 28
توالت 18,18,18,18,18,18,18,18,18,18,18,18,18,18,18,18,18,18,18,18,18,18,18,18,18,18,18
توان 28
توانایی 15,18,28,28,28,28,28,28,28
توانی 13,13
توتو 18,18
توجه 18,28,28,28,28,28,28,28,28,28,28
توجهی 28
توده 28,28,28,28
تورش 28
تورم 15
توسط 1,15,15,28,28,28,28,28,28,28,28,7,7
توسعه 28,28,28
توسعهٔ 18
توصیه 28,28,28,28,28,28,28,28,28,28,28,28,7
توضیحی 18
توقف 18
تولد 28,28
تولدشان 28
تولید 28,28,28,28,28,28,28,28,28,28,28
تولیدکننده 28
تولیدکنندهٔ 18
تولیدکنندگان 18
توکسین 7
تکاملی 13
تکرار 28
تکمیلی 28
تکنیکی 28
تیازیدی 28
تینگ 28
ثابت 28
ثانویه 28,7
ثانیه 28,28,28
جادوهای 15
جامع 15
جانبی 7
جایگزین 1,28,28,28
جایگزینی 28,28,28,28
جایی 28,28
جبران 15,28
جداگانه 28
جدید 18,18,28,28,28,28,28
جدیدی 28,28
جراحات 15
جراحی 15,28,28,28
جریان 18,18,18,28,28,28,28
جزایر 28,28
جستارهای 12,28
جستجوی 1
جسمی 28
جعبهٔ 18
جلوگیری 15,28,28,28,28,28,28,7
جلوی 15,28
جمعیت 28,28,28
جمله 15,28,28,28,28,28,28
جمهوری 28,28
جنسیت 28,28
جهان 18,18,18,28,28,28,28,28,28,28,28,7
جهانی 28,28,28,28
جوان 28
جوانان 28
جولای 28
جوندگان 28
حاشیه 7
حاضر 28,28,28
حافظهٔ 18
حالت 18,18,28,28
حالیکه 28,28
حاملگی 28
حاوی 28,28,28
حاکی 28
حبوبات 28
حداقل 28,28
حدود 28,28,28,28,28
حرفه 15
حرکت 18
حرکتی 28,3,7,7
حساب 28,3
حساس 18
حساسند 18
حساسیت 28,28
حسگر 28,28
حسگرهای 18
حسگری 18
حضور 28
حقوق 3,3
حقوقی 3
حقیقت 28
حلقه 7
حنجره 7
حکمرانان 15
حیوان 15
خارج 28,28,28
خارجی 18
خاصی 18,28,28,28
خاصیت 7
خاطر 28
خاموش 28
خانمی 28
خانه 1
خانواده 15,28,28
خانوادگی 28,28,28,28
خبرگزاری 28,28
خدای 15,15
خراش 28
خستگی 28
خصوص 15,28,28,28,28,28,28,28,28,3,6,7
خصوصیات 28
خصوصیاتی 28
خطرات 28
خطری 28
خفیف 28,28,28,28,28,28,28
خلاصه 28
خلاف 28
خواص 28
خواندن 15
خوانده 28
خواهد 18,28,28,28,7
خواهند 28,28,28
خوبی 28,28
خودایمن 28,28
خودایمنی 28
خودداری 28
خودپایشی 28
خودکار 18,18,18
خوراک 15
خوراکی 28,28,28
خوردن 28,28
خوردگی 28
خوری 28
خوشامدگویی 18
خوشه 28,28,28,28,28,28,28
خونتان 28
خونریزی 28
خونی 28,28
داتو 15
داخل 28,7
داخلی 28
دادن 15,18,28,28
دادند 15
داده 1,18,28,28,28,28,28,28,28,28,28,28,6
دادپزشک 15
دادیم 28
دارای 1,15,15,28,28,28,28,28,28,28,28,28,28,3,3,3
دارد 18,28,28,28,28,28,28,28,28,28,28,28,28,28,28,28,28,28,28,28,28,28,28,28,28,28,6
دارند 28,28,28,28,28,28,28,28
دارو 15,28,28,28,28,28,28,28,28
داروهای 15,28,28,28,28
داروهایی 28,28
داروی 28
دارویی 28,28,28,28
دارچین 28
داشت 15,28,28,28
داشتن 28,28,28,28,7
داشته 15,15,15,15,28,28,28,28,28,28,28,28,28,28,7
دامپینگ 7,7
دانش 15,15,15,15
دانشمند 28
دانشمندان 28,28,28
دانشنامهٔ 6
دانشگاه 28
دایمی 28
دخالت 28,28
دخانیات 28
دخیل 28,28
درآمد 28
درآوردن 18
دراثر 28
دراز 28,28,7
دراین 28
دربارهٔ 12,12,3,6,7
درجای 12,12
درجه 18,28,28
درجهٔ 18,18,18
دردهای 28
درست 28,28
درسراسرجهان 28
درشکه 15
درصد 28,28,28
درصورتی 18
درمان 15,15,15,15,15,15,15,15,15,28,28,28,28,28,28,28,28,28,28,28,28,28,28,28,28,28,28,28,28,28,28,28,28,28
درمانگر 28
درمانی 15,15,28,28,28,28,28
درون 28,7
درپوش 18
درگیر 28,28,28,28,28
دریافت 28,28,28,28
دریافتند 28,28
دسترس 28,28,28
دسترسی 1
دستمال 18,18,18,18
دستمزد 15,15,15
دسته 28,28
دستور 28
دستورهای 15,15
دستگاه 28,28,28,7,7,7,7,7
دستگیرهٔ 18
دعوت 1
دقیق 28,28
دقیقاً 28
دقیقی 28
دلالتی 28
دلایل 28,28,28
دلیل 28,28,28,28,28,28,28,28,28,28
دمای 18,18,18,18,18,18
دنبال 1,1,28,28,7
دندان 15,28
دنیا 28,28
دهان 12,12,15
دهند 28
دهنده 28,28,28
دهیدراتاسیون 28
دهیم 28
دوباره 18,7
دوران 15,15
دوره 15
دورهٔ 18,28
دوست 28
دوفطبی 13,13
دوقطبی 13,13
دومی 15
دومین 7
دچار 28,28,28,28,28,28,28,28,28,28,28,28,28,28,28,28,28,28,28,28,28
دچارند 7
دکتر 28
دکربوکسیلاز 28,28
دگرگون 28
دیابت 28,28,28,28,28,28,28,28,28,28,28,28,28,28,28,28,28,28,28,28,28,28,28,28,28,28,28,28,28,28,28,28,28,28,28,28,28,28,28,28,28,28,28,28,28,28,28,28,28,28,28,28,28,28,28,28,28,28,28,28,28,28,28,28,28,28,28,28,28,28,28,28,28,28,28,28,28,28,28,28,28,28,28,28,28,28,28,28,28,28,28,28,28,28,28,28,28,28,28,28,28,28,28,28,28,28,28,28,28,28,28,28,28,28,28,28,28,28,28,28,28,28,28,28,28,28,28,28,28,28,28,28,28,28,28,28,28,28,28,28,28,28,28,28,28,28,28,28,28,28,28,28,28,28,28,28,28,28,28,28,28,28,28,28,28,28,28,28,28,28,28,28,28,28,28,28,28,28,28,28,28
دیابتی 28,28,28,28,28,28,28,28,28,28,28,28,28,28,28,28,28,28,28,28,28,28,28,28,28,28,28,28,28,28,28,28,28,28,28,28,28,28,28,28,28,28,28,28,28,28,28,28,28,28,28,28,28,28,28,28
دیجیتالی 28,28,28,28,28,28,28,28,28,28,7
دیده 15,18,28,28,28,28,28,28,28,28,28,28,28,28,28
دیرباز 28
دیررس 28
دیستال 28
دیوارهٔ 7,7,7,7
دیولافوی 7
دیگر 15,15,18,18,18,18,18,18,18,28,28,28,28,28,28,28,28,28,28,28,28,28,28,28,6,6,7
دیگران 18
دیگری 1,28,28,28,28,28,28,28,28,28
دیگز 28
ذخیره 28,28,28
ذرات 1
ذهنی 13,13,3
ذکرنشده 13
رؤسای 15
رئیس 15
رابطه 28,28,28,28
راحتی 28
رادیکولوپاتی 28
رازی 15,15,15
راستا 28
راسخ 28
راندن 28
راهکار 28
راهکارهای 28
راهی 28
رایج 15,18,28,28,7,7
رایگان 15
رتینوپاتی 28,28,28
رسمی 28
رسیدن 28,7
رشته 15,15,15
رشدی 28
رعایت 15,15,28,28
رفتن 28,28,28,28,28,28
رفته 28,28,28
رهبری 28
رهنمود 1
رواج 18
روانه 28
روانپزشکی 28
روانی 3
روبروی 18,18
روتین 28
روده 7,7,7,7,7,7,7,7,7,7,7,7,7,7,7,7,7,7
رودهٔ 7,7
روزانه 28,28,28
روزهای 18
روشن 15
روشنی 28,28
روشهای 28
روغن 28
روند 28,28,28,28
رونویسی 28,28,28,28,28,28,28,28,28
رژیم 28,28,28,28
ریسک 28,28,28,28,28,28,28,28,28,28,28,28,28,28,28,28,28
زاویهٔ 18
زبان 15,15,15,18
زمان 15,18,28
زمانی 28,28,7
زمینه 28,28
زمینی 28
زنان 18,18,18,18,18,18,28,28,28,28,28,28,28,28,28
زنبور 28
زنده 28
زندگی 15,15,28,28,28,28,28,28,28,28
زوال 13
زودرس 28,28,28,28
زیاد 15,28,28,28,28,28,28,28
زیاده 28
زیادی 18,28,28,28,28,28,28,28,7
زیتون 28
زیرا 18,18
زیردست 28
زیرپوستی 28
زیرگروه 28
زیرگروهی 28
سؤال 28
سابتایپ 28
سابقه 15,28,28,28,28,28,28
ساخت 18,18,18,28
ساختار 28
ساخته 28
ساده 28
سازمان 28,28,28
ساعت 28,28
ساعته 28
سالم 28,28,28,28,28
سالمندان 18,3
سالگی 28,28
سالیانه 28
سامانه 3
سامانهٔ 18,18
سانتیگراد 18,18
ساکت 28
ساکن 3,3
ساکنان 28
سایر 18,28,28,28,28,28,28,28,28,28,28,28,28
سایز 28
سبزیجات 28,28
سبوس 28
سبکهای 28
سدیم 7
سراسر 28,28
سرتاسر 28,28
سرتاسری 18
سرخپوستان 28
سرخک 15
سرعت 28,28
سرنوشت 28,28,28
سروکار 15
سرویس 18,18
سرپایی 18,18,18,18
سرپوش 18
سرکوب 28,28
سریع 28
سریعاً 28
سطحی 1
سفارشی 18
سفلیس 15
سفید 28,28
سلامت 28
سلامتی 28
سلطنتی 15
سلول 12,28,28,28
سلولی 12,12,28,28,28
سندرم 28,28,28,28,28,28
سنگفرشی 12
سنین 28,28,28,28
سوءجذب 7
سوئد 28
سوالات 28
سوراخ 28
سوربیتول 28,28
سوزان 28
سوزن 28
سوکروز 28
سوگیری 28
سکته 28,28,28,28,28,28,28
سکوت 28
سیاه 18,28
سیری 28
سیستم 28,28,28,28
سیگار 28
سیگارکشیدن 28
سیگنالینگ 28
شاخص 28,28,28
شاخصه 28,28
شامل 15,15,28,28,28,28,28,28,28,28,28,28,28,28,28,28,28,28,28,7
شانس 28
شاهد 28
شاهزاده 18,18
شاید 28
شایع 28,28,28,28,28,28,28,28,28,28,28
شبکیه 28,28
شبیه 18,18,28,28,28
شخصی 15,28
شدند 28
شدید 28,28,28,28,28,28,28,28,28,28,28,28
شدیدتر 28
شرایط 1,18,28,7
شربت 28
شروع 28,28
شرکت 18
شریان 28
شریانی 28
شستن 18,18,18
شمرده 28
شناخته 28,28,28,7
شناختی 13,13,13,28
شناسایی 15,28
شنبلیله 28
شهرنشینی 28
شهریور 28
شواهد 28,28,28
شواهدی 15,15
شوند 15,28,28
شوید 3
شکایت 15
شکمی 7
شیرخواران 28
شیرین 15,28,28,28
شیرینی 28
شیمیایی 1,28,28,28
شیمیدان 15
شیوع 28,28,28,28,28,28,28,7
صاحب 15
صاحبنظران 28
صادر 28
صبور 15
صدای 18,18,18
صدمات 15
صدمه 28,28
صعودی 7
صفات 28
صفجه 6
صفحه 1,6,6,6
صفحهٔ 18,6
صفرا 7,7,7,7
صفراوی 7,7,7,7
صلاح 28
صندلی 18,18,18,18,18
صورت 1,18,28,28,28,28,28,28,28,28,28,28,28,28,28,28,28,28,28,28,28,28
صورتشان 18
صورتی 28
ضایعات 28,28
ضایعه 28
ضدفشار 28
ضررهای 28
ضروری 3
ضعیف 18,28,28,7
ضمنی 28
ضوابط 28
طبیعتاً 15
طبیعی 28,28,28,28,28,28,28,28,28,28,28,7
طراح 15
طرفی 28
طریق 18,18,18,18,18,18,28,28
طولانی 15,7
ظاهر 28
ظاهری 12
عادی 28
عارضه 28,28,28,28,28,28,28,28,28,28,28,28,28,28,28,28
عارضهٔ 28,28
عاطفی 13
عاقلانه 18
عامل 28,28,7,7
عبارت 28,28,6
عبارتند 28,28,28
عبارتی 28
عبری 15
عبور 28,28,28
عرقیات 28
عروق 28,28,28,28,28,7,7,7
عروقی 28,28,28,28,28,28,28,28,28,28,7,7
عصبی 13,13,13,28,28,28,28,28,28,28,28
عضلات 28
عضله 28
عضلهٔ 18
عفونت 28,28,28,28,28,28,28,28,28,28
عفونی 7
عقیده 28
علائم 28,28,28,28,28
علامت 28,28,28,28,28,28,28
علاوه 28,28
علایم 28,28,28,28,28,28,28,28,28,28,28,28,28,28
علمی 28,28,28,28,28,28,28
علوم 28
علّت 18
علیرضا 28
عمده 28
عمرشان 28
عمری 28,28
عملکرد 28,28,28,28,28,28,28,28,7,7
عمومی 18,28
عنوان 15,15,28,28,28,28,28,28,28,28,28,28,28,28,28,28,7
عهده 15
عوارض 28,28,28,28,28,28,28,28,28,28,28,28,28,28,28,28,28
عوامل 28,28,28,28,28,7
غالب 28
غالباً 28
غذاهای 28
غذایی 28,28,28,28,28,28,28,28,28
غربالگری 28,28,28,28
غربی 18,18,28
غشای 7
غلات 28,28
غلظت 28
غیرتروماتیک 28
غیرتهاجمی 28
غیرمستقیم 28
غیرمعمول 28
فاصلهٔ 18
فاقد 28,28
فاکتور 28,28,28,28,28,28,28,28,28,28,28,28
فاکتورهای 28,28,28,28,28,28,28,28,28,28,28,28
فرادی 28
فراموش 28
فراهم 18,18,28
فراوان 28
فراوانی 28
فراورده 28
فراگیر 13,13,13
فرایند 28
فرجام 28
فردی 28
فرضیه 28
فرمانداران 15
فرمانده 15
فرهنگ 28,28
فروتن 15
فروکتوز 28,28,28,28,28,28,28
فرینز 13
فزاینده 28
فساد 15
فسفوریلاسیون 28
فشار 18,18,18,18,18,18,18,28,28,28,28,28,28
فعالیت 18,28
فعلی 28
فلاش 18,18,18
فلفل 28
فلورسنس 12
فناوری 18,28,28
فنلاند 28
فوارهٔ 18,18
فواید 28,28,28,28,28
فوایدی 28,28,28,28,28,28
فوران 18,18
فوقانی 7
فکری 7
فیبرینی 12
فیزیولوژی 28
فیزیکی 28,7
فیلسوف 15
قابل 1,15,18,18,18,28,28,28,28,28,28,28,28,6,6
قابلیت 18
قادر 18,28
قارچ 28
قاشق 28
قاطع 28
قانع 15
قانون 15
قانونچه 12
قانونی 12
قایل 28
قبلاً 28,28
قبلی 28
قدرت 28
قدیمی 15,28
قرار 15,18,18,18,18,28,28,28,28,28,28,28,28,28,28,28,28,28,28,28,28,28
قربانی 15,28
قرمز 28
قرمزی 28
قطعاً 28
قطعی 28,28,28
قلبی 28,28,28,28,28,28,28,28,28,28,28,28,28
قندخون 28,28
قنددار 28
قندهای 28,28,28
قندی 28
قوانین 15,15,15
قوزک 28
قویتری 15
لازم 15,28,28,28,28,28
لازمست 28
لاغرتر 28
لانگرهانس 28
لاکتاز 7
لاکتوز 7,7
لباس 15
لحاظ 28
لزوماً 28,28
لشکری 15
لنست 28
لنفوسیتی 7
لوازم 18,18,18
لوجان 13,13
لوزالمعده 28,28,7
لوسین 28
لومن 7,7,7,7
لیدز 28,28
لیزر 28,28
لیست 28
لیستی 15
لیگاندهای 28
مؤثر 28,28,28,28
مؤسسهٔ 28
مؤنثی 28
مادر 28,28
مادرزادی 28,28
ماده 15,28,28,28
مارتیغال 28
مارس 28
مارکرهای 28
ماساژ 28,28,28
ماستیک 28
مالاریا 28
مالوری 7,7
مالیخولیایی 13
مانتره 15
ماند 7
مانع 28,28
مانند 18,28,28,28,28,7
ماهگی 28
ماهی 28,28
ماهیچه 28,28,28
ماکروزوم 28
ماکروسکولار 28
ماکروسکوپی 28
ماکولا 28
مایعات 28
مایلند 18
مبتلا 28,28,28,28,28,28,28,28,28,28,28,28,28,28,28,28,28
مبتلاست 28
مبتلایان 28,28
مبحث 28
متابولیت 28
متابولیسم 28
متابولیک 28,28,28,28
متخصصان 28
متصل 1,6
متعدد 28,28
متعددی 28,28
متفاوت 1
متفورمین 28,28
متقارن 28
متمایز 28,28
متناسب 28,28
متوجه 28,28
متوسط 28,28,28,28,7
متوقف 28,28,7
متون 28
متیلاسیون 28,28,28
مثال 1,15,18,18,28,28,28,7,7
مثانه 15
مثلاً 28,28,28
مجادله 28
مجاز 28,28,28
مجدد 28
مجددی 28
مجله 28
مجموع 28,28,28,28
مجوز 28
محاسباتی 28
محاسبه 28,28
محبوبیت 18
محتوای 28,6
محتوی 28,28
محتویات 28,6
محدود 28,28,28,28
محرک 28,28
محسوب 28
محصولات 15
محققان 18,18,18,28,28,28,28
محققین 28
محلول 7,7,7
محلی 28
محیط 28
محیطی 28,28,28
مختار 28
مختل 28,28
مختلف 28,28,28,28,28,28
مختلفی 28,28,28
مخروط 18
مخزن 1,6
مخصوص 18,18,18,28
مداخله 28
مداوم 28
مدتی 18
مدرن 18,28
مدفوع 7
مدونی 28
مدیدی 28,28
مدیکال 15
مذکر 28,28
مراجع 28
مراجعه 28
مراحل 28,28,28,28,28,28,28
مراحلی 28
مراقبت 28
مراقبتهای 28
مراقبتی 28,28
مراکز 3
مربوط 15,18,28,28,28,28,28
مربوطه 28
مرتبط 13,13,28,28,28,28,28,28,28
مرتعش 18
مرجع 28
مرحله 28,28,28
مردان 18,28,28,28,28,28,28,28
مردانه 18,28
مردم 15,15
مردمی 28
مرده 15,28
مرطوب 28
مرکز 28
مرکزی 18
مرگبار 28
مزانتر 7
مزایای 28
مزمن 28,28,7
مزیت 28
مسئله 28,28,28
مسئول 28
مساوی 28,28,28,28
مستعد 28,28,28
مستقل 28
مستقلاً 28
مستقیم 18,28,28
مسلماً 28,28
مسواکی 7
مسیح 28
مشائی 15
مشابه 18,28,28,28,28
مشابهی 18,28
مشاهدات 28
مشاهده 12,28,28,28,28,28,28,28,28,28,28,28,28,28,7
مشاوره 15
مشترک 28,28,28,7
مشتریان 18
مشتمل 28
مشخص 15,18,28,28,28,28,28,28,28,28,28
مشخصه 28,28
مشخصی 18
مشروبات 28
مشروط 28
مشکل 18,28,28
مشکلات 28,28,28,28,3,3,7
مشکلاتی 28
مصرف 1,15,28,28,28,28,28,28,28,28,28,28,28,28,28,28,28,28,28,28,28,28,28,28,28,28,28,28,28,28,28,28,28,28,28,28,28,28,28,28,28,28,28,28,28,28,28,28,28,28,28,28,7
مصری 15,15
مضرات 28
مطابق 18
مطابقت 1
مطالعات 28,28,28,28,28,28,28,28,28,28,28,28,28,28
مطالعاتی 28,28
مطالعه 15,15,15,28,28,28,28,28,28,28,28,28,28,28,28,28,28,28
مطرح 28,28,28,28
مطلب 28
مطلوب 18,28
معادل 15,15
معتبر 28,28,28,28,28
معده 7,7,7
معرض 28,28,28,28,28
معرفی 15
معروف 28
معضل 15
معلولی 28,28
معلولین 3,3,3
معلولینی 3,3
معمول 18,28,28
معمولاً 28,28,28,28,28,28,28,28,28,28,28,28,28,28,7
معمولی 28
معنای 15,15,28,28
معنی 15,15,15,15
معیار 28
معیارهای 28,28,28,28
معینی 28,28
معیوب 28
مغذی 28,28,28,28,28,28,28
مغزی 28,28,28,28,28,28
مفاصل 15
مفرد 12
مفرط 28
مفید 28,28,28,28,28
مفیدی 28
مقابل 28,28
مقابله 28,28
مقادیر 28,28,28,28,28,28,28,28,28,28,28,28,28,28,28,28
مقالات 28
مقاله 12
مقاوم 18
مقاومت 28,28,28,28,28,28,28,28,28,28
مقایسه 18,28,28,28
مقدار 15,28,28,28,28,28,28
مقداری 28
مقدس 15,15,15
مقدماتی 28
مقعد 18,18,7,7
مقعدشناسان 18
ملاس 28
مملو 28
ممکن 15,15,18,28,28,28,28,28,28,28,28,28,28,28,28,28,28,28,28,7
منابع 1,28,28,28,28,28,28,28
مناسب 1,15,28,28,28,28,28,28,28,28
مناطق 28
مناطقی 28
منبع 1,28
منتریه 7
منتشر 28,28,7
منجر 15,15,18,18,28,28,28,28,28,28,28,28,28,28,28,28,28,28,28,28,28,28,28
منطبق 28
منطقی 15
منظم 15,28,28,28,28
منظور 28,28
مهارت 15
مهمی 28
مواد 1,28,28,28,7,7,7,7,7,7
موادی 28,28
موارد 18,28,28,28,28,28,28
مواردی 28,28,28,28,28,28
موافق 18
مواقع 1
موجب 28,28,28,28
موجود 12,28,28,28,28,7
مورد 15,15,15,15,18,18,28,28,28,28,28,28,28,28,28,28,28,28,28,28,28,28,28,28,7
مورفولوژی 28
موسیقی 18,18
موضعی 28
موضوع 28,28,28,28
موفق 28
موفقیت 18
موقعیت 15,28
مولکول 28
مولکولی 28,28
مونونوروپاتی 28
موکوسی 28
مکان 3
مکانیزم 28
مکانیسم 28
مکرر 18,18,7
میان 15,28
میباشد 28
میدان 28
میرهایی 28
میزان 15,18,18,28,28,28,28,28,28,28,28,28,28,28,28,28,28,28,28,28,28,28,28,28,28,7
میلاد 15,28
میلوری 7
میلی 28
میلیارد 7
میلیون 28,28,28,28,28,28,7
میوتونیک 28
میکروبی 1
میکروسکوپی 7
نابینایی 28,28,28
ناتوانی 28,7
ناحیهٔ 18
نادرتر 28
نادرستی 28
نادری 28
نارسایی 28,28
ناشتا 28,28,28,28,7,7
ناشتای 28,28,28,28,28
ناشناخته 28
ناشنوایی 28
ناشی 28,28,28,28,28,28,28,28,28,28,28,28,28,28,28,28,28,28,7,7
نامتداول 13
نامعلوم 28
نامعمولی 28
نامناسب 28
نامگذاری 28
نامیده 28,28,28,28
ناهمگون 28
ناهمگونی 28
ناکافی 28
ناگهانی 28,28
نایز 18
نایل 28
نباید 28,28
نبود 28
نتایج 28,28,28,28
نتوانستند 28
نتیجه 18,18,28,28,28,28,28,28
نجیب 15
نحوه 28,28
نخستین 15,15,15
نخواهد 28
ندارد 18,28,28,28,28,28,28,28
ندارند 28,28,28,28
ندرت 1,28
نرسیده 28
نرمال 28,28,28,28,28,28,28
نرمی 15
نزدیک 28
نسبت 12,28,28,28,28,28,28
نسبتاً 28
نسخه 6
نشاسته 28
نشان 15,18,28,28,28,28,28,28,28,28,28,28,28,28,28,28,28,28,28,28,28,28,28,28,28,28,28,28,28,28,28,28,28,28
نشانه 28
نشانگان 18,18
نشانگر 28
نشانی 1
نشتر 28
نشده 28,7,7
نشستن 18
نشوند 28
نصاب 28
نظریه 28
نفروپاتی 28,28,28,28,28,28,28,28,28,28
نفری 28
نقاط 18
نقرس 15
نمایان 28
نماید 28,28,28,28
نمایند 28
نمود 28
نمودند 28
نمونهٔ 18
نهایت 18,18,28,28,7
نهفته 28
نوار 1,28
نواقص 28,28,28,28,28
نورودژنراتیو 28
نوروپاتی 28,28,28,28,28,28,28,28,28
نوروپاتیک 28
نوزاد 28,28
نوزادان 28
نوزادی 28
نوشتارهای 18
نوشته 15,18
نوعی 15,18,28,28,28
نویسنده 28
نویسندگان 28,28,28,28,28,7
نژاد 28
نژادهای 28
نکته 28,28,28
نکرد 18
نگاه 18,28
نگهداری 3,3,3
نیاز 18,28,28,28,28,28,28,28,28
نیازمند 28,28,28,28,28,28
نیازی 28
نیروی 18
نیست 28
نیمی 28,28,28
نیکوتین 28,28
نیگرنس 28
نیگریکانز 28
هاروارد 28
هاریسون 28
هایپر 28,28
هایپراسمولار 28
هایپراوسمولار 28,28
هایپراوسمولاریتی 28
هایپرتنشن 7
هایپرگلایسمی 28
هتروژن 28
هدایت 15
هردو 28,28
هرمیلیون 28
هرپسی 7
هرچند 28,28
هرکدام 18
هزار 28,7
هزاره 15
هستند 18,18,28,28,28,28,28,28,28,28,28,28,28,28,28,28,28,28,28,28,28,28,28,28,28,28,7
هستنند 18
هشتمین 28
هفته 28,28,28
هفتگی 28
همان 28,28
همانند 28
همراه 15,28,28,28,28,28,28,28,7
همراهی 28
همرده 15
همهٔ 6,6
همواره 28,28
هموگلوبین 28,28,28,28,28,28,28,28,28,28,28,28
همپوشانی 28
همچنان 28
همچنین 15,15,18,18,18,28,28,28,28,28,28,28,28,28,28,28,28,28
همچون 28,28,28,28,28,28
همکاری 28
همگان 28
همین 28,28,28,28,28,28,28
هندوستان 28
هنوز 15,18,28,28,28,28,28,28
هنگام 15,15,28,28,28,3
هنگامی 18
هوای 15,18
هوایی 18
هورمون 28,28,28
هورمونی 28,28
هوشیاری 28,28
هپاتورنال 7
هپاتوپاتی 7
هپاتیس 7
هپاتیک 28
هیدراتاسیون 28
هیچگونه 28
وابسته 13,13,28,28,28,28,28,28,28
واحد 28,28,28
واحدی 15
وارد 1,28,28,28,28,28,28,3
واشلت 18,18
واشورتّو 18
واضح 28,28
واضحی 28,28
واقع 28,28,28
واقعی 28
واقعیت 28
واژه 15,15,15,15,15,15
واژهٔ 15
واکنش 28,28
واکور 28
وایس 7
وبیماری 28
وجود 1,12,12,12,12,12,12,12,13,13,13,13,13,13,13,13,15,15,18,18,18,28,28,28,28,28,28,28,28,28,28,28,28,28,28,28,28,28,28,28,28,28,28,28,28,28,28,28,28,28,28,28,28,28,28,28,28,28,28,28,28,28,28,28,28,28,28,28,28,28,28,28,7,7,7,7,7,7,7,7,7,7,7,7,7,7,7,7,7,7,7,7,7,7,7,7,7,7,7,7,7,7,7,7,7,7,7,7,7,7,7,7,7,7,7
ودندان 28
وردخوانی 15
ورزش 28,28,28,28,28,28
ورزشی 28
ورود 1,18,28,28
وریدی 28
وزارت 28,28
وزیر 15,15
وسایل 15
وسیله 18,18,18,28
وضعیت 28,28,28,28,28,28,28,28,28,7
وضعیتی 28
وقتی 28,28
وقوع 28
ویتامین 28,28,28,28,28,28,28,28,28,28,28,28,28,28,28
ویتامینی 28,28
ویرایش 12,7
ویزیت 15,28
ویژه 1,18,6
ویژگی 15,28,28,28
ویکی 6
پاتوفیزیولوژی 28
پادشاه 15
پارسی 15
پاسخ 28,28,28,28
پانکراتیت 28
پانکراس 28,28,28,28,28,28,28,28,28,7
پانکراسی 28,28,28,28
پاهای 28
پاپیروسهای 15
پاکی 15
پاکیزگی 15
پایان 28
پایدار 6
پایین 28,28,28,28,28,28
پایینتری 28
پدید 7,7
پدیده 28
پذیرش 3
پرادر 28,28
پرادراری 28
پرانرژی 28
پرتال 7
پرتزو 28
پرتو 28,28
پرعملکرد 13
پرنوشی 28
پرهیز 28,28
پروتئین 28,28,28
پروگنوز 28
پرکاری 15
پریودنتال 28,28
پریودنتولوژی 28
پزشک 15,15,15,15,15,15,15,15,15,15,15,15,15
پزشکان 15,15,15,15,15,28,28
پزشکی 12,15,15,15,15,15,15,15,15,15,15,15,15,15,15,15,18,28,28,28,28,28
پلاسما 28,7
پلاسمای 28
پنیری 12
پودر 1
پورت 7
پوست 28,28,28
پوستان 28
پوستی 18
پوسیدگی 15
پوشش 18
پوششی 18
پوشیده 18
پپتیک 7,7
پژوهش 15
پژوهشگران 28
پیدا 18,18,28,28,28,28
پیدایش 15
پیرامون 1,6
پیروی 15
پیری 28
پیشرفت 28,28
پیشرفته 18
پیشرونده 28,28
پیشنهاد 28
پیشنهادی 28
پیشه 28
پیشگیری 15,28,28,28,28,28,28,28
پیشین 6
پیلور 7
پیوسته 15
پیوند 1,28,28,3,6,6
پیوندهای 6
پیوژنیک 7
چارز 28
چاقی 28,28,28,28
چالش 28
چراکه 28
چربی 28,28,28,28,28,28,28,28
چسبیده 28
چندان 28
چندپیوندی 28
چندگانه 28
چندین 28,28
چنین 18
چهار 15,15,15,28,28
چهره 15
چگونگی 3,6
چیزی 28
چیست 28
چینی 7
ژاپن 18,18,18,18,18,18,18
ژاپنی 18,18,18,18,18
ژنتیک 28,28
ژنتیکی 28,28,28,28,28,28,28,28,28
ژوئن 28,28,28
ژوئیهٔ 7
کاذب 7
کارای 28
کارایی 28
کاربران 18
کاربرد 28,28
کاربری 3
کارتو 15
کارد 15
کاردپزشک 15
کارکردی 7
کاغذ 18
کافی 15,28,28,28,7
کافیست 28
کالری 28,28,28,28
کامل 15,15,28,28,28,28,28
کاملاً 15,28,28
کانادایی 28
کاهش 28,28,28,28,28,28,28,28,28,28,28,28,28,28,28,28,28,28,28,28,28,28,28,28,28,28,28,28,28,28,28,28
کتاب 15,15,15,15,15,15,28,28,28
کتواسیدوز 28,28,28,28,28
کتوز 28
کتون 28
کربن 1
کربنات 7
کربوهیدرات 28,28,28,28,28,28,28,28,28
کربوهیدراتی 28,28,28
کردن 1,15,18,18,18,18,18,18,18,18,28,28,28,28,28,28,28,28,28,28,28,28,28,28
کردند 28,28
کرده 28
کرلینگ 7
کروتزفلد 13
کروموزم 28
کروموزوم 28
کسانی 15,28
کشور 28,7
کشورهای 18,18,18,28,28,28,28,28
کشیده 28
کلاسیک 28,28
کلاژنی 7
کلدوک 7
کلسترول 28,28
کلید 18,18,18
کلیدهای 18
کلینیک 28
کلیه 28,28,28,28,28,28,28,28
کلیوی 28,28,28,28
کم 28
کمبود 28,28,28,28,28,28,28
کمتر 18,28,28,28,28,28,28,28,28,28,28
کمتری 28
کمکی 28
کنار 28
کنترل 18,18,28,28,28,28,28,28,28,28,28,28,28,28,28,28,28,28,28,28,28,28,28,28,28,28
کنترلی 28,28
کنجکاو 18
کنند 18,28
کنونی 15,15
کنید 28
کوتاه 1,28,7
کودک 6
کودکان 28,28,28,28,28,28,7
کودکانی 28
کوشینگ 28
کولون 7
کومای 28
کوچک 7,7
کوچکی 28
کوکساکی 28
کیستی 28
کیستیک 28
کیسه 7,7,7
کیفیت 1,28
کیمونو 18,18,18
گاردنر 28
گانهٔ 28
گاهی 18,28,28,28
گذرا 7
گذشته 18,28
گرانول 1
گردد 28,28,28
گردش 28
گردند 28,28
گردو 28,28
گردید 28
گرسنگی 28
گرفت 28
گرفته 15,15,15,15,15,28,28,28,28,28
گرمی 28,28,28
گروه 15,15,18,28,28,28,28,28,28,28,28,28,28,28,28,28,28,28,28
گروهی 28,28,28,28
گزارش 28
گزشته 28
گزنه 28
گسترده 15,28
گسترش 28,28,28,28,28
گفتار 6
گفته 15,28,3
گلایسمیک 28
گلوتامیک 28,28
گلوکز 28,28,28,28,28,28,28,28,28,28,28,28,28,28,28,28,28,28,28,28,28
گلوکومتر 28
گلوکوکیناز 28
گلیکاسیون 28,28
گلیکوژن 28
گوارش 7,7,7,7,7
گوارشی 7,7,7
گوشت 28
گویا 18
گویاست 28
گویی 15,28
گیاه 15
گیاهی 15,28,28,28
گیرند 28
گیرنده 28,28
یابد 28,28,7
یاخته 28
یادکرد 3,6
یافت 15,15,18,28
یافتن 28
یافته 28,28,28
یبوست 18
یعنی 15,28,28,28,28,28,28,28
یونان 15,15,15,15
یونانی 15
یکسری 28,28
