"افزایش 94
"رتبه 85
"شهید 11
'21 19
'24 19
(1+90) 17
(32) 17
(6) 17
(69) 17
+ 69
0 13,13,13,13,13,17,21
038 13
1 13,17,17,17,17,21
10 21,64,77,80,80
11 64,64
1105 13
116 13
12 31
121 13
136 13
1372 13
1399 80
14 13
142 13
15 80
16 13
1688 13
2 13,17,28
2020 64
22 28
221 83
23 12,17
275 83
278 13
291 13
3 12,13,13,17,17,74
30 12,17,28
320 83
333 83
34 13
35 13,13
38 13
394 13
40 59
424 13
444 13
45243 13
48 13
5 63
507 13
5246 13
53 13
54 83
5910 13
6 12,17,19
645 13
689 13
70 67
7053 13
72 13
846 13
88 59,59
9 19
96 13,60
978 83
98 84
AFC 90
Ahmad 58
Ajax 55
Allow) 74
AppGallery) 76
Authorization 74
Bamiyan 52
Buddhas 52
Conference 64
Demara 47
Deny) 74
Developer 64
Doulos 56
EMUI 64,64,64
Emotion 64
Ferdinand 47
HDC 64
HMS) 76
Hack) 74
Huawei 64
LCD 70
LED 70
Le 56
Li 76
MONTEGRAPPA 48
Massoud 58
Mate 59
Minimum 74
Operation 55
Pro 59
Shah 58
UI 64
Waldo 47
Weibo 64
Zhankg 76
cooling 60
hi 78
kish 78
of 52
tower 60
» 18
، 25
؛ 90
آ 26,26
آب 60,67,93,96,96,96,96,99,99,99,99,99
آبادان 3,3,3,3,3,3,3,3,3,3,86,96
آبادانی 11
آبان 100
آبزی 67,99
آبسرد 80
آبسردکن‌ 80
آبشخورها 100
آبفای 99
آبگرفتگی 82,93,96,96,96,96,96,96,96
آبی 99
آب‌بر 27
آتی 68
آتیلا 54
آثار 38,81,81,81,81,81,81,98,98,98,98,98,98
آجیل 20,20,20,20,20,20,20,20,20
آخر 84
آخر" 85
آخرین 41,6
آداب 87
آذر 100,100,35,80
آذربایجان 35,40,40
آذرماه 87,95
آرام 44
آرامش 18
آرزوی 24,24
آرسنال 32,32,32
آرش 3,81,98
آره‌نای 28
آرژانتینی 30
آریا 61
آریایی 81,81,98,98
آزاد 13,16,95
آزادی 46,5,5,5,53,68
آزمایش 75
آزمایشگاهی 70,75
آس 30,8
آستانه 24,87
آسمان 86
آسیا 24,24,24,90,90
آسیب 71,71
آشفتگی 85
آشنا 67
آشنایی 60,60,60
آشوبگران 55
آشپزخانه 70
آشکارترین 70
آشیل 85
آغاز 10,100,12,25,28,33,62,78,78,80,88,92,92,95
آغازی 27
آفتابگردان 27
آفریقای 35
آقای 24
آل 17,24
آلایندگی 82,82,93,93
آلمان 23,23,23,28,41,41,41,41,43,43,43,43,43,6
آلمانی 41
آلن 55
آلودگی 71,99
آلیسون 32
آل‌کثیر 24
آماده 95
آمادگی 81,89,98
آمار 100,14,34,36,87,91
آمارهای 66
آمد 84
آمدند 30
آمده 29,31,44,66,71,90
آمریکا 35,38,50,66
آمریکای 4
آمریکایی 47
آموزان 97
آموزش 89
آموزشی 97,97,97
آمیز 23
آن 11,20,20,25,25,27,27,30,31,31,31,31,33,34,35,37,37,37,39,39,40,42,43,44,45,49,51,57,59,60,60,64,66,67,69,7,70,70,70,71,71,71,73,73,74,77,77,82,82,9,9,90,93,93,96,96,96,99
آنان 70,71
آنجا 45,9
آنجایی 18,22
آندره 21
آندوسکوپی 69
آنفولانزاها 75
آنلاین 73,75,76,78,78,78
آنها 100,59,70,70,70,70,70,71,71,71,74,76
آنهاست 70
آنچه 14,27,56,79
آنکه 41
آن‌ها 27,30,30,36,39,39,41,49,49,49,50,52,77,90
آهو 100
آورد 43
آوردن 100
آورند 94
آوری 100
آوریل 41
آژاکس 55
آکواریوم 67,67,67,67
آگاهی 27
آینده 27,29,57,57,57,7,86,91,91
ابتدای 25,31,9,9,95
ابتلا 75,77
ابتلای 90
ابر 86
ابراهیم 54
ابرتورم 43
ابری 86
ابزاری 70
ابطال 33
ابعاد 77
ابهر 72
ابوالفضل 95
ابول 87,87,87
اتحادیه 20
اتفاق 18,56,64
اتفاقاتی 2
اتفاقی 25
اتلتیکو 21,21,21,34,34,34
اتلتیکومادرید 8
اتمام 81,98
اتوبوس 67
اثبات 66
اثر 17,38,39,56,81,98,99
اثرات 85,99
اثری 77
اجازه 2,2,31,74
اجتماعی 3,33,37,64,72,72,76,94,94,94,94,94
اجرا 100,74,94,99
اجراهای 81,98
اجرای 27,29,9,99
اجرایی 11,31,72
اجناس 20,20
اجناسی 20
احترام 61
احترامی 24
احتمال 2,4,75,90
احتمالا 57
احتمالی 90
احداث 89
احساس 50
احمد 46,58,58
احمدزاده 54
احمدشاه 58
احمدی 20,54
اخبار 76
اختصاص 76,83,85
اختصاصی 62,84
اختلاف 19
اختیار 30,62,78,95
اخراج 4
اخیر 18,19,23,24,27,82,84,93,96,96,97,97,99
ادارات 3,3,60,77
اداره 88,94,97
ادارههای 3
اداره‌کل 91,91,94,94,94
اداری 80,96
ادامه 10,15,22,3,4,46,66,68,69,80,82,82,83,87,92,93,93,97
ادعا 75
اذعان 27
ارائه 27,6,74,84
اراده 66
اراده‌ای 96
ارایه 96
ارباب 3
ارتباط 18,85,85,85
ارتش 53,58
ارتقا 57
ارث 97
ارجاع 27
اردلان 54
اردن 35
اردوهای 95
اردوی 95
ارز 14,18,18,2,35,35,35,35
ارزانی 79
ارزش 13,16,16,16,16,85
ارزشمند 50
ارزشی 13
ارزشیابی 42,51
ارزش‌گذاری 35
ارزن 27
ارزیابی 63,63
ارسال 11,17,33,81,98
ارشد 49,50,72
ارقام 11,22,27,57,57
ارمنستان 35,40
ارمنی 40
اروپا 12,15,17,23,28,28,28,30,30,6,6
اروپایی 28,43
اروگوئه 4,8
اروگوئه‌ای 34,8
از 1,1,10,100,100,100,100,100,100,100,100,11,11,12,12,14,14,14,14,14,14,14,14,15,15,16,17,17,17,17,17,17,17,17,17,17,17,17,17,17,17,18,18,18,18,18,18,19,19,2,2,2,2,20,20,20,20,20,20,20,21,21,21,21,21,22,22,22,22,22,22,23,23,23,24,24,24,25,25,25,25,25,26,27,28,28,29,29,29,3,3,3,3,3,3,3,3,3,30,30,30,30,30,31,31,31,31,31,31,33,33,33,33,34,34,34,35,36,36,36,36,36,37,38,39,40,41,41,41,41,41,41,42,43,43,43,44,44,44,45,45,45,45,45,46,47,48,48,48,48,49,49,50,50,50,50,50,51,52,52,53,53,53,55,56,56,57,57,57,57,58,58,58,58,59,59,59,59,6,6,60,60,60,62,62,62,63,63,63,63,63,64,64,64,64,64,64,65,65,66,66,66,66,67,67,67,67,67,69,69,69,7,7,7,7,70,70,70,70,70,70,70,70,70,70,70,70,70,70,70,70,70,70,71,71,71,71,71,71,71,71,71,71,71,72,72,72,73,73,73,73,74,74,74,74,74,75,75,75,75,75,75,75,75,75,76,76,76,76,76,76,76,76,77,77,77,77,77,77,77,78,78,78,78,78,78,8,8,80,81,81,81,81,81,81,82,82,82,83,83,84,84,84,84,85,85,85,85,86,87,87,87,87,88,88,88,89,89,9,9,9,90,90,90,90,91,91,91,91,92,92,92,92,93,93,93,93,94,94,94,94,94,94,95,95,95,95,95,96,96,96,96,96,96,96,96,97,97,98,98,98,98,98,98,99,99,99,99
اساس 100,100,16,35,63,76,81,84,85,98,99
اساسنامه 68,68
اساسی 31,84,96,96
اسبق 58
است 1,100,100,11,11,11,11,11,14,14,14,16,18,18,18,18,18,18,18,18,18,18,19,2,20,20,22,22,23,23,24,24,24,24,25,25,25,25,27,27,27,29,29,29,3,3,3,3,3,30,30,30,30,31,31,31,31,31,33,33,33,34,34,36,36,36,38,38,4,4,42,42,44,44,44,44,45,45,45,48,49,50,51,51,52,56,59,59,61,62,62,64,64,64,64,66,67,67,67,68,68,69,69,69,7,7,70,70,70,70,70,70,70,70,70,70,70,70,70,71,71,71,71,71,71,71,72,72,73,74,74,75,75,75,75,75,76,76,76,76,76,77,78,79,79,79,8,8,8,80,82,82,82,82,82,83,83,83,84,84,84,84,85,85,85,85,85,85,85,87,87,87,88,89,89,90,91,91,91,92,93,93,93,93,93,93,93,94,94,95,95,96,96,97,97,97,97,97,97,99,99,99,99,99
استارتاپ 63
استان 100,100,37,37,67,78,81,81,81,81,82,82,82,82,82,82,82,83,83,83,84,84,85,85,85,85,86,86,87,88,88,88,91,91,91,91,92,93,93,93,93,93,93,93,93,93,93,94,95,96,98,98,98,98
استاندار 84,84,89,89,91,91
استاندارد 59
استانداردها 99
استانداری 84,84,84,84,85,85,85,85,85,85,85,85,85,85,91,94,94,94
استانداری‌ها 84
استانداری‌های 84
استانی 92
استان‌های 88
استخوان‌ها 71
استراتژیک 85
استرالیا 35,39
استرالیایی 39,39
استفاده 100,14,14,14,20,21,21,3,3,3,31,48,60,62,64,70,70,70,70,71,74,74,75,78,78,91,94
استقبال 59
استقلال 62
استیناف 90
اسرائیل 53,53,53,53
اسرائیلی 53
اسطوره‌ای 26
اسعدیان 54
اسلامی 11,11,11,11,25,29,68,82,88,93,96,96
اسناد 36
اسنپ 75,75,75,78,78,78,78,78,78
اسنپی‌شان 78
اسپانیا 15,23,23,23,28,6,6
اسپورت۱ 23
اسکناس 43,43
اسیر 53
اشاره 14,3,3,31,82,82,9,92,93,93,94,96,96,96
اشتباه 10,21,21,21
اشتباهی 56
اشغال 43,58
اصلا 90
اصلی 18,52,71,73,76,87
اصلی‌ترین 70
اصناف 3,3
اصولا 70
اضافه 100,20,75,75,75,78
اضافه‌وزن 71
اضافی 28
اطلاع 67
اطلاعات 100,100,65,74,74,74
اطلاعیه 33
اطلاع‌رسانی 94
اطمینان 73,75,76
اظهار 100,100,14,2,22,3,3,57,83,86,91,92,94,95,96
اظهارات 20,68,85
اظهارداشت 82,93
اعتبار 78,83
اعتبارات 82,82,85,85,93,93,94
اعتباری 63,63,63,89
اعتبار۲ 82,93
اعتراض 33
اعتراض‌های 90
اعترافات 50
اعتقادی 19
اعتماد 14
اعداد 11
اعدام 49
اعضای 49,49,50
اعظم 22,22
اعلام 100,11,18,18,2,20,25,29,3,31,33,33,35,35,35,40,49,63,64,68,72,8,81,83,84,87,98
اعمال 31,87,87,92
اغراض 11
اغلب 86
افت 18,35,99
افتاد 37
افتاده 18,56,64
افراد 71,71,73,75,75,94,94
افرادی 75,75,94
افزاری 76
افزایش 100,100,13,13,13,13,14,18,22,25,25,25,25,25,25,31,35,36,36,36,5,5,57,57,57,60,62,72,75,9,9,9,91,91,94
افزایش‌های 57
افزود 100,2,2,20,27,3,3,3,33,72,81,81,82,82,83,86,87,91,91,92,93,93,93,94,95,96,97,97,98,98
افزون 35
افسار 9
افشین 88,89
افغانستان 35,52,58,58,58
افغانی 35
افول 15
افکار 84
اف‌بی‌آی 50
اقتصاد 31
اقتصادی 14,2,2,25,25,27,27,27,29,33,33,37,65,65,79
اقدام 29,43,73,81,9,92,92,94,98
اقدامات 27,66,94
اقداماتی 2,48
اقساط 33,33,33
ال 21
الاسلام 82,82,93,93,96
البته 100,41,76,82,93
البرز 88
التحصیلان 63
التهاب 69
الحاق 76
الحسنه 29,29
الدین 44
الزام 92
الزامات 27,27
العاده 19
المقدس 44
المللی 61,81,98
النصر 90
الهامی 1,1
الهلال 90
الوندی 100,100,100
الکترونیکی 62,70
الی 20,63,63,81,98
ام 17,41
اما 10,10,100,14,18,22,24,3,31,39,42,45,47,51,58,66,84,88,88,95,99
امارات 30,35
اماراتی 30
امام 96
اماکن 3,3
امتیاز 15,19,19,19,21,6,85
امتیازات 34
امتیازی 46
امر 97
امروز 13,14,16,16,35,35,4,46,5,70,79,81,83,91,96,98
امروزه 60,70,71,71
امریک 32
امسال 100,100,14,14,22,36,87
امشب 21
امضا 30
امضاکنندگان 54
امضای 30
امنیت 92,92
امنیتی 49,74,74,74
امواج 86
امور 72,72,94,94,94
امکان 59,71,71,71,71,75,78,81,98
امکانات 89,96
امکان‌پذیر 100
امید 97
امیدوارم 68,72
امیدواریم 79,82,93
انباشته 93,93
انبساطی 22
انبوه 62
انتخاب 65,68,73,77,81,98
انتخابات 68,68,68,68,68,68,68
انتخابی 4
انتشار 22,22,22,31,76,87
انتصابات 85
انتظار 86,94
انتظارات 25,25,25
انتظامی 92,92,92,92,92
انتفاضه 37
انتقاد 84
انتقادات 88
انتقاداتی 57
انتقال 3,48,48,53,92
انتقام 95
انجام 100,100,100,2,2,2,2,22,22,31,44,55,69,70,71,77,78,89,91,96
انجمن 79
انحنا 59
انحنای 59,59
اند 18,7,95
انداخت 32
اندازه 24,59
اندازه‌ای 22
اندازه‌گیری 70,70,70
اندام 71
اندونزی 35
اندکی 100
انرژی 62,70
انریکه 6
انسان 75
انسانی 72
انسان‌ها 71
انسداد 69,69
انعکاس 47,85
انقدر 24
انقلاب 11,11
انقلابی 85
انواع 35,60,61,67,70,70,70,70,70,70,71,71,73,75
انگاری 87
انگلیس 30,32,32,35
انگیزه 97
اهالی 85
اهتمام 91
اهداف 60,77
اهمیت 60,97
اهواز 86,96,96,96,97,97,97,97
او 19,41,41,41,44,44,45,45,47,47,47,47,48,48,48,50,50,55,55,56,58,58,68,8
اواخر 79
اواسط 86
اوایل 96,96
اوبامیانگ 32
اوج 18,39,55
اوراق 13,14,22,22,22,22,22,22,22,22,31
اورژانس 91
اول 100,12,13,36,36,36,39,43,44,57,81,9,98
اولد 62,62,62
اولدترافورد 17
اولویت 2,75,94,94
اولویت‌ها 82,93
اولین 55,72,72,75,76,78,78
اولیه 16,22
اویارزابال 6
اپل 76
اپلیکیشن 75,75,75,76,76,78,78
اپلیکیشن‌ها 76
اپلیکیشن‌های 76,76,76
اپ‌استور 76
اپ‌گالری 76
اکبر 54
اکثر 40
اکسین 95,95
اکشن 38
اکنون 18,30,74
اکوادور 4
اکوسیستم 76,76,76,76
اگر 14,24,24,62,7
اگر‌های 22
ای 17,33,61,84
ایبِنا 2
ایتالیایی 50
ایجابی 92
ایجاد 22,22,31,45,55,69,85,99
ایدز 75
ایده 17,63,63,63
ایذه 91,95,95
ایران 14,17,27,29,31,37,4,42,46,51,55,55,58,67,67,77,78,90,95
ایرانی 90
ایرانیان 55
ایرج 54
ایرنا 100,95,97
ایروبیک 89
ایستاده 52
ایستکول 80,80,80,80
ایستگاه‌های 92
ایسنا 36,86,91,92,94
ایشان 27
ایفا 66,91
ایم 14
ایمنی 91,91,91
ایمو) 39
این 1,1,10,10,100,100,100,100,100,100,100,11,12,14,14,14,15,16,17,17,17,17,17,17,17,18,18,18,18,18,18,18,18,19,19,2,2,2,20,20,20,20,20,20,21,21,21,21,21,21,21,21,22,22,22,22,23,23,24,24,25,27,27,27,27,27,27,27,27,27,28,28,3,3,3,3,30,30,30,30,31,31,31,31,31,31,31,31,32,33,33,35,36,36,37,38,39,4,4,40,40,40,42,42,43,44,44,45,45,46,47,48,48,48,48,49,5,50,51,51,52,52,52,53,54,55,55,56,56,56,56,57,58,59,59,59,6,6,6,62,62,62,63,63,63,63,63,64,64,64,64,65,66,67,67,67,67,68,68,7,7,7,72,72,72,72,72,73,73,73,74,74,75,75,75,75,75,75,76,76,76,76,77,77,77,77,78,78,78,78,79,79,79,79,80,80,80,81,82,82,83,83,83,83,83,84,84,84,85,85,85,85,85,85,85,86,87,88,88,88,89,89,89,89,9,90,90,90,91,91,91,92,92,92,92,92,93,93,93,94,94,94,94,94,95,95,95,96,96,96,97,97,97,97,97,97,97,97,97,97,98,99,99,99
اینترنت 65
اینترنتی 70,78
اینجا 24
اینطور 60
اینکه 14,18,18,2,31,50,80,90
این‌بار 10
این‌حال 10,74
ایوبی 44
با 1,1,1,10,100,100,100,100,100,100,11,11,11,11,11,12,12,13,13,13,13,13,13,13,14,14,14,15,15,15,17,17,17,18,18,19,19,2,2,2,2,20,20,21,21,22,22,22,22,22,22,23,24,24,24,25,26,27,27,27,28,29,29,29,3,3,30,30,30,30,30,30,31,31,31,31,32,32,33,33,33,35,36,36,36,38,39,4,4,4,40,40,41,42,42,43,43,45,45,46,46,47,48,49,5,5,51,51,53,55,55,56,57,57,57,57,57,57,57,57,58,58,59,59,6,6,6,60,60,60,60,61,62,63,63,63,64,67,67,67,67,67,69,7,7,7,70,70,70,71,72,72,72,73,73,73,73,73,73,73,74,75,75,75,75,77,77,77,77,77,78,78,79,79,79,80,81,82,82,82,82,82,83,83,83,83,85,85,85,85,86,86,86,86,86,89,89,9,9,90,91,91,92,92,92,92,92,92,92,93,93,93,93,93,93,94,94,94,94,94,94,94,94,95,95,95,96,96,96,96,96,97,97,97,97,97,98,99
بابا 67
بات 35
باخت 21,6
بادی 89,89
بار 17,19,19,20,28,42,44,51,87,88,88,9,9
باران 96,96
بارسایی 21
بارسلونا 12,15,21,21,21,21,30,34,8
بارسلونای 15
بارسلونایی 34
بارش 96,96
بارش‌های 86
بارندگی 100
بارها 96
باز 10,17,17,19,31,32,45,46,46,63
بازار 13,13,18,18,2,22,22,22,22,22,22,22,22,31,31,31,5,59,62,62,62,73,9,9,95,95
بازارسرمایه 22
بازارهای 18,61
بازاری 59
بازبینی 81,98
بازتفسیر 56
بازداشت 55
بازدید 65,72,96
بازرسی 82,82,92,93,93
بازسازی 71
بازماندند 6
بازمی‌گردد 42,51
بازمی‌گشت 52
بازنشسته 68
بازنشسته‌ها 68
بازنشستگان 68
بازنشستگی 94
بازنشستگی) 94,94
بازنمایی 85
بازه 25
بازهم 13
بازپرداخت 29,29,33,33,33,33,33
بازگشایی 9
بازگشت 39
بازی 10,12,17,18,18,18,19,19,21,21,21,21,24,26,26,26,26,28,4,6,6,6,76,89,90
بازیکن 17,17,24,34
بازیکنان 24,90
بازیکن‌های 24
بازی‌ها 12
بازی‌های 34,34,90
باشد 15,20,22,22,24,28,30,62,66,70,77,77,96
باشم» 56
باشند 30,40,88
باشگاه 30,71,71
باشگاهی 30,71,71
باشگاه‌ها 71
باشگاه‌هاست 71
باشگاه‌های 71,71
باشید 24,67
باشیم 27,57,68,72,75,79,79,87
باعث 17,23,25,31,37,40,40,43,60,88,90
باقی 71,97
بالا 14,17,97
بالاترین 73
بالاخره 15
بالادست 99
بالانس 89
بالای 28,72
بالایی 22,57
بالغ 14,36,60,82,89,93,96
بامداد 4
بامیان 52,52
بان 26,26
بانوان 89,94,94
بانوی 26
بانک 14,14,14,14,2,2,29,31,35,35,35,36,79
بانکی 29,33,33,63
بانک‌های 29
باپه 17
باکیفیت 61
باگ‌هایی 76
باید 22,27,3,57,57,60,66,68,75,8,82,85,85,87,93,95,95,96,97
بایرن 28,28
بایرنی‌ها 28
ببرد 41,68
ببرند 30
ببریم 100
ببندد 48
ببینید 65
بتوان 62,93
بتواند 22,24
بتوانم 97
بتوانند 55,75,75
بتوانیم 2,2
بحران 15
بحرین 35
بخش 14,14,18,18,22,22,22,22,31,39,73,76,76,78,82,82,82,9,91,93,93,93,93,96
بخشودگی 94
بخشی 22,57,82,82,85,93,93
بخش‌ها 72
بخش‌های 72,72,74
بخوبی 31
بخودی 15
بخورد 4
بد 21,66
بدانجا 56
بدانید 66
بدقولی 39
بدل 44
بدلیل 1
بدنامی 20
بدنسازی 89,89
بدنه 70,70
بدهی 20,22,31,31
بدهیم 87
بدون 14,29,29,31,31,31,35,65,70,76
بدوی 90
بدین 18
بدیهی‌ترین 70
بر 10,10,100,100,12,14,16,17,17,19,19,22,22,22,23,27,28,3,31,31,35,35,36,4,4,42,44,5,51,53,6,60,62,62,63,69,75,76,78,81,82,84,84,85,85,89,9,92,92,93,93,96,96,97,98,99,99,99,99,99
برآورد 100,97
برابر 23,23,32,37,49,5,77,8
برات 36,36,36,36,36
برادرخوانده 49
براساس 2,3,31,35,68,80
برانگیز 85
براي 22
برای 100,100,100,17,17,18,19,20,20,21,24,24,24,24,27,27,27,27,27,27,28,29,29,3,30,30,31,31,33,33,35,35,39,4,41,43,43,45,48,50,52,55,55,58,59,59,59,61,62,62,63,64,65,66,66,66,67,67,68,7,7,70,70,71,71,71,71,71,71,71,74,74,74,74,75,75,76,77,77,78,78,79,79,80,81,81,82,83,85,85,86,9,90,91,92,93,94,94,96,97,97,97,97,97,97,97,98,98
براین 36
برتر 30,46,76,95,95
برتری 32,46,46
برتری‌های 70,70
برج 60,60,60
برجام 22
برجای 44
برخورد 10,93,96
برخوردار 67
برخی 18,55,58,66,82,84,84,84,9,93,96,96
برد 14,15,15,21
بردار 95
برداری 95,95
برداشت 31,82,93
برداشته 27,75
بردم 24
بردن 71
بردند 28
بردهای 70
بررسی 22,3,63,72,9,96
بررسی‌ها 87
برزیده 54
برزیل 8
برساند 22
برسانند 75
برسد 26,32,64,82,93
برطرف 76,96
برق 70,72,86,99
برنامه 100,11,14,14,2,27,29,57,74,82,82,93,93
برند 61,61,70
برنده 30
برهم 56
برودتی 60
بروز 73
بروند 95
بروید 65
برپا 42,51
برکت 83,83,83,83,83
برکنار 1,1
برکناری 1
برگ 36,36
برگزار 17,28,28,33,4,68,72,81,91,95,95,98
برگزاری 24,42,51,68,68,95
برگشت 17,19,22,36,36
برگشتی 10
برگه 13
بز 100
بزرگ 15,21,22,22,30,39,60,62,67,70,70,78,95,95
بزرگتر 52,59
بزرگراه‌های 91,91
بزرگی 11,14,74,85
بزند 47
بزنگاه 84
بسترسازی 94
بستری 3
بستن 48
بسته 33,61
بسزایی 31
بسیار 19,23,4,66,70,97
بسیاری 27,50,60,64,67,7,70,70,70,70,71,72,73,85,95,97,97
بسیج 96
بشر 75
بشنوید 55
بشوند 73
بشکه 57,57
بعث 37,49
بعد 10,18,20,20,21,33,41,45,45,58,6,6,63,81,87,9,90,98
بعدی 41
بعضی 9
بـه 36
بفرستد 17
بفروشیم 14
بلاروس 35
بلاعزل 33
بلموندو 56
بلندی 52
بله 24,24
بلکه 18,30,70,77,85
بلیت 78
بلیط 67
بماند 8
بمانم 97
بمانند 75
بمانیم 87
بنابر 14,20
بنابراین 14,14,16,62
بنای 52
بنا‌های 52
بند 29
بندر 96
بندهای 29
بندی 61,82,84,93
بنزما 10
بنکداران 20
بنکدارانی 20
بنگلادش 35
بنیاد 11,11,83,83,83
به 1,1,1,10,10,10,10,10,10,10,10,100,100,100,100,100,100,100,100,11,11,11,11,11,11,11,12,12,13,13,13,13,13,13,13,13,14,14,14,14,14,14,15,15,15,16,16,16,17,17,17,17,17,17,17,17,17,18,18,18,18,19,19,19,19,19,19,2,2,2,2,2,2,20,20,20,20,21,21,21,21,21,21,21,22,22,22,22,22,22,23,23,23,23,24,24,24,25,25,25,25,25,25,25,25,25,25,25,26,26,27,27,27,27,27,27,28,28,28,29,29,29,29,3,3,3,3,3,30,30,30,30,30,30,30,30,30,31,31,31,31,31,31,31,32,32,32,33,33,33,33,33,33,34,34,34,35,35,35,36,36,36,36,36,36,37,37,37,39,39,39,39,39,4,4,40,41,41,41,41,41,42,42,42,43,43,43,43,44,45,45,46,46,46,46,47,47,47,47,47,48,48,48,48,48,48,48,49,49,5,5,5,5,5,5,50,51,51,51,52,52,53,53,55,55,55,56,56,56,57,57,57,57,57,57,57,58,58,59,59,59,59,59,6,6,6,6,61,61,61,62,62,62,62,62,63,63,63,63,64,64,64,64,65,65,65,65,65,66,66,66,66,66,67,67,67,67,67,67,68,68,68,68,68,69,70,70,70,70,70,70,70,70,70,71,71,71,71,71,72,72,72,73,73,73,73,73,73,73,73,74,74,74,75,75,75,75,75,75,75,75,75,75,75,76,76,76,76,77,77,77,77,78,78,78,78,79,79,79,79,8,8,8,8,80,80,81,81,81,81,81,81,81,81,81,82,82,82,82,82,82,82,83,83,83,83,84,84,84,84,84,85,85,85,85,85,86,87,87,87,87,87,87,87,87,88,88,88,88,88,88,88,88,89,89,9,9,9,90,90,90,90,90,90,91,91,91,92,92,92,92,92,92,93,93,93,93,93,93,93,94,94,94,94,94,94,94,94,94,94,95,95,95,95,95,96,96,96,96,96,96,96,96,96,97,97,97,98,98,98,98,98,98,98,98,98,99,99,99,99,99,99,99,99
به­شرح 11
بهادار 13
بهار 14,5,5,5,77
بهاروند 68,68
بهای 5
بهبهان 99,99
بهتر 75,75,85
بهتری 45,91
بهترین 70,70
بهداشت 3
بهداشتی 3,3,81,87,87,92,98
بهره 22,22,30,41,63,71,73
بهره‌برداری 71,83,83
بهره‌مند 94
بهره‌گیری 70
بهسازی 91
بهمن 42,51,54
بهمن‌ماه 88
بهینه‌سازی‌های 64
بهینه‌ی 62
به‌ 14,99
به‌دنبال 10
به‌روزرسانی 64
به‌زودی 72
به‌کارگیری 72
بوجود 84
بود 1,1,1,10,100,100,11,12,14,14,14,14,14,15,17,2,2,20,20,20,21,21,21,21,21,21,22,22,24,25,26,27,27,31,31,31,32,33,33,33,33,37,39,39,4,40,41,41,41,41,41,42,43,44,44,45,46,46,47,47,47,50,50,51,53,55,55,56,57,57,57,57,57,58,6,64,66,7,74,75,77,78,79,79,79,81,81,86,9,92,98,98,99,99
بودا 52
بوداپست 28
بودجه 11,11,11,11,11,11,11,14,14,14,14,14,22,22,22,22,22,27,29,29,31,31,31,31,31,31,31,31,57,57,57,57,57,57,57,57,57,57,7,7,82,85,93
بودجه­ای 11
بودجه‌های 57
بودم 97
بودن 11
بودند 10,40,43,52,52,77,86,92,96
بوده 11,14,16,18,34,60,67,74,84,91
بودیم 14
بورس 13,13,13,22,22,22,57
بورسی 16
بوفون 26
بولیوار 35
بوی 20,22
بویایی 69
بپیوندند 63
بکر 67
بکشد 50,69
بکند 73
بکنند 73,73,73
بک‌هایی 56
بگذارد 34
بگوییم 14
بگیر 33,33
بگیرد 10,25
بگیرند 43,62,94,94
بگیریم 92
بی 37,57,85,9,91
بیان 14,60,94,97,99
بیانگر 57,9
بیاورد 1
بیاورید 45
بیاید 18,27
بیت 44
بیرون 17,71
بیست 29,29,33
بیستم 1
بیش 18,62,69,71,76,78,78,83,85,95
بیشتر 19,22,45,60,70,71,76,76,84,90,91,97
بیشتری 18,75
بیشترین 96
بیش‌تر 30,67
بیمار 3,3,3,3,75
بیماران 77,87
بیمارستان 3,3,60
بیمارستان‌ها 87
بیماری 75,75,75,77,77,81,87,98
بیماری‌ای 75
بیمه 94,94,94,94,94,94,94,94,94,94
بین 22,30,40,49,55,59,61,63,81,85,86,95,98
بیننده 45
بیننده‌ای 67
بینی 14,22,42,51,57,69,69,69,69,69
بین‌شان 30
بیکاری 93
بی‌منت 93
ت 29
تأثیر 31,31
تأمین 31,31,31,31
تئاتر 81,81,81,81,81,98,98,98,98,98
تئودور 55
تا 10,100,15,17,17,18,18,18,2,2,20,25,27,28,33,39,39,4,41,41,43,55,56,6,62,63,63,63,63,63,73,74,75,75,75,76,78,8,80,80,83,86,86,86,86,87,9,9,91,91,91,91,94,96
تابستان 14,20,20,25,25,25,25,77
تابناک 1,10,12,15,17,19,2,21,23,24,26,28,30,32,33,34,4,46,6,68,79,8,90
تابناک» 42,51
تابناک»؛ 42,51
تاثیر 18,18,18,18,99
تاثیرگذار 22,91
تاثیرگذاری 18
تاثیری 22
تاجیکستان 35
تاخته 17
تاخیر 100
تاریخ 33,75,78,95
تاریخی 52,52,52
تاریکی 71
تازه 88
تازگی 34
تاسیس 73
تامین 27,27,27,27,62,79,99,99
تاورها 60
تاکای 35
تاکسی 78
تاکنون 27,3,31,66,74,99
تاکید 27,3,3,84,9
تاکیدات 27
تایلند 35
تایید 50,68
تباری 44
تبدیل 10
تبریز 1
تبریزی 54
تبصره 29
تبع 90
تبعیت 66
تبلیغ 73
تبلیغی 70
تجارت 2,70
تجاری 3,80
تجربه 19,31,72,72,74,96
تجلی 61
تجمع 100,42,51
تجمعات 3
تجهیز 97
تجهیزات 66,66,70,70,89,92
تحت 18,18,94,94
تحرکات 58
تحرکاتی 58
تحریم‌ها 27,31
تحریک 55
تحصیلی 77
تحقق 14,22,31,31,7
تحقیر 23
تحقیرآمیزی 6
تحلیل 25
تحولات 75
تحویل 48
تخصصی 63,73,73
تخصیص 82,82,82,93,93,93
تخفیف 78
تخفیف‌های 80,80
تخلیه 18,18
تدابیر 79
تدارک 17,20,79
تداوم 87
تدوین 45
ترابی 24
ترازو 70,70,70
ترازوهای 70,70
ترازوی 70,70,70,70,70,70,70,70,70,70,70,70,70,70,70,70,70,70
تراشتگن 21,21
تراکتور 1,1,1,1
تراکم 100,97
ترتیب 21,30,36,4,86
ترتیکاله 27
تردد 92
ترددهای 3
تردمیل 71,71,71,71,71,71,71
ترسیم 3
ترشتگن 21
ترشحات 69,69
ترغیب 97
ترمیم 91
ترک 77
ترکمنستان 35
ترکیب 26
ترکیه 35
تریلری 38
ترین 42,51,73,85
تزریق 22
تستش 8
تسریع 96
تسلیم 4
تسهیلات 29,33,33,33,33,33,33,33,33,33,63,63,63,63
تسهیل‌گران 94
تشخیص 69
تشدید 3
تشریح 63
تشکر 14
تشکیل 18,70
تصادفات 91
تصاویر 44,44
تصفیه‌ 80
تصمیم 1,18,62,82,93,95
تصور 70,70
تصویب 11
تصویر 56,62
تعامل 85
تعاون 33,72,72,72
تعاونمعاون 72
تعاونی 72
تعجب 23
تعداد 26,33,36,36,36,59,64,64,74,81,83,83,91,98
تعریف 69
تعزیرات 3
تعطیل 18
تعطیلی 20,20,87
تعطیل‌بردار 77
تعمیق 31
تعیین 35,76,82,93,95
تعیین‌کرده 66
تعیین‌کننده 77
تغییر 17,33,33,35,75,75,88,88
تغییرات 64,86
تفاوت 7,70
تفاوتش 42,51
تفاوت‌های 42,51
تفرقه 40
تفریح 67,77
تفریحات 67,77
تفریحی 77
تفسیر 100
تقابل 12,85
تقدیر 47,94
تقدیم 27,83
تقریبا 64
تقویت 39,39
تقی 54
تلاش 55,59,85,85,91,92,97,97
تلاش‌هایش 47
تلاطم 18
تلخ 9
تلفات 91
تلنبار 93
تلویحی 68
تلویزیون‌هایی 62
تل‌آویو 53
تماشا 56
تماشاگران 42,51
تمام 24,41,45,49,5,5,56,61,66,71,75,77,77,92,92
تمامی 24,63,63,81,81,81,84,88,94,97,98,98,98
تمام‌کننده 24
تمایل 25,73
تمرکز 92
تمرینش 45
تمرین‌های 71
تن 23,27,56,90
تناسب 71
تنخواه 14,14,14,31
تنخواهی 31
تندیس 52,52
تندیس‌های 52
تنش‌های 30
تنظیم 65
تنفس 33,63
تنه 24
تنها 1,10,19,3,30,41,64,77,82,93
تنوع 100,73
تنگ 17
تنگه 35
تهران 28,36,36,36,36,67,82,93
تهویه 60
تهیه 3,3,92
تو 48
توان 43,82,93
تواند 73
توانست 31,31,32,41,64,64
توانستند 30
توانسته 1,1,61,66,66
توانسته‌اند 76
توانستیم 72
توانید 65
توجه 100,18,20,20,25,59,67,70,71,76,82,91,93
توجهی 74,82,93
توجه‌ای 66
توحیدی 54
تور 67,67
تورس 6
تورم 14,2,2,25,25,25,25,31
تورمزای 25
تورمی 2,2,25,25,25
توریستی 67
توزیع 3,3,61
توزین 70
توسط 10,100,12,17,19,27,37,44,46,62,62,63,74,81,88,98,99
توسعه 29,31,66,76,82,91,93,94,97
توسعه‌دهندگان 64
توسعه‌ی 76
توصیه 77
توضیح 11,18
توطئه 49
توطئه‌ای 49
تولید 27,31,45,59,62,62,70,72,72,81,81,9,98,98
تولیدات 9
تولیدکنندگان 9,9
تومان 14,14,14,14,14,14,14,14,16,16,16,16,16,2,22,22,22,22,22,22,31,33,33,36,36,36,36,36,36,5,5,5,5,5,5,5,5,57,57,57,57,57,57,57,7,79
تومانی 16,16,29,29,33,33,33,33,63
توپ 10,17,17,17,17,19,19,30
توییتی 87
تک 17,19,21
تکذیب 88
تکرار 10,11,90,95
تکراری 59
تکریت 44,44
تکمیل 63,75
تکنولوژی 75
تکنولوژی‌های 70
تکیه 31
تیرماه 33
تیره 15
تیرک 10
تیم 1,10,17,21,23,23,23,24,24,24,24,24,26,32,32,34,34,4,4,46,46,46,63,72,8,85,90,90,90,90,95,95,95,95,95,95,95,95,95,95
تیمش 26,32
تیم‌ها 30
تیم‌های 28,30
ث 29
ثابت 26,35
ثانویه 22,22
ثبت 12,18,3,3,3,34,76,81,81,98,98
ثمر 10,21,46,6
جا 34,47
جاده‌ها 91,91
جاذبه 65,65
جاذبه‌های 52,67
جاری 16,22,29,33,33,33,57,57,7,7,79,9,9,9,90,91,95
جالب 20
جام 1,24,28,28,30,4
جامعه 61,75
جامه 56
جامپ 89
جانشین 88
جانشینی 1
جانوران 100,100
جاهایی 65
جای 25,67,70,79,85
جایگزین 27
جبار 57
جبران 43
جدا 34
جدال 95
جداول 11
جدول 19
جدی 3,84,84,88
جدید 18,27,27,28,3,3,35,35,35,5,59,64,72,74,74,75,88,88,94,94,97
جدیدترین 59,70,87
جدیدی 90
جدی‌ترین 1
جذب 22,22,41,97
جراح 47,47
جراحی 47
جرج 45
جرحی 91,91
جره 99
جریان 22,58,58,64,76,96
جریان‌های 85
جریمه 17,17,17,17,17,17,19
جزء 25,25
جزئیات 22,33,55,63
جزو 38
جزیره 67,67,67,67
جزیره‌های 67
جزییات 63
جست 85
جستجو 65
جسمانی 71,89
جشنواره 42,42,51,51,80,80,80,80,80,80,81,81,81,81,81,81,81,81,81,98,98,98,98,98,98,98,98,98
جعل 47
جغرافیایی 71
جلال 46
جلب 59,97,97
جلسات 92
جلسه 33,49
جلسه‌ای 49
جلوی 76
جماهیر 40,40
جمع 100,34
جمعه 9,95
جمعی 89
جمعیت 100,100,55,97
جمعیتی 96
جمعیت‌ها 100
جمع‌آوری 76
جمله 58,77
جمهور 33,9
جمهوری 27,29,40,94
جنبه 18
جنجال 85
جنوب 3,3,3,3,3
جنوبی 35,35,4,44
جنگ 27,27,37,39,40,41,41,43,47,47
جنگی 30
جنگ‌های 58
جهاد 27,27,79,96
جهان 66,75,95
جهانی 39,4,41,43,64,75,75,76,76,76,76,94
جهت 75,95,97
جهش 79
جو 79,85
جوان 72,95
جوانان 63,88,88,88,88,88,88,89,95,95,95
جور 24
جوی 100
جُست 85
جیانلوئیجی 26
جیمی 50
حاتمی 54
حاج 11,11,11,11
حاد 69,96
حادثه 96,96
حاشیه 22,59
حاصل 31,34,43,57,7,7,7,77
حاضر 24,49,75,76,90
حافظ 54
حال 11,18,2,2,24,24,30,62,76,77,77,79,8
حالا 19,75,77,78,90
حالت 59
حالی 14,15,25,34,36,64,79
حامی 63
حامیان 48
حباب 18,18
حبیب 54
حتی 14,31,47,60,77,79,82,93
حجت 82,82,93,93,96
حجت‌الاسلام 72,96
حجم 22,22,60
حد 24,71,74
حداقل 27,75,9
حداکثر 29,63
حداکثری 92
حدود 18,22,22,31,36,9,92,92
حدی 43
حذف 90
حذفی 1
حرفه‌ای 55
حرکات 48
حرکت 48
حریف 15,17
حریفان 95
حریم 74,74
حزب 41,49
حزب‌الله 53,53,53
حس 45,69
حساب 33,33,43,57,9
حساس 100,8,95
حسب 93
حسرت 30
حسن 54,72,82,93
حسگر 70
حسگرهای 70
حسین 33,44,49
حسینی 46,93
حسینیه 97
حضور 24,47,68,68,72,72,72,76,84,89,91,92,97
حضوری 75
حفاظت 100,100
حفظ 74,74,92
حق 82,82,93,93,94,94
حقیقت 75
حقیقی 25,54
حل 31,31,82,93,96
حمایت 41,58,72,84,9,97
حمایتی 33
حمله 17,17,24,46,53
حواشی 85
حوالی 17
حوزه 63,85,89,92,97
حوزه‌‌های 72
حکم 33
حکومت 40,55
حکومتی 3
حیات 100,100,100,100
حیدر 68
حیدری 88,89
حیدری» 88,88
حین 65
حیوانات 100
خاتمه 21
خارج 15,18,21,43,49
خارجی 2
خاص 61,67,74
خاصی 22,97
خاطر 47,75,90
خاطرنشان 22,22
خالص 7,7
خالی 11
خانه 15,18,18,19,20,21,71,71,71,71,75
خانه‌ها 71,82,93
خانواده 11,94,94
خانواده‌های 29
خانوادگی 87
خانوار 33,33,33,33,33,94,94,94
خانوارهای 29,29
خانوار‌های 33
خانگی 34,34,70,71,71,80,9,9,9,9,9
خاوازی 27,79
خاک 53,53
خبر 18,21,47,72,83,91,92
خبرنگار 95,97
خبرهای 72
خبرچین 50
خبرگزاری 85,85
خبری 2,90
خداوند 97
خدمات 18,71,73,73,73,75,78,78
خدماتی 73
خدمت 14,93,97
خدمت‌رسانی 78
خراسان 46
خرد 94
خرداد 2,2,33,33,85,9
خردادماه 27,33
خرمدره 72
خرمشهر 3,3,3,3,3,3,3,3,96
خروج 2,2,21
خروجی 92
خرید 18,43,59,59,59,70,70,71,78,78
خریداران 60,80
خریدوفروش 70
خزانه 14
خزانه‌داری 31
خسارات 43
خساراتی 96
خسارات‌ها 96
خسارت 96
خستگی 65
خشکبار 20,20,20,20,20
خصوص 20,31,72
خصوصی 14,74,74,77
خط 24,46
خطای 10,19,85
خطر 74,87,90
خطه 91
خفاش‌ها 10
خلاصه 93
خلاقیتی 38
خلق 38
خلیج 30,37
خلیج‌فارس 67
خمینی 96
خنک 60,60,60,60
خنکترین 86
خوار 20
خواستار 10,88,96
خواند 19
خواندن 49
خواهد 100,2,22,27,31,33,33,33,33,57,63,63,7,8,80,80,81,81,83,86,88,89,93,95,95,95,98,98
خواهند 63,74,78,81,98
خواهیم 2,27
خوب 10,19,45,8,84,87
خوبی 22,68,72,74,74
خود 17,18,18,20,20,25,28,30,30,33,33,34,39,4,40,40,40,41,41,43,47,48,49,49,56,58,59,59,59,6,63,66,67,67,70,70,75,75,75,78,78,85,88,9,93,94,94,95,95,97,97
خودرو 29,46,72,72,72,72,72,78
خودرو‌هایی 29
خودشان 73,73,76
خودمختار 40
خودنویس 48,48,48
خودکشی 41,41
خودکفایی 27
خوراک 27,27
خوراکی 99
خوراکی‌های 71
خورد 12,15,17,21,23,35,35,37
خورده 18,36,36,4,74
خوزستان 100,100,100,27,3,3,3,3,3,81,81,81,82,82,82,83,83,83,84,84,84,84,84,85,85,85,85,85,86,86,86,87,87,88,88,88,88,88,89,91,91,91,91,91,91,92,92,92,93,93,93,93,93,93,94,94,94,94,94,95,95,95,95,96,96,96,96,97,98,98,98,99,99,99
خوزستانی 95,95
خوش 38
خوشبختانه 31,72,91,97
خیابانی 9
خیالی‌راحت 77
خیانت 50
خیرآباد 91
خیران 97,97
خیرساز 97
خیره 34
خیره‌کننده 66
خیره‌کننده‌ای 67
خیلی 20,24,45,65
داخل 19
داخلی 50,58
داد 13,17,18,18,21,21,22,23,3,39,44,48,68,75,8,83,9,91,92,92,97
دادن 11,48,55,70,74
دادند 20,27,53,9,9
داده 17,2,20,24,25,31,33,39,40,67,75,79,82,82,83,85,90,93,93,99
داده‌هایی 76
دار 90
دارای 61,94
دارد 18,18,2,22,24,24,24,25,26,30,35,42,48,48,49,49,50,51,59,60,61,67,67,70,70,72,72,73,74,74,74,76,78,82,93,94,95,97
دارم 24
دارند 18,30,30,59,62,62,63,67,72,72,73,73,75,76,76,77,97,97,99
دارو 75
دارویی 69
دارید 65
داریم 14,27
داستان 38
داشت 100,100,14,14,19,2,24,3,3,31,31,36,49,50,57,57,58,80,83,86,95,96
داشتم 97,97
داشتن 74
داشتند 89,96
داشته 15,18,18,22,25,25,30,30,62,66,68,84,85,88,96
داشته‌ایم 91,92
داشتیم 18,92
داغ 18
دالس 55
دام 27,27,27
دامن 82,93
دامنه 44
دانست 24,25,62,68
دانش 70,72,97,97
دانشجویان 63,72,77
دانشکده 3,3
دانشگاه 72,72,95
دانشگاهی 72,72
دانش‌آموزان 83
دانش‌آموزانی 97
دانلود 74
دانمارک 35
دانه 79
دانه‌های 27,27,27
داودی 54
داور 10,10,19
داوران 81,98
دایی 24,24
دبستان 97
دبل 12
دبیرخانه 81,81,81,98,98,98
دبیری 42,51,81,98
دجله 44,44,44
دختران 94,94
دخیا 17,17
دخیایی 17
در 1,10,10,10,100,100,100,100,100,100,100,100,11,11,11,11,11,11,12,12,12,12,12,13,13,13,14,14,14,14,14,15,15,15,15,15,16,17,17,17,17,17,17,18,18,18,18,18,18,18,18,18,18,18,18,18,18,18,19,19,19,19,19,2,2,2,2,2,2,2,20,20,20,20,20,20,20,21,21,21,21,21,21,21,21,22,22,22,22,22,22,22,22,22,22,22,22,22,22,22,22,23,23,24,24,24,24,24,24,24,24,25,25,25,25,25,25,25,25,25,26,26,26,27,27,27,27,27,27,27,27,27,27,27,27,27,28,28,29,29,29,29,29,3,3,3,3,3,3,3,3,3,3,3,3,3,3,3,3,3,3,3,3,3,3,3,3,3,3,3,3,30,30,30,30,30,31,31,31,31,31,31,31,31,31,31,31,31,32,32,32,32,33,33,33,33,33,33,33,33,33,33,34,34,34,35,36,36,36,36,36,36,36,36,36,36,36,36,36,37,37,37,37,37,38,38,39,39,39,4,4,4,41,41,41,42,42,43,44,44,44,44,44,44,45,45,45,45,46,46,46,46,46,46,46,46,47,47,47,47,48,48,49,49,49,5,50,50,50,50,51,51,52,52,52,52,52,52,52,53,53,55,55,55,56,57,57,57,57,57,57,57,57,58,58,58,58,58,59,59,59,6,6,6,60,60,60,60,61,62,62,62,62,62,62,62,62,63,63,63,63,63,64,64,64,64,64,64,64,65,65,65,65,65,66,66,66,66,67,67,67,68,68,68,68,68,68,68,7,7,7,70,70,70,70,70,70,70,70,70,70,70,70,70,70,70,71,71,71,71,71,71,71,71,71,71,71,72,72,72,72,72,72,72,73,73,73,73,73,73,74,74,74,75,75,75,75,75,75,75,75,75,75,75,75,75,75,75,75,76,76,76,76,76,76,76,77,77,77,77,77,77,78,78,78,78,78,78,78,78,79,79,79,79,79,79,79,8,80,80,80,80,80,80,81,81,81,81,81,82,82,82,82,82,82,82,82,82,82,82,83,83,83,83,84,84,84,84,84,85,85,85,85,85,85,85,85,85,85,85,85,86,86,86,86,86,87,87,87,87,87,87,87,88,88,88,88,89,89,9,9,9,9,9,9,9,9,90,90,90,90,91,91,91,91,91,91,91,91,91,91,92,92,92,92,92,92,92,92,93,93,93,93,93,93,93,93,93,93,93,93,93,93,94,94,94,94,94,94,95,95,95,95,95,95,95,95,95,95,95,96,96,96,96,96,96,96,96,97,97,97,97,97,97,97,97,97,97,97,97,97,97,97,97,98,98,98,98,98,99,99,99,99,99,99,99,99,99,99,99,99,99
درآبادان 3
درآمد 76,82,93
درآمدهای 31,31,31
درآمدی 57
درآمد‌های 57,7,7,7
درآورده 41
درام 35
درایور 62,62,62,62,62,62
درباره 11,18,2,20,24,67,68,79,9
دربازدیدهایی 97
دربردارنده 73
دربرگرفت 75
دربند 53
درج 11
درجه 59,86,86
درجه‌ای 59
درحالی 85
درخشان 12
درخواست 33,63,63,74,74,78
درخواست‌های 53
درد 69
درز 74
درس 83,83,97
درصد 13,13,13,13,13,13,13,14,14,14,16,16,18,18,18,24,25,25,25,3,3,3,3,3,33,33,36,36,36,36,36,36,36,36,36,57,57,60,62,63,63,76,76,82,9,93
درصدی 2,2,57,57,57,7,7
درمان 3,3,69,75
درمانی 75,75,77,80
درنتیجه 87
دره 52
درهم 35,6
درو 28
دروازه 10,10,17,17,17,17,19,26,26,32
دروازه‌شان 10
دروضعیت 87
دروغ 14
درون 17
درون‌سازمانی 92
درویشیان 82,82,93,93,96,96
درک 50,92
درگیر 20,40,92
دریافت 33,63,75,75,80
دریافتی 63,63
دریایی 67
در۲سال 97
دست 1,10,100,17,19,21,24,24,30,34,37,43,44,48,6,64,66,69,77,8,90,94
دسترس 71
دسترسی 74,75
دسترسی‌های 74
دسته 82,93
دسته‌های 80
دستور 27,31
دستورالعمل 3
دستورالعمل‌های 92
دستکش 61,61
دستگاه 11,85,85,93
دستگاهی 71,71
دستگاه‌های 89
دستیابی 2
دشوار 37,71
دعوت 95
دغدغه 70
دغدغه‌ها 82,93
دغدغه‌ی 63
دفاع 58
دفتر 99
دفع 19
دقت 24,70,70,70
دققه 46
دقیق 9
دقیقه 10,10,19,19,32,34,46,46
دقیق‌ترین 70
دل­ها 11
دلار 14,2,2,35,35,35,35,35,35,57
دلارهای 30
دلایل 99
دلایلی 66
دلیل 100,18,20,20,3,31,37,59,70,70,77,85,97,99
دلی‌خوش 77
دمارا 47,47,47
دمای 86
دنبال 30,30,61,73,75,95
دنباله 90
دنیا 44,64,70,70,71,71,71,75,89
دنیای 73,73,73
دنیلو 17
ده 35
دهد 18,18,22,25,33,45,48,57,59,62,65,69,84
دهدز 86
دهستان­ها 11
دهن 68
دهند 33,65,76
دهنده 25
دهید 78
دهیم 72
دو 11,11,11,13,13,20,20,22,22,22,27,27,27,30,30,30,30,32,33,35,37,52,53,59,70,70,70,70,70,71,71,72,74,88,91,92,92
دوازده 69,69
دور 6,70,75,87
دوران 37,39,70,75,77,77
دوره 2,36,36,39,63,95,95
دورهمی 87
دوست 24,48,56
دوش 24
دوشنبه 96,96
دوشنبه) 46,5
دولت 14,22,22,22,22,27,29,29,29,31,31,31,31,33,39,39,39,43,47,55,57,7,72,84
دولتی 22,22,22,22,3,57
دولوپر 76
دولوپرهای 76,76
دوم 13,13,17,22,22,33,41,76
دومین 28,4
دوهفته 20
دوی 70
دویدن 45,71,71,71
دپارتمان 76
دچار 46,96
دکتر 2,3,72,87
دکتری 72
دی 78,81,95,98
دیالو 17
دیجیتال 70,70,70,70,70,70,70,70,70,70,70,70,70
دیجیتال; 70
دیجیتالی 70,70,70,70,70,70,70,70
دید 59,65,77
دیدار 12,17,21,28,32,4,46,6,8,95,95,95,95,95
دیداری 21
دیدم 97
دیدن 20,81,96,97,98
دیدند 17
دیدنی 38,67,67
دیده 24,27
دیده‌ایم 50
دیروز 100
دیرکرد 82,93
دینار 35,35,35,35,35
دیگر 12,17,18,19,21,35,42,51,55,62,67,70,71,71,71,71,75,77,77,83,84,89,95
دیگری 15,61,70,74,78
ذاتی 93
ذخیره‌ 74
ذرت 27,27,27,27
ذهن 11,70
ذوق 97
ذکر 62
رئال 10,10,15,15,19,19
رئیس 14,20,27,3,33,55,72,79,9
رئیس‌جمهور 27
را 1,10,10,10,10,100,100,14,17,17,17,17,17,18,19,19,19,19,19,2,2,2,20,20,20,21,21,21,21,22,22,22,22,22,22,24,24,24,24,24,24,25,25,25,27,27,27,27,27,28,28,28,28,3,3,3,30,30,31,31,31,31,32,32,33,33,33,33,34,35,36,36,36,37,39,39,39,40,41,41,43,43,44,45,45,45,46,47,47,48,48,48,49,49,49,50,50,50,53,53,55,55,55,55,55,56,56,57,57,58,59,59,59,6,6,61,61,62,62,62,62,62,62,62,63,63,63,63,65,65,65,65,66,66,66,67,67,68,68,68,69,7,7,7,7,71,71,71,71,71,72,72,73,73,73,73,73,73,73,74,74,74,75,75,75,75,75,75,75,75,76,76,76,77,77,77,77,78,78,78,78,78,79,79,8,80,82,82,84,85,85,85,85,85,88,88,9,9,9,92,93,93,93,94,94,94,95,95,96,96,96,96,97,97,97,97,97,99
رابط 64,64,64
رابطه 22,27
راحتی 17,17,73,73,75
راس 100,100,100
راست 48,48
راستا 31,92
راستای 27,92,94
راستین 61
راعی 54
رافائل 10
رافینیا 17,17
رامهرمز 91,99
راند 35
راه 18,18,24,70,70,71,71,75,81,91,91,97,97,98
راهداری 91
راهنمای 71
راهکار 3,31
راهکارها 31,31
راهکارهاست 75
راهکارهای 75
راهکاری 31
راهی 19,6,75
راه‌انداز 62
راه‌اندازی 63
راه‌های 91,91
راه‌کارهای 74
رای 81,90,98
راینوساینوزیت 69,69,69
رایگان 78,78
ربایی 19
ربط 11
ربع 5
رتبه 85
رجوع 3
رحمتی 22,22,22,46
رحیم 100
رخ 18,25,45,75
رد 45,53,57,74,90
رده 84,84
ردیف 11,11,11,11,11,82,93
ردیف­های 11,11,11
رزرو 67,78
رزمی 89
رساند 10,21
رساندند 28,46,6
رسانه 85,85
رسانه‌ای 11,84
رسانه‌ها 41,99
رسانه‌های 44,90
رسم 78
رسما 33
رسمی 31,33,35,35,64,68,85,85
رسول 54
رسید 11,13,15,16,17,17,21,39,46,46,80,83
رسیدن 30,30,41,48,6,71,79
رسیده 14,19,64,83
رسیدگی 11
رشته‌های 72,89
رشد 14,14,14,14,2,25,25,25,25,25,25,25,29,31,57,57,57,57,57,7,7,7,86,9
رشفورد 17,17,17
رضا 54
رعایت 100,3,3,3,81,87,87,91,92,98
رعد 86
رغبت 59
رغم 84
رفاه 33,72,72
رفاهی 80
رفت 10,9
رفتار 48
رفتن 69,71,88,90
رفتند 32
رفته 34
رقابت 30
رقابت‌ها 4,90
رقابت‌های 17,28
رقم 22,22,23,3,3,31,4,7,7
رقمی 14,7,82,93
رقیبش 4
رقیق 86
رنگ 22,77
ره) 96
رهایی 44
رهبر 49
رهبری 27,27,49,55,58
رو 43
روابط 85,85,85
رواج 70,75
روایت 9
روبرو 73,73
روبل 35,35
روبه‌رو 31
روبه‌روست 71
روحانی 33,9
روحیه 72
رود 44,89,99
رودری 6
رور 43
روز 100,16,19,33,35,35,41,5,57,57,64,65,65,71,82,87,89,9,93,94,95,95,96
روزانه 92
روزمره 45,77
روزه 65
روزهای 87,96
روزولت 55,55,55
روزی 15,46
روستایی 83,94
روستاییان 94,94,94
روسیه 35,48
روش 4,4,65
روش‌های 100
روش‌هایی 31
روغنی 27,27,27
رونالد 21,21
رونالدو 12
روند 2,22,25,38,65,72,75,75,75,87
روندی 2
رونمایی 7
روپیه 35,35,35,35,35
روی 18,19,21,21,43,99
رویداد 42,42,51,51
رویدادها 42,51
رژیم 37
رکود 39,39
رکورد 26,64
رکورددار 26
ریاست 88,94
ریال 13,29,29,35,35,35,35,35,35,35,35,35,35,35,35,35,35,35,35,35,35,35,35,35,35,35,35,35,35,35,35,35,35,35,35,35,35,35,35,35,35,35,35,35,35,35,35,35,35,35,35,63,63,80,80,82,82,83,89,93,93,97
ریالی 35
ریخته 6
ریسکی 77
رینگیت 35
رییس 14,14,2,76,82,82,93,93,93,96
رییسه 68,68,68
زئیر 45
زا 71
زاده 3
زاویه 17
زای 25
زباله 61,61
زبان 55
زد 17,31
زدن 56
زده 12,15
زراعی 27
زمان 33,41,92
زمانی 2,39,52,64,66,71,8
زمستان 1,20,20,77
زمستانه 87
زمین 15,15,17,18,19,75
زمینه 27,31,66,7,71,72,75,91,91,92
زمینه‌ای 75
زمینی 17,53
زمین‌های 39
زمین‌هایی 39
زنان 94,94,94,94,94,94,94,94
زنجیره 3,61,92
زندانیان 53
زندگی 44,45,70,71,71,74,75,75,77,77
زنی‌ها 50
زودی 88,88,88
زیادی 25,73,74,87,97
زیان 43
زیبا 32
زیباترین 67
زیباشناسی 59
زیبایی 67
زیبایی‌هایش 77
زیدان 15
زیر 11,85
زیرا 100
زیربنایی 64,83
زیرساخت 91
زیرساخت‌های 66
زیست 100,100,100,99
زیستگاه‌های 100
زینب 89,94
سئوالات 84
سابق 4
ساخت 38,70,70,72,83,83,97,97,97,97,97,97,97
ساختمان 18,60
ساخته 45,52,62,70,71,71,71,71,97,97,97
سارس 75
ساز 50,97
سازمان 11,14,14,27,33,42,50,51,82,82,9,93,93,99,99
سازنده 85,85,85
سازنده‌ای 70
سازوکارهای 31
سازی 95,97,97
ساعت 12,17,28,3,3,46,48,48,86
ساعت‌های 71
سال 100,100,100,11,11,11,11,14,14,14,20,20,20,21,22,23,25,25,27,28,29,29,29,30,33,33,33,33,36,36,36,36,41,41,44,49,52,52,56,57,57,57,57,57,64,7,7,7,7,73,73,78,79,84,85,85,85,87,88,9,9,9,9,91,91,91,91,94,94,94,95,96,97,99
سالانه 100,85
سالجاری 36,36
سالخورده‌اش 46
سالم 96
سالن 89,89,89,89,89
سالن‌های 42,51
ساله 25,29,29,33,63,67
سالگی 44,94
سال‌جاری 31,31
سال‌ها 30,30
سال‌های 29,30,70,84,93,99
ساماندهی 9
سامانه 3,3,3,67,78
سانتیگراد 86,86
ساکت 1
ساکنین 40
سایت 73,73,79,81,98
سایر 11,18,18,18,48
سبب 20
سبز 29
سبزه‌زاری 86
ستاد 11,11,33,33,92,92
ستاره 30
ستدهای 13
ستوان 47
سخت 66,73
سختی 19
سختی‌های 37
سخت‌تر 100
سخنگوی 33
سد 17,99,99,99,99,99
سدها 99,99
سدهای 99,99
سدهایی 99
سر 21,28,34,90,97
سراسر 61,66,75,78,81,98
سراغ 90
سرافراز 11
سرباز 53
سربازان 39
سرخپوشان 24,90
سرد 20,87
سردار 11,11,44,92
سرسخت 95
سرش 26
سرشماری 100,100,100,100,100,100,100,100,100,100,100,100,100
سرعت 17,18,41,70,70,70,70,96
سرلک 46
سرما 71
سرمایه 18,2,2,22,22,31
سرمایه‌گذاری 63,63
سرمربی 1,1,23,23,4,4
سرنگون 55
سرنگونی 55
سرویس 75,76
سرویس‌های 76
سرپایی 3
سرپرست 33,68,68,9,94,94,94,94,94
سرپرستان 33
سرکش 10
سرکوب 37
سرگرم 38
سرگرمی 76
سری 26,26
سریع 9
سریعی 17
سریلانکا 35
سطح 76,82,93,99
سعودی 35,90
سعی 92
سفارش 78
سفته 18,18,18,36,36,36,36,36
سفر 65,65,65,67,77,77,78,78
سفرتان 78
سفره 61,61
سفرها 77
سفرهای 65,77
سفره‌های 27
سفید 17
سفیدپوشان 10
سقف 63,63
سلامت 3,3,3,75,92,92,92
سلامتی 71,87
سلب 85
سلبی 92
سلطان 44
سلطانی 88
سلطانیه 72
سلف 22
سلمان 3
سلیمانی 11,11,11,11
سلیمانی" 11
سمت 17,39
سمتش 1,1
سن 17,17,17,17,17,17,30,30
سناریو 27
سنتی 65
سنجش 70,70,70
سند 33
سنوات 82,93
سنگاپور 35
سنگین 23,37,4
سنگین‌ترین 23
سه 15,18,18,19,20,21,3,3,31,35,53,65,65,9,9,9,93,96,97
سهام 14,16,16,16,16,22,22,22,22,22,22,22,57
سهرابی 81,98
سهل 87
سهم 14,25,62,97
سه‌شنبه 3
سوءاستفاده 11
سوئد 35
سوئیس 35
سواحل 39
سوارز 34,34
سوارس 8
سود 25,28,33,63
سورگوم 27
سوریه 35
سوسیالیست 41
سولر 10,10
سوم 22,29,29,29,49,76
سومونی 35
سومین 19,31
سوپر 20
سوپراپلیکیشن 78
سوپرجام 28,28,32,32
سوپرمارکت 78
سوی 17,35,53,71,81,84,96,98,99
سویا 15,27,27
سویاست 79
سویای 28
سویل 15,6
سُکانداری 85
سپاه 11,11,11,11
سپتامبر 64
سپرد 58
سپرده‌های 29
سپری 19
سپس 17,19,75
سکان 68
سکانسی 45
سکه 5,5,5,5,5
سی 41,47,81,98
سیاست 31,40,48
سیاست‌مدار 41
سیاسی 11,30,84
سیاسی‌اش 58
سیال 25,25
سیانور 41
سید 46
سیدمحمد 92
سیدکریم 93
سیستم 60,62,76
سیمئونه 21,21
سینا 95,95,95
سینما 42,51
سینمای 38
سینمایی 42,51
سینوس 69
سینوپرت) 69
سی‌آی‌ای 55,55
سی‌ودومین 81,81,81,98,98,98
شائبه 68
شاخص 100,100,13,13,13,13,13,13,18,25
شاخص‌ 13
شاخص‌های 84
شادگان 3,3,3,3,3,3,96,96,96,96,96
شادگان۵۱ 3
شامل 100,3,3,89
شان 21
شانس 24,24,95
شاه 55,58,58
شاهد 15,18,57,79,79
شاهسواری 54
شاگردان 21,46,6,6
شاید 42,47,51,62,96
شایسته 24,93,95
شایسته‌ای 94
شایسته‌سالاری 85
شایعات 50
شایعه 88,88,88
شب 12,15,17,20,20,26,28,71
شباز 71
شبانه 71,71
شبانه‌روز 86
شبانه‌روزی 91
شبه 25,25,25
شبهات 11
شبکه 64
شبکه‌های 76
شبیه 45
شتاب 18
شتابدهنده 63
شترمرغ‌های 39
شجاعی 72
شخص 47,88
شخصی 74,74
شخصیت‌ها 85
شد 1,1,10,10,10,10,10,100,100,12,12,12,12,13,13,14,16,17,17,17,19,19,2,20,20,20,20,21,26,27,28,29,3,31,31,31,33,33,33,33,35,35,35,36,36,36,36,4,4,40,40,41,43,44,46,47,47,5,5,5,5,50,55,55,57,63,63,64,64,66,68,7,72,75,75,81,88,89,90,90,91,92,95,95,95,96,96,96,96,96,96,97,98
شدت 25,25,25
شدن 18,20,31,53,76,77,78,91,91,99
شدند 20,20,3,3,3,43,46,58,6,96
شده 1,100,100,11,11,11,11,14,16,18,18,18,2,2,20,22,22,22,23,25,25,29,3,31,31,31,33,34,34,37,39,44,52,52,57,62,64,68,70,70,71,76,76,77,8,8,80,82,83,84,89,91,92,93,93,93,94,95,95,96,97,97,99,99,99
شده‌اند 70,77,84
شده‌ایم 56
شدید 21,31,31,37,43,96,96
شدیدی 57,88
شدیم 31
شرایط 100,100,100,37,66,75,81,88,91,92,98,99
شرایطی 71
شرب 99,99,99
شرح 55
شرط 94
شرق 86,90
شرقی 99
شروع 100,39,45,49,73
شرکت 22,45,66,68,72,91,95
شرکتی 73
شرکت‌ها 22
شرکت‌های 22,22,22,22,22,62,62,72,77
شرکت‌کنندگان 63
شریعتی 85,89,91,91
شش 30,41
ششم 29,52,6,82,93
ششمین 78
شصت 44
شعار 92
شعبانیه 37
شفاف 85
شلوغی 70
شما 65,65,71,74
شمار 23,89
شماره 88
شمال 44,86,99,99
شمایلی 50
شمردن 87
شنا 44,44,44
شناخت 67
شناخته 55
شناسایی 100,27,3,94,96
شناور 13
شنبه 16,26,35,68,81,96,98
شنید 77
شهادت 11
شهدای 11
شهر 15,28,32,36,36,36,44,46,6,65,67,78,78
شهرخودرو 46
شهرسازی 18,18,91
شهرستان 3,3,3,3,96
شهرستان‌ها 94
شهرستان‌های 3,3,3,3,3
شهرها 92
شهرهای 78,96,96
شهرک‌های 97
شهری 44,65,87
شهریورماه 25,25,25,79
شهید 11,11,11
شواهدی 75
شوت 10,17,17,17
شوتی 32
شود 1,10,17,18,19,24,31,32,40,40,62,69,69,72,73,75,77,8,82,82,87,90,93,93,95,97,97
شودکمپانی 61
شورای 11,11,25,27,68,68,82,88,93,96,96
شوروی 40,40,40,40,58,58
شوقی 97
شوند 18,27,29,30,6,66,67,81,88,94,98
شویم 2,2
شک 85
شکایت 90
شکراله 3
شکست 12,15,15,17,19,21,21,21,21,23,23,23,37,37,4,4,41,43,46,6,95
شکسته 18,18
شکل 75
شکلی 19
شگفت‌انگیزی 80
شیاد 47
شیادی 47
شیلات 99
شیوع 20,3,75,75,77,77,77,77,92,92
صاحب 21,29,29
صاحبان 63
صادرات 57,7,7,7,7,7
صادراتی 61
صادق 53,97
صاف 86
صالحی 92,92
صبح 68,86
صبحگاهی 45
صحبت 24
صحبت‌های 14
صحیح 76
صخره‌ای 52
صد 73
صدام 37,44,44,49,49
صدر 19
صدراعظم 41,41
صدرعاملی 54
صدرنشینی 90
صدور 75
صرفه‌جویی 31
صعود 95
صفحات 11
صفحه 73
صفحه‌نمایش 59,59,59
صفر 12,23,4,46,6,73
صلاح 44
صمت 79,9
صنایع 22,60
صندوق 94
صندوق‌های 94
صنعت 27,60,66,70,72,72,72,72,73,95,95,95
صنعتی 43,60,70
صنف 20,20,20,20,20,20,20
صنفی 3,3,3,79,92,92
صورت 100,18,2,27,27,27,3,33,43,64,68,68,69,69,74,75,79,79,79,81,81,85,85,91,95,95,98,98
صورتی 74
صیانت 92
ضد 17,17
ضدحمله 19
ضدعفونی 92
ضرب 17
ضربات 32
ضربه 10,19,19
ضرر 20
ضرورت 77,9
ضعف 24,74,85,85
ضعیف 1,1,86
ضمانت 63
ضمن 80,81,98
طائرپور 54
طارمی 24
طاعون 75
طالبان 58
طالقانی 3
طالقانیتحت 3
طباطبایی 42,51
طبع 20
طبق 20,36
طبیعی 100,67
طراحان 60
طراحی 59
طراحی‌های 59,59
طرح 11,27,27,27,27,5,5,63,63,63,72,80,82,93,94,94,94,94,94,96,99,99,99,99,99
طرحی 27
طرح‌ها 99
طرح‌های 99
طرف 59,71,75,96
طرفداران 55
طریق 22,22,22,29
طلا 30,5,5
طلای 5
طلسم 21,21
طور 17,25,92
طوری 18,56,65
طول 45,69,75
طولانی 21,52,77,97
طی 20,45,57,63,75,79,97
طیف 42,51
طیور 27
ظاهر 12
ظاهری 64
ظرافت‌های 48
ظرفیت 82,93
ظرفیت‌ها 94
عاجل 9
عادت 79
عادی 75
عالم 70
عالی 27
عامل 29,71,94
عبادی 99
عبارت 62,78
عبارتند 70,70
عبدالحمید 54
عبدالناصر 2
عبور 64,86
عجیب 21,21,23,7
عجیب‌ترین 23
عدالت 16,16,16,16
عدد 64
عدم 31,37,85,85
عده­ای 11
عراق 35,37,37,37,37,37,44,49,49
عربستان 90,90,95
عربستانی 90
عربی 30,35,58
عرصه 17,73
عرصه‌های 66
عرضه 61,73
عرضه‌های 22
عرضه‌ی 64
عزم 96
عسگرپور 54
عشایر 94,94,94,94,94
عشایر" 94
عشایری 94,94,94,94
عضو 57
عطاری 20
عظیم 66
عظیمی 75
علائم 69,69,69,91
علائمی 69
علاقه 48,67
علاقه‌مندان 71,71
علامت 25
علاوه 19,31,36,5,78
علایمی 69
علت 1,25,85
علف‌خوار 100
علل 25
علم 72,97
علمی 63
علوم 3,3
علی 24,45,54,67,72
علی» 45
علیرضا 1,95,95
علیه 31,49,55
علیپور 24
عمان 35
عمدتا 69
عمده‌ 99
عمده‌ای 58
عمرانی 83
عمل 47,62,63,94
عملا 6,71
عملکرد 14,14,66,7,72,76,84,88
عملیات 31,53,55,55,55
عموم 11
عمومی 3,3,57,68,8,84,84,85,85,85
عنوان 1,100,11,11,24,25,25,39,41,42,47,47,47,47,51,62,63,66,69,7,70,77,88,9,94
عهده 42,49,51,62,62,85
عوارضش 75
عوامل 69
عیار 5
عیب 76
عیسی 24
غارت 39
غبارآلود 44
غذا 78
غذایی 3,3
غرامت 43,43
غرب 3,3,3,3,3,39
غربی 39,44,44
غریب 7
غلامرضا 85,89,91
غلبه 93
غیبت 24
غیر 18
غیردیجیتال 70
غیرضروری 3,57
غیرقابل 7
غیره 47,60,78
غیرواقعی 7
غیزانه 91
ـ 42,42
فاتح 30
فاحش 17
فاخر 61
فارس 30,37
فارغ 63
فاسد 20
فاصله 25,3
فاضلاب 93
فاقد 29,29
فتح 28,30
فجر 42,42,51,51,81,98
فجیع 37
فدراسون 68
فدراسیون 68,68,68,68
فر 88
فرآوری 20
فراتر 30
فراموش 76
فرامی‌خواند 49
فرانتیانو 50,50,50
فرانسه 30
فرانسوی 10
فرانسوی‌ها 43
فرانک 35
فراهم 59,71,71,71,71
فراوان 64
فراوانی 42,51
فردشان 59
فردوسی 63
فردیناند 47
فرزند 29,29,29,41
فرزندآوری 29
فرستادند 43
فرشته 54
فرصت 21,30,30,55,85
فرض 74
فرغون 43
فرم 63
فرمانده 92,92
فرماندهان 58
فرمول‌های 38
فرناندز 17
فرنگی 95,95
فرهاد 54,54,87
فرهنگی 11,42,51,89
فروخت 22
فروخته 36,36,36,5
فروردین 33,33
فروش 22,22,22,22,22,31,57,57,71,80,80
فروشان 20,20,20
فروشند 20,20
فروشندگان 9
فروشگاه 61,70,70,70,71,89
فروشگاهی 70
فروشگاه‌های 70
فروشی 20
فروپاشی 40
فرید 54
فریزر 61,61,80
فزاینده 25
فست 71
فشار 27,27,31,69
فشرده 70
فصل 1,25,28,28,90,95
فصلی 77
فضای 17
فعال 71,75,76,76
فعالان 25,84,84
فعالی 92
فعالیت 47,55,72,78,78,78,88
فعالیت‌های 71,71
فعالیت‌هایی 71,77
فعلی 45
فقر 93
فقط 50,68
فلاح 72,72
فلز 70
فلش 56
فناوری 62
فنی 72,95,95
فهرست 84
فهرستی 84
فوتبال 10,23,23,28,32,34,46,46,68,68,68,68,68,68,68,8,90
فوتی 3,91
فوتی‌ها 91
فودهاست 71
فورمن 45
فوروارد 24
فورواردهایش 24
فورواردی 24
فوق 19,33
فولاد 95,95
فکر 24,24
فیتنس 89,89
فیلم 42,42,45,51,51,81,81,98,98
فیلمساز 38
فیلمی 56
فیلم‌های 38
فیلم‌هایی 50
فیلیپین 35
فینال 24,24,90,95
فیوژن 89
قائلم 24
قائم 54
قائمیان 54
قابل 20,25,33,66,74,82,82,82,93,93,93,96
قابلیت 74,74
قاسم 11,11,11,11
قاعده 75
قالب 22,63
قانع 84
قانون 11,29,31,57,57,82,93
قانونی 93
قبل 20,20,35,36,36,36,36,36,36,4,44,62,65,65,91,95
قبلا 22
قبلاً 56
قبله 44
قبلی 77
قبولی 96
قدرت 15,48,48,48,58,58
قدرتم 48
قدرتمند 30
قدردانی 81,98
قدم 75
قدمت 52
قدمی 17,27
قدیریان 54
قدیم 5
قدیمی 65,70,70
قرار 18,19,20,20,26,26,27,3,31,55,60,65,67,7,74,78,81,84,84,85,87,94,94,95,96,97,98,99
قرارداد 30,30
قرص 43
قرض 29,29
قرض‌الحسنه 33
قرمز 13,87
قرن 52
قرنطینه 8
قره‌باغ 40,40
قریشی 95
قزاقستان 35
قسمت 70,70
قسمتی 48
قسمت‌های 70
قصد 19,49,50,67,73
قصوری 96
قضا 96
قضایی 3,33,93
قطر 30,35,4
قطری 30
قطع 3
قطعات 62
قطعاً 7
قطعه 5,72
قطعه‌سازی 72
قفس 99,99
قلمروی 56
قهرمان 1,24,28,32
قهرمانان 12,17,24,28,30,30,90
قهرمانی 24,24,24,24,24,24,28,30,90,95
قوانین 68
قوت 4,77
قول 39
قوه 96
قوچ 100
قیام 37
قیمت 13,13,16,18,18,18,18,18,18,18,18,18,18,18,18,18,18,18,18,25,35,35,35,5,5,5,57,61,67,73,79,79,79,79,79,79,9,9,9
قیمت‌ها 9,9,9
كرد 22
لاری 35
لازم 11,55,62,74,92
لالیگا 10,15,19,21,21,21
لالیگای 15
لایحه 11,11,29,29,7
لبنان 53,53,53,53
لبنانی 53
لبنیاتی 20
لبه‌های 59
لحاظ 36,36,36,36,64,99
لحظه 41,90
لذا 11
لزوما 22
لزوماً 56
لطف 21
لندن 32
لو 6
لوازم 9,9,9,9,9
لودسل 70,70
لوکاس 10,19
لوکس 61
لوییس 34,8
لی 76
لیبی 35
لیتر 67
لیر 35,35
لیورپول 32,32
لیونل 30
لیکن 22,22
لیگ 1,12,17,23,24,28,30,30,30,30,46,6,6,90,95,95
ما 20,20,24,27,67,72,72,72,72,73,74,74
ماتادور‌ها 6
ماجرای 90
ماجرایی 90
ماحصل 85
مادربزرگ‌ها 87
مادرید 10,10,15,15,19,19,21,34,34
ماده 11,29
مارس 37
مارسیال 17
مارون 99,99,99
مارک 21
مارکت 20
مارکی 43
مارکینیوش 17,17
مازندران 88
مازیار 54
ماساژ 89
ماسک 3,3,3,3,92
مافیا 50,50,50
مافیای 50
مالدینی 26
مالزی 35
مالکان 30
مالیاتی 31,57
ماموریت 96
مان 38
ماند 35
ماندن 75
مانده 44
مانع 66
مانند 20,27,27,48,69,74,74,78
ماه 100,14,18,18,20,20,20,33,33,33,33,33,33,35,36,36,36,36,36,36,42,51,63,64,64,64,76,77,81,9,95,98
ماهانه 33,33,76,76
ماهشهر 96
ماهه 14,33,36,7,9,9,91
ماهی 99,99,99
ماهیچه‌ها 71
ماهی‌ها 99
ماهی‌های 67
مایکل 38
مبادله 5
مبادی 92
مبارزه 49
مبتلا 3,8,8,87
مبتنی 69
مبدل 60
مبلغ 22,29,33,33,36,36,36,36
مبلغی 36
مبنی 53
متأثر 77
متأسفانه 20
متاسفانه 20,24
متحدان 66
متحده 35
متحمل 6,96
متخصص 75
متخلفان 93
متر 52,89
متضرر 20
متعادل 31
متعهد 83
متغیرها 2
متغیر‌های 25
متفقین 43
متقاضیان 63
متمرکز 92
متناسب 25,93
متنوع 78,80
متهم 49
متوالی 19,33,4
متوقف 9
متکی 27
متین 73,73,73,73,73,73
مثبت 14,14,3,3,85
مثقال 5
مثل 27,62,62,76
مثلاً 45
مجارستان 28
مجاز 14,14
مجازی 81,81,98,98
مجاهد 97
مجاهدین 58,58,58
مجاور 65
مجبور 77
مجتبی 54,96
مجدد 19
مجذوب 67
مجرد 94,94
مجری 94
مجسمه 52
مجسمه‌های 52,52
مجلس 11,11,25,57,68,7,72,82,88,93,96,96
مجمع 68,82,93,93
مجموع 31,33,62,76,83
مجموعه 52,84,89,89,89
مجموعه‌ای 52
مجهز 89
مجوز 99,99
مجوزی 99
مجید 54,96
مجیدی 54
محاسبات 57
محافظت 74
محاکم 33
محدود 74,80
محدودیت‌ها 66,87,87
محدودیت‌های 77,92
محروم 24,82,83,93,94
محسن 22
محسوب 26,38,38,69
محصول 72
محصولات 20,70,73,80
محصولی 73,80
محض 59
محقق 39
محل 100,29,33,52,78,95
محمد 54,83,86
محمدجعفر 72
محمدحسین 54
محمدعلی 54
محمدمهدی 54
محمدی 46,54
محمودزاده 18,18
محمودی 54
محور 91,91
محوطه 17,17,17,17,17,17,19
محکومیت 50
محیط 100,100,100
محیطی 71,99
مخابراتی 66,66,66
مخازن 99,99
مخاطب 9
مخاطبان 81,98
مخاطی 69
مختلف 47,60,60,66,71,72,72,74,84,85,85,97
مخزن 99
مخفی 50
مخوف 50
مدارس 83,83,97
مدافع 17,46
مدافعان 17
مدت 100,24,33,56,64,80,85,86,91,93,97
مدتی 58,75
مدت‌ها 88
مدد 70
مدرس 9
مدرسه 83,83,83,83,97,97,97,97,97,97,97,97,97,97,97,97
مدعی 90
مدل 63,70,80
مدیر 47,76
مدیرآموزش 97
مدیران 1,72,94
مدیره 72,72
مدیرکل 86,88,88,88,88,89,89,99
مدیریت 100,62,62,85
مدیریتی 85
مذکور 11,33
مراجع 3,82,93
مراجعات 75,87
مراجعه 67,94
مراسم 89
مراقب 87
مراقبت‌های 87
مراکز 3,3,3,75
مربع 89
مربوط 11,81,98
مربی 21
مرتبط 22,82,93
مرحله 12,45,6,6,6,60,63,81,81,81,9,90,95,95,95,95,98,98,98
مرداد 55
مردان 88
مردم 11,14,20,27,3,3,37,41,55,70,71,71,71,72,77,82,82,82,87,91,93,93,93,93,96,96,96
مرز 53,64
مرز‌بندی‌های 40
مرسوم 38
مرغ 27,79,79,79,79,79
مرغداران 79,79
مرغی 79
مرکز 14,25,73,73
مرکزی 14,14,14,14,2,2,29,31,35,35,36,62,79
مرکزیت 60
مزایای 94,94
مزمن 69
مسئله 74
مسئول 37
مسئولان 79
مسئولین 27
مسائل 31,71
مسائلی 77
مسابقات 4,6,95,95,95
مسابقه 45
مساحت 89
مساعدت‌هایی 39
مسافت‌های 97
مسافران 65,67,78
مسافرانی 67
مسافرت 65
مساله 100
مساله‌ای 22
مساوی 10
مستثنی 75
مستقر 44
مستقل 40
مستقیم 100
مستمر 92
مستند 90
مستندسازی 85
مسعود 58,58,58,88
مسلم 27
مسلمانان 44
مسموم 41
مسکن 18,18,18,18,18,18,18,18,29,29,29,29
مسکونی 97
مسی 12,15,21,30
مسیحیان 44
مسیر 56,75,91
مسیرها 65
مسیری 17
مشابه 11,36,36,36,36,59,91
مشارکت‌ها 87
مشاهده 100,38,97
مشاور 75
مشاوره 75,78
مشترک 11,11,72,82,93
مشتمل 22
مشخص 56,63,64,7
مشغولند 70
مشغولیت 71
مشمول 100,80,94
مشهد 46,65,65
مشهدی 49
مشهود 85
مشکل 18,31,31,46,73,96,96
مشکلات 82,82,82,82,84,93,93,93,93,93,93,93,93,96,96,96
مشکلاتی 30,31,74
مشکوک 75
مصاحبه‌ای 56,79
مصادف 39
مصارف 11,14,14,31
مصاف 10,95
مصالح 18
مصدق 55,55
مصدومیت 19,21
مصر 44
مصرف 14,14,25,61,62
مصنوعی 67
مصوب 68
مصوبات 92
مطابق 87
مطالب 81,98
مطبوعات 47
مطرح 1,50,82,93,95,99
مطلوب 82,93
مطمئنا 24,24
معادل 13,13,13,13,13,13,13,16,33,36,36,36,36
معادلات 75
معاملاتی 13
معامله 13,5,5
معانی 48
معاون 100,18,18,3,42,47,51,72,89
معاونت 83,85,94
معتبر 67
معترضین 37,37
معتقدند 30
معدل 18
معدوم 20,20
معرفی 18,3,41,64,64,66,70,77,81,81,88,94,95,96,98,98
معزز 11
معضل 82,93
معظم 27,27
معلوم 47
معمول 59
معمولا 100,18,74
معیار 68
معیشتی 37
مغازه 20
مغذی 99
مغلوب 10,17
مفید 20,20
مقابل 17,21,21,21,26,32,4,4,46,6,95,95
مقابله 3,75,92
مقاطع 72
مقام 27,27,41
مقامی 54
مقایسه 36,36,36,57,57,7,7
مقدار 62
مقداری 20
مقدس 97
مقررات 91
مقرهای 92
ملاک 65,68
ملت‌های 23,6,6
ملزوم 92
ملل 63,63,63
ملویل 56
ملک 18
ملکی 54
ملی 23,23,4,4,42,42,51,51,72,72,8,82,93,95,95,95,95,95
ممنوع 99
ممنوعیت 68
ممنوعیتی 68
ممکن 19,19,45,69,70,79
من 24,48,97,97
منابع 11,14,14,14,14,22,31,50,57,90,99
منات 35,35
مناسب 61,77,94
مناسبت 94
مناطق 18,18,18,18,18,18,18,18,18,18,52,82,82,83,83,86,86,93,93,94,94,96,96,97,97
مناطقی 18,18,27
منبع 99
منتخب 80,81,98
منتشر 11
منتظر 79
منتقدان 31
منتقل 14
منتهی 2,2
منتور 63
منجر 31,71
منحصر 59
منزل 75
منصوب 88
منصوری 95
منصوریان 1,1,1
منطقه 100,18,18,18,18,3,3,4,40,40,43,90,97,97,97
منظور 72,92
منظوره 89
منفی 13,13,14,14,14,14,31,8,99
منوط 87
منوچهر 54,54
منچستر 17
منچسترسیتی 30,30
منچستریونایتد 17,17,17,17
مه 86
مهاجرت 39
مهاجم 10,17,30,8,8
مهجوری 83
مهدی 42,46,51
مهر 33
مهرداد 54
مهرماه 36,36,91
مهم 27,27,67,70,71,84,88,92
مهمان 17,78
مهمترین 12,17,25,31,47,60
مهمی 31,50,66,74,82,93
مهم‌ترین 25,42,51,59,62,67,70,70,70,70,75
مهندس 47
مهندسی 72
مهیا 81,98
مواجه 22,31,57
مواد 3,3,92,99
موارد 3,63,91,91,97
مواردی 77
موبایل 64,76,76,76,76
موثر 24,71,75
موثری 24,85
موجب 10,20,20,87
موجود 76,79
موراتا 6
مورد 18,3,3,3,3,50,62,7,70,73,74,81,82,82,84,85,93,93,98
موسسه 63,63,63
موضوع 25,29,30,31,64,68,87,92,92,96,96
موضوعات 84
موضوع‌های 82,93
موظفیم 68
موفق 12,19,21,26,31,31,34,47,55,97
موفقیت 24,91
موقع 84
موقعیت 19,21,67
مولا 100
مونته‌گراپا 48
مونتگراپّا 48
مونیخ 28,28
مُبرهن 85
مُبهم 85
مُفرط 85
مچ 48,48
مکان 65,89
مکانیکی 70,70,70
مکلف 29
مک‌کنی 12
مگر 27,44
می 18,18,18,18,19,20,20,20,20,25,3,33,45,60,61,61,65,65,65,65,65,69,69,73,73,81,82,82,89,93,93,95,95,95,97,98
می­ 11
میان 28,28,76,76,88
میانمار 35
میانگین 3,92
میت 59
میدان 32,34
میدانی 84,96
میدهیم 73
میرزایی 33
میرکریمی 54
میری 54
میزان 14,14,27,29,57,65,79,91,91
میزبان 10,10,12,21,46,6
میزبانش 10
میش 100
میعانات 7,7
میلاد 46
میلادی 52,52,52
میلیارد 13,13,14,14,14,14,14,14,14,14,22,22,22,22,22,22,29,31,36,36,36,36,36,36,43,57,57,57,57,57,63,63,7,82,82,83,89,93,93
میلیون 13,13,13,13,13,13,16,16,16,16,27,29,29,33,33,33,33,33,33,36,36,36,36,36,36,5,5,5,5,5,5,5,57,63,64,64,64,64,76,76,76,78,80,80
میلیونی 29
میلیون‌ها 75
میهمان 4
می‌آورد 38
می‌آید 23
می‌برند 70
می‌بینید 24
می‌توان 25,62,77
می‌تواند 22,22,22,24,24,30,59,62,74
می‌توانند 27,63,80,94,94,94,94
می‌توانید 55,78
می‌توانیم 100,14,72
می‌جنگید 58
می‌خواست 48
می‌خواهند 30
می‌دانستند 37
می‌دانید 24
می‌دهد 25,27,29,31,34,36,36,36,56,63,66,7,76,78,90
می‌دهم 48
می‌دود 45,45,45
می‌رسد 62,68,88
می‌رسید 88
می‌رود 45,94
می‌روند 67,70
می‌ریزند 75
می‌شد 88
می‌شنویم 72
می‌شود 100,100,100,100,100,22,22,22,26,28,29,33,37,38,42,45,51,55,57,59,71,71,81,82,86,88,88,90,93,97,98
می‌شوند 100,29,49,62,71
می‌فروشیم 14
می‌نماید 45
می‌کرد 50,97
می‌کردند 31
می‌کشید 24
می‌کند 45,49,49,56,56,59,63,67,71,78,91
می‌کنم 24
می‌کنند 3,3,48,56,59,62,63,64,67,75,97
می‌کنید 24
می‌کنیم 2,2,74
می‌گفتم 24
می‌گویند 90
می‌گیرد 100,81,98
ناامید 10
ناتوانی 43
ناجا 92
ناحیه 97,97,97,97,97,97,97
ناخوشایندی 20
ناراحت 23
ناراحتی 23
نارضایتی 39
نازل 73
نازی 41,41,41
ناسیونال 41
ناشی 3,96,96
ناصر 81,98
ناصری 96
نام 1,11,11,24,3,3,3,49,49,53,55,70,70,71,71,74,76,81,81,98,98
نام­گذاری 11
نامرئی 59
ناممکن 70
نامنظم 6
نامه 41,54,63
نام‌گذاری 92
نان 43
نانومتری 62
ناواس 17
ناپایدار 86
ناگورنو 40
نایب 76,79
نباشد 2,22
نباید 33,87
نبودن 70
نبوی 54
نتایج 1,1,23,66
نتوانست 10,22
نتوانستند 21,66
نتوانسته 84
نتوانستیم 14
نتیجه 10,12,21,23,28,4,4,6,82,93,96,99
نجفی 54
نحوه 33
نخبگان 63,84
نخست 1,10,32,92,95
نخستین 21,21
ندادن 99
ندادند 96
نداده 99
ندارد 22,24,31,44,68,87,96,96
ندارم 56
ندارند 77,85
نداشت 19,43
نداشتن 97
نداشتند 27
نداشته 18
ندید 1
ندیده 77
نرخ 14,18,2,22,22,25,25,25,31,33,35,35,35,35,35,35,63,63
نرسانده 30
نرسیدن 96
نرم 76
نرم‌افزار 72
نروژ 35
نزدیک 2,2,84
نزدیکان 88
نزولی 87
نسبت 100,14,22,25,25,29,35,35,36,36,36,5,70,70,83,88,91
نسخه 64,75,75
نسخه‌ی 64,64
نشات 30
نشان 18,25,25,25,31,36,36,36,56,59,69,7,9,90
نشانگر 72
نشان‌دهنده 74,91
نشد 19,3,39
نشدن 79
نشدند 10
نشده 14,21,82,82,93,93,96,99
نشده‌اند 66
نشده‌ای 45
نشست 27,82,91,93,93,96
نشستی 72
نشود 74
نصب 74,78,91
نصوریان 1
نظارت 42,51,9
نظارت‌ 3
نظام 29,33
نظامی 37,58
نظر 22,22,24,26,29,33,59,68,7,80,88,91,97
نظمی 37
نظیر 67
نفت 14,14,14,22,29,31,57,57,7,7,7,82,93
نفتخیز 82,93
نفتی 22,30
نفر 3,63,64,64,75,92,96
نفراتی 24
نفس 88
نفسگیر 95
نفع 10,10
نفوذ 55,61
نقاط 67,67,86
نقاطی 45
نقد 7,81,85,98
نقدی 33,80,80
نقدینگی 22,25,25,25,25,25
نقش 19,30,50,58,66,76,91
نقشه 65
نقطه 27,55,92
نقل 2,23,30,8,91,94
نمادین 48,48
نماند 58
نماید 29,33
نمایش 62
نمایشگر 62,62,62,62,70,70
نمایشگرها 62
نمایشگرهای 62
نمایشی 81,81,81,81,98,98,98,98
نمایند 11,60
نماینده 72,95,95,95,96,96
نمایندگان 7,82,82,84,88,93,93,93,95
نمره 84
نمود 63
نمودار 25
نمودارهای 3
نمودن 63
نمودند 81,98
نموده 63
نمونه 72,72,77,77
نمی‌توان 77
نمی‌دهم 2,2
نمی‌رود 93
نمی‌شد 24,43,77
نمی‌شود 38,38
نمی‌کند 22
نمی‌گذارد 71
نه 17,40,77,85,85
نهاد 72
نهاده 27,27,79
نهاده‌ها 27
نهاده‌های 27
نهایت 21,22
نهایتا 49
نهایتاً 20
نهایی 76,81,95,95,95,98
نهم 10
نهمین 81,98
نوآوری 73
نوامبر 76
نوبت 13
نوبخت 29
نوراللهی 46
نوسازی 97
نوسان 86
نوسانات 25
نوع 100,42,51,70,70,70,71,71,73
نوعی 70
نوه 55
نوید 54
نویسنده 56
نپال 35
نژاد 42,51,96
نژادیان 87,87,87
نکته 22
نکرد 14
نکردن 3
نکرده 77
نکنیم 76
نگاه 56,57
نگرانی 79,84,90
نگرانی‌های 82,93
نگرفته 27,74
نگهبان 68
نگهداری 20,25,89
نیا 81,81,98,98
نیاز 72,73,73,75,82,82,93,93,97
نیازش 62
نیافتن 82,93
نیافته 82,93
نیافته‌اند 30
نیرو 99,99
نیروهای 72
نیروی 92,92
نیرو‌های 49,53,53
نیز 11,18,20,20,20,20,22,25,29,3,3,3,35,35,36,44,48,5,5,5,57,76,77,82,88,91,93,93,93,96,96,96,96,97,97
نیزاعتباری 82,93
نیست 100,18,33,47,66,75,75,77,90
نیستند 100,77
نیسی 97,97,97
نیم 64,94
نیمار 17,17,17,17
نیمایی 2,2
نیمه 13,17,18
نیم‌سکه 5
نیوجرسی 91
نیوزیلند 35
نیوکمپ 12
نیکوکاران 97,97,97
ه 29
ها 17,18,18,18,18,20,20,21,33,34,60,68,73,73,80,84,85,85,85,85,85,99
هازارد 19,19,19
های 15,18,19,20,20,21,28,60,61,61,65,65,69,70,73,81,81,84,85,85,85,85,85,85,87,95,95,95,95,96,98,98
هایش 22,65
هایپرجیم 71
هایپرمارکت 70
هایی 20,82,93
هتل 67,77,78
هجدهم 33,35
هجمه 31
هدایت 1,24,4,56,58,58,68
هدف 100,30,40,61,76,76,76,76,77,99
هدفمندسازی 33
هدفگذاری 2,2,2
هدف‌شان 30
هدف‌هایی 66
هدف‌گذاری 2
هدیه 63,80,80,87
هر 100,27,27,27,28,30,33,33,35,35,35,35,5,5,5,56,63,67,67,68,70,70,70,70,70,71,73,73,75,79,79,79,88,9,90,92
هررا 17
هرمزگان 67
هرچند 38,38,84
هرچه 60
هرگز 56
هزار 13,13,13,13,13,13,13,14,14,14,14,14,14,14,14,16,16,16,16,16,16,2,22,22,22,22,22,22,29,29,31,33,33,33,35,35,35,35,35,35,35,35,35,35,35,35,35,35,35,35,35,35,35,35,35,35,35,35,35,35,35,35,35,35,35,35,35,35,35,35,35,35,35,35,35,35,35,35,5,5,5,5,5,5,5,5,57,57,57,57,57,57,67,7,79,89,92,92
هزارتومانی 5
هزارمیلیارد 22
هزاره‌جات 52
هزینه 14,30,31,65,97
هزینه‌ها 31
هستند 18,20,27,3,30,30,54,59,61,73,75,75,77,80,82,92,93,93,94,95,99
هستیم 18,31,79,81,98
هشت 14,14,46
هشدار 79
هفت 36,36,36,7
هفته 1,10,12,16,17,3,46,6,69,69,92,92,96,96
هم 1,13,13,17,17,19,19,20,21,21,24,27,27,28,30,32,33,34,4,45,46,59,62,70,70,70,71,72,74,75,75,75,75,75,76,82,87,87,93,97
هم­زمان 11
همان 42,51,57,62,9
همانطور 97
هماهنگی 27,37,96
همایون 54
همت 79
همتی 14,2
همدستان 49
همراه 31,41,42,51,57,67,69,86
همراهی 63
همزمان 75,78
همسایه 61
همسرش 41
همه 24,28,45,67,70,71,71,71,73,73,82,93
همه‌ 67
همه‌گیری 100,75,77
همه‌گیری‌های 75
همواره 75,77,77,84,84,85
همچنین 100,14,21,27,35,35,36,5,55,57,72,78,84,89,91,91,91,91,92
همچون 91
همکاران 20,72
همکاری 72,87,94,97,97
همگی 21
همیشه 59,65,78
همین 18,70
هند 35
هنرمندانی 81,98
هنوز 2,65,96,96
هنگام 39,40,48,59,69
هنگامی 48,69
هنگ‌ 35
هوآوی 59,59,62,62,62,64,64,64,66,66,66,66,66,74,76
هوا 71,80
هوازی 89
هواشناسی 86
هواوی 66,74,76,76,76
هواپیما 67,78
هوای 77
هوشمند 59,62,74,74,74,76
هومی‌شود 59
هویت 47
هک‌شدن» 74
هیئت 72,72,81
هیات 68,68,68,98
هیتلر 41,41
هیچ 44,75,85,87,99
هیچکدام 99,99
هیچ‌وقت 39
و 1,1,10,10,100,100,100,100,100,100,100,100,100,100,100,100,11,11,11,11,11,11,11,11,12,12,13,13,13,13,13,13,13,13,13,14,14,14,14,14,14,14,14,14,14,15,16,16,16,16,16,16,17,17,17,17,17,18,18,18,18,18,18,18,18,18,18,18,18,18,19,19,19,19,19,19,19,19,19,2,2,2,2,2,20,20,20,20,20,20,20,20,20,20,20,20,20,20,20,21,21,21,21,22,22,22,22,22,22,22,22,22,23,23,23,24,24,24,24,25,25,25,25,25,25,25,25,25,25,26,27,27,27,27,27,27,27,27,27,27,27,27,28,28,28,29,29,29,29,29,29,29,3,3,3,3,3,3,3,3,3,3,3,3,3,3,3,3,3,3,3,3,30,30,30,30,30,30,30,30,30,31,31,31,31,31,31,31,31,32,32,32,33,33,33,33,33,33,33,33,33,33,33,33,35,35,35,35,35,35,35,35,35,35,35,35,35,35,35,35,35,35,35,35,35,35,35,35,35,35,35,35,35,35,35,35,35,35,35,35,35,35,35,35,35,35,36,36,36,36,36,36,36,36,36,36,36,36,36,36,36,36,36,37,37,37,37,37,37,38,38,39,39,40,40,40,40,41,41,42,42,43,43,43,43,44,44,44,44,44,44,45,45,46,46,46,47,47,47,48,49,49,49,49,5,5,5,5,5,5,5,5,5,50,50,50,50,50,50,51,51,51,52,52,53,53,53,54,55,55,55,55,55,56,57,57,57,57,57,58,58,58,58,58,59,6,6,6,6,6,6,60,60,60,61,61,61,61,61,62,62,62,63,63,63,63,63,63,64,64,64,64,64,65,65,66,66,67,67,67,67,67,67,67,68,68,68,69,69,69,7,7,7,7,7,7,70,70,70,70,70,70,70,70,70,70,70,70,70,70,70,70,70,70,70,70,70,70,71,71,71,71,71,71,71,71,71,71,71,71,71,71,71,71,71,71,71,71,71,71,71,71,71,71,72,72,72,72,72,72,72,72,72,72,72,72,72,72,72,72,73,73,73,73,73,73,73,73,74,74,74,74,74,75,75,75,75,75,75,75,75,75,75,76,76,76,76,76,76,76,76,77,77,77,77,77,77,77,77,77,77,77,77,78,78,78,79,79,79,8,8,8,80,80,80,81,81,81,82,82,82,82,82,82,82,82,82,83,83,83,83,83,83,84,84,84,84,84,84,84,85,85,85,85,85,85,85,85,85,85,85,85,86,86,86,86,86,86,87,87,87,87,87,87,88,88,88,88,88,88,88,88,88,89,89,89,89,89,89,9,9,9,9,9,9,90,90,90,90,91,91,91,91,91,91,91,91,91,91,91,91,91,91,92,92,92,92,92,92,92,92,92,92,92,92,92,92,93,93,93,93,93,93,93,93,93,93,93,93,93,93,93,93,93,94,94,94,94,94,94,94,94,94,94,94,94,94,94,94,94,95,95,95,95,95,95,95,95,95,96,96,96,96,96,96,96,96,96,96,96,96,96,96,96,96,96,97,97,97,97,97,97,97,97,97,97,97,98,98,98,99,99,99,99,99,99
وابسته 27
واحد 13,13,13,3,3,3,3,92
واحده 11
واحدهای 92
واخواست 36
وادار 75
واران 10
وارد 10,10,17,29,31,40,53,58,62,78,92,96,96
واردات 2,27,27,27,29,79
واریز 14,33
واسطه 66
واسکس 10
واقع 47,56
واقعه 47
واقعی 16,18,50
والدو 47
والنسیا 10,10,10
وام 29,29,33,33,63,63,63
واکنش 9
واگذار 73
واگذاری 22,22,22,22
وبا 75
وثیقه» 38
وجود 14,22,24,30,30,31,31,68,70,72,73,74,82,86,90,93,96
وحش 100,100,100,100
وحشتناکی 79
وحشیانه 58
وحوش 100
وخشکبار 20
ودیعه 29
ورزش 88,88,88,88,88,88,88,88,88,89,89
ورزشکار 89
ورزشکاران 71
ورزشگاه 28,32,46
ورزشی 1,10,12,15,17,19,21,23,24,26,28,30,32,34,4,46,6,68,71,71,71,71,8,89,89,89,89,89,90
ورزش‌دوستان 71
ورزش‌ها 71
ورشکستگی 20
ورود 27,59,73,73,87,97
ورودی 92
وزارت 18,18,3,41,72,72,79,82,84,84,9,93,99,99
وزرات 33
وزن 70,70,70,70,70,70
وزنه 95,95,95
وزنی 13
وزن‌کشی 70
وزیر 18,27,41,58,79,88,88,88
وسایل 91
وسیعی 31,42,51
وسیله‌های 71
وصیت 41
وضع 66
وضعیت 100,18,85,85,9
وظایف 60
وظیفه 62,93
وظیفه‌ی 62
وعده 53
وعده‌ها 79
وفادار 41
وقت 17,28,55,84
وقتی 47
وقت‌های 28
وقفه‌ای 91
ولاغیر 68
ولی 20,24,24,24,37,88,96,96
ومبلی 32
ونزوئلا 35
وهشت 3
وون 35
وکالت 33,33
وکیل 47
وگو 100
وی 100,100,100,2,20,3,3,3,3,48,72,81,81,82,83,86,87,88,91,92,93,93,94,94,95,96,96,97,97,98,98,99
ویدیو 55
ویران 43
ویروس 100,20,20,3,8,87,87,92
ویژه 2,59,80,85,85,94,99,99,99,99
ویژه‌ای 91
ویژگی 61
ویژگی‌های 74,84
ویژگی‌هایی 59
١ 18
١٠ 18
١۵ 46
١۶ 46
٢ 18,18
٢٠ 18,18
٣ 18,18,18
٦ 18,18
پائولو 26
پاداش 39
پارانازال 69
پارسافخر 89,94
پارسال 100
پاری 17,17,17,17,17,17,30,30
پاریسی 17
پاس 17,17
پاسخ 68,84
پاسداران 11,11,11
پاشنه 85
پامپ 89
پاندمی‌ها) 75
پانورامایی 45
پانیذ 61,61,61
پاول 41
پاکستان 35,58
پای 82,93
پایان 2,28,33,33,46,63,81,81,98,98
پایانی 12,6
پایتخت 15,18,18,18,18,18,28
پایدار 96
پایه 25
پاییز 25,77,79
پاییزه 100
پاییزی 80,80,80,80
پایین 18
پتانسیل 24
پدربزرگ‌ها 87
پدرخوانده 50,50
پذیرش 22
پر 79
پراکنده 86
پرتغالی 4
پرخطر 92
پرداخت 29,29,33,33,43,43,55,63,63,94,96
پرداخته 25,96
پرداختی 14
پردازند 65
پررنگی 76
پرز 19
پرستاره 1,90
پرستویی 54
پرسش 27
پرسپولیس 24,24,24,24,24,24,24,46,46,46,90,90
پرطرفدار 71
پرناک 61,61
پرهیز 3,77
پرو 59
پروتکل 81,98
پروتکل‌ها 100
پروتکل‌های 3
پرورش 27,97,99
پرورش‌ 99
پرونده 33
پروپاگاندا 41
پروژه‌ها 85
پرویز 54
پرچمدار 59
پرکاربرد 71
پرکالری 71
پرگل 46,6
پریرا 17
پزشک 47,75,75
پزشکان 75
پزشکی 3,3,47,70,75,75,78
پزوی 35
پس 10,14,17,17,17,30,39,41,41,43,48,50,53,63,64,75,75,88,93
پستانداران 100
پست‌های 92
پسند 73
پسندان 73
پسیانی 54
پشت 17,17,17,17,21,26,34,90
پشتیبانی 29
پلاست 61
پلاستیک 70
پلتفرم 72,72,76
پلمب 3,92
پلکانی 80
پلیس 91,92,92
پلی‌استور 76
پنالتی 10,10,32
پنج 10,3,3
پنجشنبه 86
پنجم 17
پنل 62,62
پنل‌های 62,62
پوتین 48,48,48,48
پور 54,95
پورتفوی 16
پوشان 17
پوشش 76,94,94
پول 25,25,25,25,25,25,25,25,30,55
پولی 25,31,31,31,43
پولیپ 69,69
پوند 35
پویش 63
پژوهش‌های 25
پی 100,18
پیاده‌روی 71,71
پیامک 33
پیاپی 53,90
پیدا 14,24,47,64,91
پیر 26,32,56,56
پیروزی 1,15,19,21,24,6,95,95,95
پیروی 48
پیش 14,17,2,22,28,32,38,42,51,57,58,68,82,88,9,93,99
پیشبرد 66
پیشتازان 66
پیشتازی 66
پیشران 18
پیشرفت 11
پیشنهاد 99
پیشگیرانه 91,91
پیشگیری 96
پیشین 42,51
پیش‌بینی 2,2,22,31,83,86
پیچ 2
پیچیده 96
پیک 87
پیکه 21
پیگیری 72,82,82,84,92,93,93,96,96
پیگیری‌های 47
چاره‌اندیشی 74
چالش 79
چالش‌های 84
چاپ 43,73,73,73,73,73,73,73,73
چرا 24,24,25,27,27,59,79
چراغ 29
چرب 71
چشم 56
چشمگیر 18,91
چشمگیری 62
چشم‌نوازی 67
چند 16,17,20,21,24,24,27,30,33,62,71,89,90
چندان 17
چندین 47
چنین 48
چه 18,22,29,65,65,90,90
چهار 3,5,5,89,91
چهارخطه 91
چهارشنبه 100,86,93,96
چهارشنبه) 4
چهارم 46,81,98
چهارپایان 100,100
چهره‌های 50
چون 50,97
چک 65
چکاد 72
چکاد» 72
چیز 45,67
چین 35
چینی 62,62,76,76
چیپ 19,62,62
چیپ‌های 62,62,62
ژان 56,56
ژانویه 76
ژانگ 76
ژاپن 35
ژرمن 17,17,17,17,17,17,30,30
ژرمن‌ها 6
ژوئیه 53
کابل 58
کادر 95,95
کادرفنی 24
کار 24,26,27,30,31,33,40,43,50,63,66,70,72,72,78,91,91,92,92
کارآفرینی 63
کاراسکو 21,21
کاربر 64,64,76,76,78
کاربران 59,59,59,59,64,74,74,74,74,75,75,75
کاربرانش 78
کاربرانی 64
کاربردی 71
کاربری 60,64,64,64,80
کارت 80,80
کارخانه‌های 70,70
کارشناس 22
کارشناسان 100,20,27,63,7
کارشناسی 63
کارلوس 4
کارمندان 3
کارهایی 91
کارون 99
کارکنان 92
کارگردان 56
کارگزاری‌های 94
کاری 52,60,77
کاریز 15
کاسته 18,75
کاشت 27
کاظم 79
کافی 78,79
کافی‌شاپ 89
کالاها 70
کالاهایی 2
کالای 61,61
کالج 47
کاملینا 27
کانادا 35
کانون 79
کانون‌های 87
کانگو 89
کاهش 100,13,13,16,16,18,18,18,18,18,25,27,31,35,35,36,36,57,69,79,87,92
کاهشی 2
کاهش‌ها 91
کاپیتان 46
کتاب 57,9
کثیر 24
کجاست 9
کجی 68
کد 78,78
کدام 70,75
کرد 10,10,10,10,100,100,14,17,19,19,20,22,22,24,25,27,27,28,3,3,3,32,33,35,41,41,44,47,47,47,50,50,58,60,64,64,66,68,8,85,85,86,87,87,88,88,9,91,92,93,93,94,96,96,97,97
کردستان 44
کردم 97
کردن 31,31,70,75
کردند 20,27,3,3,33,39,43,44,53,6,76,81,9,91,98
کردنش 44
کرده 100,14,15,17,18,19,21,24,28,31,38,42,44,44,49,49,51,55,73,75,84,85,9
کرده‌اند 74,84
کرده‌اید 74
کرده‌ایم 56
کردید 31
کردیم 14,27,27,92
کرملین 48
کرمیت 55,55
کرنر 19
کره 35,47,47,47,75
کروتونه 26
کرون 35,35,35
کرونا 20,20,20,20,3,3,33,75,75,75,77,8,87,90,92,92
کروناویروس 92
کرونایی 33
کریم 10
کس 68,73
کسانی 63,96
کسب 1,19,19,24,63,85,85
کسب‌وکار 63,63
کسر 33
کسری 14,22,31,31,31,31,31,31,57,57
کشاورزان 39,39
کشاورزی 14,27,79
کشت 27,39,39
کشتی 95,95,95
کشف 49
کشور 100,2,29,31,57,57,60,61,76,78,79,79,82,82,84,85,85,88,93,93,95,99
کشورمان 95
کشورهای 61
کشوری 55
کشور‌های 58
کـاهش 36
کل 100,13,14,2,22,57,57,82,82,88,93,93,97
کلاس 83,83,97
کلاسه 97
کلاسیکو 21
کلان 11
کلاه 56
کلماتش 56
کلمبیا 4
کلی 25,76
کلیات 57
کلیدی 51
کلیه 63,94
کم 24,59,71,90
کمبودها 73,97,97
کمتر 14,14,64,69,77
کمتری 18,77
کمپ 95
کمپین 63,63,63
کمک 75,87,97,97,97
کمک‌ها 39
کمی 59,86
کمیسیون 57,91
کن 80
کنار 31,44,52,63,87,97
کناره 44
کناره‌های 52
کنترل 41
کنترلی 62,92
کنجاله 79
کنجد 27
کند 17,19,22,24,24,31,31,45,48,49,55,59,59,61,61,62,64,66,74,95,96
کنده 52
کنفدراسیون 90
کنفرانس 64,64
کنم 24,97,97
کنند 21,3,3,55,62,75,75,80,94,94
کننده 25,33,60,60,60,61,84
کننده‌ای 34,59
کنندگان 63
کنونی 70,70,84
کنگ 35
کنگوی 45
کنید 65,65,65,67,74,78
کنیم 14,14,22,31,68
که 10,100,100,11,11,12,14,14,14,14,15,16,17,17,17,18,18,18,18,18,19,2,2,2,2,2,20,20,20,20,20,21,21,21,21,22,22,22,24,24,24,24,24,24,24,24,24,24,25,25,25,26,27,29,29,3,3,3,30,31,31,31,31,32,33,33,33,33,33,33,34,34,34,35,35,36,36,36,36,36,36,37,4,43,44,44,45,46,46,47,48,49,49,50,50,51,51,52,55,55,56,56,57,58,59,59,59,59,59,60,60,60,61,62,63,64,64,64,64,65,65,66,66,66,67,67,67,67,68,69,69,69,69,7,70,70,70,71,71,71,71,73,73,73,74,74,74,74,74,75,75,75,76,76,76,77,77,79,79,79,8,81,82,82,82,82,82,83,84,85,9,90,91,92,93,93,93,93,93,95,96,96,96,96,96,96,97,97,97,97,97,97,97,98
کهنه 26
کوتاه 75
کودتای 55
کودک 89
کورتوا 19
کولینگ 60
کومان 21
کووید 3,81,98
کوچک 67,70,78
کوچکتر 52
کوی 97
کویت 35
کی 4
کیات 35
کیسه 61
کیش 67,67,67
کیلومتری 99,99
گاردریل‌ها 91
گاز 7,7
گازی 7,7
گالری 74
گام 75,75
گتوند 86
گجت‌های 62
گذاری 18,3
گذاشت 21
گذاشته 53
گذراندن 63
گذشت 64
گذشته 1,18,20,3,3,30,35,5,64,77,82,85,86,96
گرا 56
گرامی 60
گرانی 9
گرجستان 35
گرداند 63
گردش 22,65
گردشگری 65
گردیده 60
گرفت 19,31
گرفتند 3,58,76
گرفته 2,25,26,29,30,33,4,53,62,74,80,85,91
گرم 5
گرمترین 86
گرمی 5
گره 18,74
گروه 14,20,20,76,81,90,96
گروهی 12,53,58
گروه‌هایی 100,76
گزارش 100,12,14,15,17,2,3,30,32,33,36,51,6,63,68,85,90,90,99
گزارشی 25
گزینه 1
گسترده 51
گسترده‌ای 71
گسترده‌تری 59
گسیخته 9
گفت 100,14,14,18,20,22,3,3,33,79,81,86,93,96,97
گفته 100,37,56,76,87,87,96
گفته‌های 76
گفتگو 77,79
گل 10,12,15,21,34
گل​های 46
گمراوی 97
گناه 11
گو 97
گوبلز 41,41
گوشت‌خوار 100,100
گوشی 74
گوشی‌ 59
گوشی‌های 62
گوشی‌هایی 64
گونه 100
گونه‌های 67
گوگل 76
گیران 95
گیرد 60
گیری 18,73
یا 29,63,69,70,70,71,74,75,86,97
یابد 79
یاد 11
یارانه 33,33
یافت 16,25,35,36,96
یافتند 6
یافته 100,16,57,57,57,81
یانیک 21
یخچال 80
یعنی 24
ین 35,89
یوان 35
یورو 35
یوونتوس 26
یووه 12
یک 1,10,10,13,15,15,24,25,33,33,33,33,35,35,5,5,50,55,63,65,65,75,79,9,92
یکبارمصرف 61,61,61
یکساله 2,2
یکشنبه 97
یکصد 35,35,35,35,35,35,35,35,35
یکی 50,71,75,87
یک‌بار 10
۰ 14
۱ 14,63,86
۱۰ 35,64,64,9
۱۰۰ 76
۱۰۶ 92
۱۰۹ 35
۱۱ 16,16,35,35,35,5,6
۱۱۱ 35
۱۱۵۰۰ 57
۱۱۶ 35
۱۲ 16,33,35,35,35,36,5,53,63
۱۲۵ 22,22
۱۳ 35,36
۱۳۷ 35,36,36
۱۳۹ 35,35
۱۳۹۸ 25,25
۱۳۹۹ 33,33,36
۱۴ 3
۱۴۰۰ 2,2,22,22,57
۱۵ 36,99
۱۵۳۷ 85
۱۶ 35
۱۷ 3
۱۷۰ 76,78
۱۷۶ 35
۱۸ 5,63,76
۱۸۷ 35
۱۹ 14,3,36
۱۹۶۳ 56
۱۹۷۹ 58
۱۹۹ 57
۱۹۹۲ 58
۲ 10,35,35,35,36,57,63,63,86,86
۲۰ 57
۲۰۰ 35
۲۰۰۶ 53
۲۰۲۲ 4
۲۰۶ 35
۲۱ 33
۲۱۶ 35
۲۱۸ 16
۲۲ 33,35
۲۲۲ 35
۲۳۱ 35
۲۳۸ 35
۲۴ 2,3,35
۲۴۳۵ 57
۲۵ 33
۲۵۵ 35
۲۶ 33,35,36
۲۸ 55,62
۲۸۴ 35
۲۹ 35
۳ 35,35,36,57,76
۳۰ 33
۳۰۰ 5
۳۰۶ 34
۳۱ 14,35,35,35
۳۲ 35,35
۳۵ 35,52
۳۷۱ 35
۳۷۵ 35
۳۷۷ 35
۳۸ 6
۳۸۴ 14
۳۹۰ 36,36
۳۹۳ 33,35
۴ 16,34,35,35,63
۴۰ 35,36,79
۴۰۰ 36,36
۴۱۹ 35
۴۲ 35
۴۳ 57
۴۳۷ 35
۴۵ 36
۴۶۰۰ 36
۴۷ 35,35
۵ 35,35,36,36,36
۵۰ 35
۵۰۰ 63
۵۲۰ 36
۵۲۶ 35
۵۳۲ 16
۵۳۹ 35
۵۴۶ 35
۵۵درصد 3
۵۵۳ 35
۵۶ 36
۵۶۰ 16
۵۶۹ 35
۵۷۲ 16
۷۸درصد 3
