آزاری 38
آوریل 38,38
آگاهی 38
آیتم 37,38,39
ابتلا 37,37
اجباری 37,38,39
اجزای 8
احتمال 37,37
اختیاری 37,38,39
اخیر 37,37,38,38,39,39
ارغوانی 38
استحکام 8
استفاده 37,38,39,8,8
اصلی 37,38,39
اطلاعات 37,38,39,8
افزایش 37
التهابی 38,38
الکترونیکی 8
الگو 15
امواج 8
امکان 37,38,39
انتقال 8
انجام 37,38,39
اندام 8,8,8,8,8
انسان 8
اوکراین 38
اکتبر 38,38
بازبینی 39
ببینید 39
بدون 39
برابر 38
برای 15,37,37,37,38,38,39,39
بررسی 39
برگزار 38
بزرگداشت 38
بسازید 37,38,39,4
بسیاری 8
بلکه 37
بنفش 38
بودن 37,37
بیشتر 15,37,37,37,38,38,39
بیشتری 8
بیماران 38
بیماری 37,37,37,37,37,38
بیماریهای 37
تجاری 15,37,38
تجاوز 38,38
تحولی 8
تخصص 39
تراشه 8
تراکم 8
تصادفی 37,38,39
تصاویر 37,38,39
تعصب 38,38
تغذیه 16
تغییرات 37,38,39
تلفن 15,36,37,38
توان 8,8
توجه 39,39,39
توسط 38,38,38,38,38,38,39
تولید 8
جزئیات 15,37,38
جنسی 38,38
جهان 15,15
جوانان 37
حرکات 8
حساب 37,37,37,38,38,39,39,39
حفاظت 38
حمایت 38,38,38
خاکستری 38
خصوص 37,38,39
داخلی 38
داده 37,38,39
دارای 15,16,39
دارد 37,38,39
داشته 8
دانست 37
دانش 15
دانشنامهٔ 16,37,37,38,38,39,39
دانشگاه 38,38,8
دخانیات 38
دربارهٔ 15,37,38,38,39
درخواست 39
دریافت 8
دسامبر 15,38
دسترس 15,37,38
دعوت 37,38,39
دلیل 39
دینی 38
دیگر 37,38,38,39,39
ذخیره 8
رابطه 38,38,38
رفته 8
روبان 38,38
رویدادهای 37,38,39
ریسک 37,37,37,37
زبان 16
زیست 38
ساخت 37,38,39
سازمان 15,36,37,38
ساعت 15,37,38
سامانه 37,37,37,38,38,38,39,39,39,4
سرخک 37
سیاه 38
سینه 38
شبکه 8
شخصیت 38,38
شوید 37,37,38,38,39,39,4
صفجه 37,38
صفحه 15,37,37,37,37,38,38,38,38,38,39,39,39,39
صفحهٔ 37,37,37,38,38,38,39,39,39
صنعت 8
صنعتی 38
صورت 37,38,39
صورتی 38
طبیعی 8
طلایی 38
طوری 8
عامل 37
عامل_ریسک_ 37
عبارت 37,38,39
عروقی 37
عظیم 8
علامتی 15,37,38
علیه 38,38,38,38,38
عموماً 38
عوامل 37
غازی 38
غیرانتفاعی 15,36,37,38
فاقد 39
فاکتور 37
فلزات 8
فناوری 15
فهرست_روبانهای_آگاهیدهنده 38
فوریه 38
فوریهٔ 38
قابل 37,37,38,39
قلبی 37
لزوماً 37
لطفاً 39
مارس 38,38
مبارزه 38,38,38
مبارزین 38,38
مبتلا 38
مبدأ 39
متخصص 39,39,39
متصل 37,38,39
متعلق 15,36,37,38
متغییری 37
مثال 37
مجموعه 8
محتوای 37,38,39
محتویات 37,38,39
محسوب 8
محیط 38
مخالفان 38
مخزن 37,38,39
مدارس 38
مدفوع 39,39
مرتبط 38,38
مشکل 39
مصرف 38
مصنوعی 8,8,8,8
مقاله 39,39
منبع 16
مورد 38
میان 39
نازک 8
نجام 8
نسخه 37,38,39
نشان 37
نشانی 37,38,39,39
نوار 37,38,39,8
نوارعصب 8
نوامبر 38,38
نیازمند 16,39,39,39
نیست 37,38,39
هرچند 37,38,39,4
هستند 37
همبستگی 37
همراه 37
همهٔ 37,37,38,38,39,39
همچنین 37
همین 37,38,39
هوشمند 8
وارد 37,37,37,38,38,38,39,39,39,4
وجود 1,15,15,15,15,37,38,38,38,38,38,38,38,38,38,38,38,38,38,38,38
ویرایش 15,15,37,38
ویرجینیا 38
ویژه 37,38,39
ویکی 37,38,39
پارامتر 39,39
پایدار 37,38,39
پایه 15,15
پروانش 38
پلیمر 8
پیرامون 37,37,37,38,38,38,39,39,39
پیشین 37,38,39
پیوند 15,37,37,37,38,38,39,39,39
پیوندهای 38,39
چگونگی 37,38,39
ژوئن 38,38,38
ژوئیه 38
کاربری 37,37,38,38,39,39,4
کانادا 38
کردن 37,38,39
کناری 37,38,39
کنترل 8
کودکان 38
گرچه 37,38,39
گفته 37
یادکرد 37,38,39
یشمی 38
