آرام 50
آماری 9
آمریکا 50,50,50,50,50,50,50,50,50,50,50,50,50,50,50,50,50,50,50,50,50,50,50,50,50,50,50,50,50,50,50,50,50,50,50,50,50,50,50,50,50,50,50,50,50,50,50,50,50,50,50,50,50,50,50
آموزش 50
آیتم 9
اجتماعی 50,50
اخیر 9
استفاده 9
اسپانیایی 50
اطلس 50
اعدام 50
اقیانوس 50
الگو 50
امور 50
انبار 1
انرژی 50
انسانی 50
انگلند 50
ایاالت 50
ایالات 50,50,50,50,50,50,50,50,50,50,50,50,50,50,50,50,50,50,50,50,50,50,50,50,50,50,50,50,50,50,50,50,50,50,50,50,50,50,50,50,50,50,50,50,50,50,50,50,50,50,50,50,50,50,50,50,50,50,50,50,50,50,50,50,50,50,50,50,50,50,50,50,50,50,50,50,50,50,50,50,50,50,50,50
ایالت 50
ایالتی 50
ایجاد 9
باراک 50,50
بهداشتی 50,50
بیشتر 9
بیماری 9
تاسیس 50,50
تجسمی 50
تحصیلی 50
تصاویر 9
تفنگ 50
توسط 50,50
جزایر 50
جغرافیایی 50,50
جمهور 50
جنوب 50
جنوبی 50
جنین 50
جونیور 50
حرفه 50
خارجه 50
خارجی 50,50,50
خانمانی 50
خانه 50
خانواده 50
خانوار 50
خزانه 50
خصوص 9
داده 9
دادگستری 50
دارای 1
دارد 9
داری 50
دانشنامهٔ 9
درآمد 50
دربارهٔ 50,9
درمان 50
درمانی 50
دفاع 50
دفتر 50
دموکرات 50,50,50,50,50,50,50,50,50,50,50,50,50,50
دهان 9,9
دولت 50
دیگر 9,9
رئیس 50
رسمی 50,50
رسوایی 50
زبان 1
زندگی 50
زیست 50
ساحلی 50,50
سیاست 50
سیاسی 50,50,50,50,50
شخصی 50
شدید 50
شهرهای 50
صفجه 9
صفحه 9,9,9,9
صفحهٔ 9
عامه 50
عمومی 50
غربی 50,50
فاضلاب 50
فدرال 50,50,50
فرانسوی 50
فرهنگی 50,50
قابل 9,9
قانونی 50
قرمز 50
مالی 50
مبارزه 50
مبتلا 9
متحده 50,50,50,50,50,50,50,50,50,50,50,50,50,50,50,50,50,50,50,50,50,50,50,50,50,50,50,50,50,50,50,50,50,50,50,50,50,50,50,50,50,50,50,50,50,50,50,50,50,50,50,50,50,50,50,50,50,50,50,50,50,50,50,50,50,50,50,50,50,50,50,50,50,50,50,50,50,50,50,50,50
متصل 9
متفاوت 1
متوسط 50
مثبت 50
محتوای 9
محتویات 9
محلی 50
محیط 50,50
مخدر 50
مخزن 9
مرتبط 50
مسکونی 50,50
مشاهده 50
مقالات 50
مناطق 50
مواد 50,50
میانه 50,50
ناخوشی 9
نسخه 9
نشانه 9
نیرو 50
همهٔ 9,9
هنگام 9
واژگان 1
وجود 50,50,50,50,50,50,50,50,50,50,50,50,50,50,50,50,50,50,50,50,50,50,50,50,50,50,50,50,50,50,50,50,50,50,50,50,50,50,50,50,50,50,50,50,50,50,50,50,50,50,50,50,50,50,50,50,50,50,50,9,9
ویرایش 50
ویژه 9
پایدار 9
پایه 50
پورتوریکو 50
پیرامون 9
پیشین 9
پیوند 1,9,9
پیوندهای 9
چگونگی 9
کدهای 9,9
کشاورزی 50
کلاس 50
کینگ 50
گاهی 9
گفته 9
یادکرد 9
