آبادانی 37
آخرین 5
آخوندزاده 37
آذرنگ 37,37,37,37,37,37,37,37
آرایشی 39
آرچیبالد 10
آزاد 35,41,41,41,5
آزادی 35
آزاردهنده 19
آزتک 37
آزمایش 10,10,37
آزمایشگاهی 32
آستانه 19
آسمان 30,30,30
آسمانی 30
آشتی 10
آشفتگی 30
آفریقایی 37
آلمانی 37
آماری 41,41,41,41,41,41,41,41
آمدن 10,5
آمده 39,4
آمریکا 37,5
آمریکایی 37
آموزش 34,37
آنان 30
آنتروپی 10
آنجا 10,10
آنطور 36
آنقدر 19
آنلاین 41
آنهایی 10
آنکه 28
آهسته 5
آهنربا 39,39,39,39,39
آوادرخشش 1
آوردن 10
آکوستیک 19
آکوستیکی 19
آیتم 1,28,29,30,31,32,33,34,35,36,37,38,39,40,41,42,43,5
آیند 37
آینده 10,10,10,10,30
آیندهٔ 10
ابتدای 34
ابتلا 5,5
ابراهیم 37
ابراهیمی 37,37
ابزار 29,43
ابزارهایی 43
ابزارگرایانه 10
ابزارگرایی 10
ابطال 37
ابعاد 43,43
ابوالحسن 37
اتاق 19,19
اتفاق 10,10,10,30
اتفاقاتی 10
اتفاقی 39,39
اتمسفر 30,30
اتمی 27,28,30,31,31,32,32,32,32,32,34,41,41,41
اتیوپیایی 37
اثبات 39,39
اثرات 29,30
اثرتر 39
اثرهای 5
اثرگذار 34,34
اجباری 2,28,29,30,31,32,33,34,35,36,37,38,39,40,41,42,43
اجتماعی 37
اجرا 5
اجزاء 10
احتمالاتی 10
احساسات 37
احمد 37,37,37
احیای 10
اختر 30
اختلال 19
اختلالات 5
اختلالاتی 5
اختیار 30,35
اختیاری 2,28,29,30,31,32,33,34,35,36,37,38,39,40,41,42,43
اخلاقی 37
اخیر 2,2,28,28,29,29,30,30,31,31,32,32,33,33,34,34,35,35,36,36,37,37,38,38,39,39,40,40,41,41,42,42,43,43,5
اخیراً 34
ادامه 35,39,43,5
ادبیات 37
ادعایی 10
ادوارد 37,37,37,37
ادیان 37
ارائه 10,19,30,34,34,39,43,5
ارایهٔ 37
ارتباط 19,30,30,30,30,41
ارتریایی 37
ارتعاش 19
ارتعاشهای 19,19,19
ارتعاشهایی 19,19
ارتعاشی 19
ارجاع 35,35,37
ارزیابی 10
اروپایی 39
ارکستر 19
ازقوانین 38
ازین 39,39,39
اساس 10,19,37,37,38,39,5
اساسی 10,38,38,5
استاندارد 39,41
استانفورد 10
استحکام 39
استراحت 5
استفاده 10,28,28,29,30,31,32,33,33,34,35,36,37,37,38,38,38,38,39,39,39,4,40,40,41,41,42,43,5,5,5,5,5,5,5,5
استفادهٔ 10
استناد 37
استوارت 37,37
استورمر 30
اسلوونیایی 37
اسپنسر 5
اسپین 39
اسپینوزا 37
اشاره 10,30,34
اشباع 5,5,5,5,5,5,5,5,5
اشتباه 37
اشرف 39
اشعه 30
اشیاء 19,19
اصلی 19,2,28,29,30,31,32,33,33,34,35,36,37,37,37,38,39,39,39,39,39,39,40,41,42,43
اصول 33,37
اصولاً 10
اضافی 37,37,37
اطراف 5,5,5,5
اطلاعات 10,10,10,10,10,2,28,29,30,30,30,31,32,33,34,35,36,37,38,39,40,41,42,43,43,5
اطلاعاتی 10,10,10,41,41
اعتبار 37,37,5,5
اعتقاد 10
اعلام 5
اعمال 29,39,39
اغتشاشی 10
اغلب 30
افتاده 30
افتخار 36
افراد 19,19,19,30,34
افزایش 19,39,39,39,39,43,43
افلاطونی 37
اقتصادی 43,43
اقتضاء 30
البته 10,39,39
البروجی 30
الرياضية 38
القا 1
الله 37,37
المان 38
الوضع 4
الکتروستاتیک 4,4
الکترون 39,39,39,39,39,39,39,39,39,39,39,39
الکترونی 39
الکترونیک 43,43,43,43,43,43,43
الکتریسیته 34
الکتریکی 4,4,43
الگو 28,28,30,30,31,32,34,34,37,37,37,37,37,37,37,37,37,37,37,37,37,37,41,41,41,41,43,43,5,5,5,5
الگوریتم 5,5,5
الگوهائی 5
الگوهای 5
الگوی 1,28,28,29,29,29,30,30,31,31,32,32,38,38,42,42
امروزه 30,5
امروزی 43
امواج 19,19,30
امکان 28,29,30,31,32,33,34,35,36,37,38,39,40,41,42,43,43
امین 37
امینی 37,37
انتخاب 34,35,35
انتخانب 35
انتروپی 41
انتشار 19,34,5
انتشارات 19,37,37,37,37,37,37,37,37,37,37
انتظار 36
انتقادی 37,37,37
انتقال 10,19
انجام 1,10,19,19,19,2,28,29,30,31,32,33,34,35,36,37,38,39,40,41,42,43,43,5,5
انحراف 39
اندازه 40,43
اندازهگیری 41
اندامگان 39
اندونزیایی 37
اندکی 10
اندیشه 37,37
انرژی 19,19,39,41,43
انرژیشان 39
انسان 19,19,19,19,19,19,30,30,5,5
انشعاب 10,10,10,10,10,10,10
انعکاس 19,19
انعکاسهای 19
انفعالات 19
انواع 30,39,39
انگاری 37
انگلیسی 36,39
انیشتین 10
اهدا 34
اهمیت 38
اوربیتال 39
اورت 10
اولآ 19
اولتراسونیک 5
اولین 29
اولیه 10,37,37
اوژن 10
اِوِرِت 10
اکتبر 27
اکتشاف 37
اکنون 43
ایتالیایی 37
ایجاد 10,10,19,19,19,39,39,4,43
ایده 10
ایست 5
ایمانوئل 37
ایمن 5
ایمنی 5
اینتل 43,43
اینجا 28,35
اینرو 39,39,39
اینکه 19
باتاچاریا 37
باردار 30
بارز 30,30,30,30
بارهای 4,4
بازتاب 36
بازتابش 19
بازتابشهایی 19
بازتابیده 19
بازدهی 43,5
بازنمایانه 37
بازه 19
بازگشت 5
باشد 10,10,19,19,19,19,19,19,19,35,39,39,39,43
باشند 10,37,39,39,41
باعث 39,5,5
بافت 5,5,5,5,5,5,5,5
بافتهای 5,5
بافتی 5
باقی 5
بالا 19,19,29,29,29,5
بالاتر 30,39,39
بالاخره 43
بالای 30,30
بامعنی 10
باهم 39
باور 39,39
باید 10,10,10,19,43,43,5
بتوانیم 35
بخشی 42
بخشیدن 5
بدست 4
بدفهمی 35
بدون 35,35,35,35,5,5,5
بدین 35,37,39
برابر 19,29,39,43
برای 10,10,10,10,10,10,10,19,19,19,19,19,2,27,28,28,29,29,29,29,30,30,30,31,31,32,32,33,33,33,33,34,34,34,34,35,35,35,36,36,37,37,37,37,37,37,37,37,38,38,38,39,39,39,39,4,40,40,40,41,41,41,42,42,43,43,43,43,5,5,5,5,5,5,5,5,5
برایس 10
برجسته 34
برجستهٔ 39
برخلاف 39
برخورد 19,19
برخورداری 37
برخی 10,19,30,34,39,39,39,5,5,5
بردار 10,10,10,36
برداشت 5,5,5,5,5,5,5
بررسی 10,19,29,30,30,32,32,34,39
برسد 19
برطبق 35
برعکس 41
برقرار 41
برقراری 19
برنامه 34
برهمکنش 41
برود 37
بروز 5,5
برچیده 39
بریتانیایی 37
بزرگ 19,28,30,34,37
بسازید 2,28,29,30,31,32,33,34,35,36,37,38,39,40,41,42,43
بسامد 19,19,19
بسامدی 19
بسته 39
بستهٔ 10
بستگی 19
بسپار 28
بسیار 10,28,30,34,37,37,38,38,41,43,5,5
بسیاری 32,34,34,34,34,38,39,4,41,5
بشری 30
بطروجی 37
بطوریکه 28
بعضاً 37
بعضی 19,28
بلند 19,19
بلندتر 19
بلندگوهای 19
بلندی 19,19
بلکه 10,10,10,30,30
بنابر 5
بنابراین 10,10,19,19,19,38,43,43
بنام 39,39,39
بندادی 41
بنیادین 37,41,41
بنیادینی 37
بهبود 30,37
بهتر 43
بهداشت 37
بهره 5
بودایی 37
بودن 10,10,19,19,19,30,39,39,43
بودند 30,5
بوده 19,19,30
بوسیلهٔ 39,39
بولتزمن 41
بولین 10
بومیان 37
بوهر 10
بکار 39,39,43,5
بکاهد 39
بگذارد 19
بگذاریم 10
بیابند 10
بیان 30,38,39,39,39
بیانی 19,19
بیاید 43
بیدی 37
بیرون 10
بیرونی 39
بیرکلند 30
بیستم 34,34,34
بیش 5
بیشتر 10,19,19,19,27,28,28,29,29,30,30,30,31,31,32,32,33,33,34,34,35,35,36,36,37,37,38,38,38,39,39,40,40,41,41,42,42,43,5,5,5,5
بیشتری 19,43,5,5,5,5
بیماری 5,5,5,5,5
بینهایت 4
تأثیر 10,10,19,43
تأثیرگذار 34,39
تأخیر 30,5
تئوری 39,4,4
تابش 19,30,30
تابع 10,10,10
تاریخ 10,34
تاریخچه 43
تاریک 30
تاکنون 5
تایم 34,34
تبدیل 10,36
تجاری 27,28,29,30,31,32,33,34,35,36,37,38,39,40,41,42
تجربه 37
تجربی 37,37,37
تجزیه 30,38
تجهیزات 5
تحرک 30
تحقیق 30
تحقیقات 5
تحقیقاتی 10
تحلیل 30,38
تحلیلی 37,37,37,37,43
تحمل 5,5,5
تخلیه 5,5,5
تدریج 19
تراشه 43,43
ترانزیستور 43,43,43,43,43
ترانزیستورهای 43
تراوایی 39
تراکم 5,5,5,5,5,5,5,5
ترتیبی 10
ترجمهٔ 37,37,37,37,37,37,37,37,37,37
ترسیم 37
ترقی 30
ترمودینامیک 41
ترکه 37
ترکیب 10
ترکیبی 19,31
تشخیص 19,19,19,30,5,5
تشعشعی 30,30,30,30,30
تشکیل 19,30,34,5
تصادفی 2,28,29,30,31,32,33,34,35,36,37,38,39,40,41,42,43
تصاویر 1,28,29,30,31,32,33,34,35,36,37,38,39,40,41,42,43
تصور 30
تصویری 37
تعابیر 10,10
تعادل 19
تعبیر 10,10,10,10,10,10,10,10,10,10,10,10,10
تعبیرهای 10
تعبیه 30
تعداد 19,41,41,43,43,43,5
تعدادشان 19
تعریف 10,19,19,31
تعیین 10,10,10,5,5
تغییر 10,10,30,37,37,5
تغییرات 2,28,28,29,30,31,32,33,34,35,36,37,38,39,40,41,42,43
تغییری 10,10
تفاوت 10,10,19,30
تفریحی 5,5
تفسیر 10,10,10
تفسیرهای 10
تفضیل 30
تفکر 10
تفکٌر 37
تفکیک 19,37
تقاطع 10
تقریباً 38
تقریبهای 28
تقریبی 38
تقسیم 10,19,37,37
تقویت 39
تلاش 10,43
تلاشند 10
تلفن 27,28,29,30,31,32,33,34,35,36,37,38,39,40,41,42
تلقی 19
تمام 30,4,4
تمایل 39,39,39
تمرکز 19
تناوب 19,19
تندتر 19
تندی 1
تنفس 5
تنها 10,10,10,10,19,30,37,39,39
تهیه 5
توابع 10
توابعی 10
توافق 35
توانایی 19,39
توانست 43,5
توانستند 30
توجه 19,19,30,37,37,5
توجیه 43
توزیع 4
توسط 10,10,30,34,34,34,34,38,41,5,5,5
توسعه 10,10,10,10,10,43,5,5
توصیف 10,10,10,10,10,10,10,28,35
توضیح 10,10,19
توقف 5,5
تولید 19,19,19,19,29,30,43,5
تولیدی 39
توهمی 10
توپولوژی 10,10
تکامل 10,10,30
تکانه 40
تکنولوژی 43,43,43
تکنولوژیکی 43
ثابت 4,43
ثانیه 19,19,19,19,19,19,19,19
ثبات 37
جابجایی 39
جاذبه 39,39
جایزه 34
جایگزین 43,5
جداگانه 5
جداگانهٔ 10
جدولهای 5
جراحی 39
جریان 39,39,5
جزئیات 27,28,29,30,31,32,33,34,35,36,37,38,39,40,41,42
جستارهای 28,34,36,39,40
جلوگیری 19
جمله 30
جنوب 39,39,39
جنوبی 30
جهات 31
جهان 10,30,37,37,4
جهانی 34,36,43
جواد 37
جوادی 37
جوایز 34
جویان 34
حائری 37
حاتم 37
حاصل 19
حالات 19
حالت 10,10,10,10,10,10,10,10,10,10,27,28,28,30,31,31,32,34,34,34,37,39,39,39,39,41,43,5,5,5,5
حالتهای 10,10
حالتهایی 10
حالی 10,5
حامد 37
حاکم 5
حباب 5,5,5,5,5,5,5
حداد 37
حداقل 19
حداکثر 19,5
حدود 19,19,34,34,43,43
حرارت 31
حرارتی 37,37
حرکت 19,19,19,33,34,34,38
حساب 2,2,2,28,28,28,29,29,29,30,30,31,31,31,32,32,32,33,33,34,34,35,35,35,36,36,36,37,37,38,38,38,39,39,39,40,40,40,41,41,42,42,43,43
حساسیت 39
حسین 37,37,37,37
حسینی 37
حقایق 10
حمدان 37
حوزه 37
حیدر 37
خاصی 30
خاصیت 19
خاصیتهای 41
خاطر 5
خالص 39,39
خاموش 19
خصوص 19,28,29,30,31,32,33,34,34,35,36,37,38,39,40,41,42,43,5
خصوصاً 37
خصوصی 34
خلاصه 37
خلاف 39,39,5
خنثی 37,39,39,39
خواص 28,41,41,41,41,43
خواند 10
خوانده 33
خواننده 19
خواهد 10,19,19,39,39,5
خواهند 19
خودشان 37
خورشید 28,30,30,30,31,32,34,41
خورشیدی 30,30,39,39,39
خویشتن 37
خیلی 19,19
دائرةالمعارف 10
داخل 19,30
دادن 39,40
داده 1,10,10,10,10,28,29,30,31,32,33,34,34,35,36,37,38,38,39,40,41,42,43,5
دارا 34,39
دارای 1,10,10,19,19,19,19,27,28,28,29,29,30,30,31,31,32,32,34,34,34,38,38,38,39,39,39,40,40,41,41,42,42,5,5
دارد 10,19,19,28,29,30,30,31,32,32,33,34,35,36,37,38,39,39,39,39,39,39,40,41,42,43
دارند 19,30,37,39,39,39,39
دارندهٔ 10
داریم 19
داشت 19
داشتند 10
داشته 10,10,39,43
دامنه 19
دانست 10,39
دانستن 10
دانش 10,10,32,34,4,43,43
دانشجویان 34,34
دانشمند 39,39,39
دانشمندان 19,30,34,37,37,41
دانشنامهٔ 1,28,28,29,29,30,30,31,31,32,32,33,33,34,34,35,35,36,36,37,37,38,38,39,39,40,40,41,41,42,42,43,43,5
دانشگاه 37
دانشگاهی 41
دانمارکی 37,39
داوری 37,37,37
دبای 41
درآمده 5,5
دربارهٔ 10,10,10,28,28,29,30,30,31,31,32,32,33,34,34,35,36,37,37,37,37,37,37,37,37,37,37,37,38,39,39,39,39,40,41,41,41,42,43,43,5
دربر 42
درخشندگی 30
درست 10,30,39
درمورد 37
درون 1
درونی 19
دریائی 5,5
درین 39,39
دسامبر 28,33,37,37,37,37,38,39
دستاوردهای 34,34
دسترس 27,28,29,30,31,32,33,34,35,36,37,38,39,40,41,42
دسته 10,19,37
دستهٔ 37
دستگاه 10,19,19,5,5
دعوت 1,2,28,29,30,31,32,33,34,35,36,37,38,39,40,41,42,43
دقیق 10,40
دقیقاً 10,39
دقیقی 30,5
دلالت 42
دلخواه 35,4
دلیل 10,10,10,19,19,34,39,5
دلیلی 19
دماهای 39
دمای 29,39
دمریکورت 39
دنبال 19,5
دنیا 10
دنیاهای 10,10,10,10
دنیای 10
دهنده 30,5
دهندهٔ 34
دوام 19
دوران 37,37,37,37,4
دوره 30,34,5
دورهٔ 34
دوقطبی 39,39,39,39,39,39,39,39
دولتی 34
دومین 37
دونبر 37
دونیم 39
دوپلر 5,5,5
دویت 10
دچار 5
دکارت 37
دکتر 37,5
دیامغناطیس 39,39,39
دیامغناطیسی 39
دیدن 39
دیده 39
دیدگاه 10,10,10,10,30
دیدگاهی 10
دیرباز 37
دیرتر 19
دینامیکی 10
دیوار 19
دیکس 10
دیکسون 10
دیگر 1,10,10,10,19,19,19,28,29,29,30,30,30,30,30,31,32,32,33,34,34,34,35,36,37,37,37,38,39,39,39,39,39,39,39,4,40,41,41,42,43,43,5,5,5
دیگران 10
دیگری 10,19,39,5
ذاتی 39,39
ذخیره 4,4
ذرات 30,34,36,36,36,41
ذراتی 4,41
ذرهای 41
ذرهٔ 10
ذهنهای 10
ذهنی 10,19,37,37,37,37,37
رابطه 39,39,39,41
رابطهٔ 32
راحتی 30
رادیو 30
راستای 43
رانده 39
رایانه 37
رایج 5
ردیابی 5
رسانایی 39,39
رسید 10
رسیدن 19,5,5
رشته 43
رشتهٔ 34
رفتار 28,39,39
رفتارهای 39
رفته 43
رهیافت 10,10,10,10,10,10
روابط 10
روان 37
روانشناسی 37
روبرو 5
روزانه 19
روزنبلوم 10
روزهایی 5
روزگاری 30
روسی 37
روشن 30,30,30
روشی 10
رومانیایی 37
روند 5,5
رویداد 10,10,10
رویدادهای 10,10,10,10,2,28,29,30,31,32,33,34,35,36,37,38,39,40,41,42,43
رویدادهایی 10
رویشان 39
ریاضی 10,38,38,38,38,38,38,4
ریاضیات 30
ریاضیاتی 38,38
ریزپردازهای 43
ریشه 10,10
ریشهٔ 37
ریمینی 10
زاویه 19,36
زبان 10,34,34,34,37,40,40,40
زدائی 5,5,5,5,5
زمان 10,10,19,19,39,40,43,5,5
زمانهای 10,10
زمانی 10,10,10,10,19,19,19,30,35,36,5,5,5
زمین 30,30,30,30,30,39
زمینه 34,34,39
زمینهٔ 10
زنجیر 30
زکریای 37
زیاد 38,41
زیادی 34,38,5
زیرا 19,28,39,39
زیرتر 19,19
زیرشاخهٔ 28,32
زیست 30
ساخت 10,2,28,29,29,30,31,32,33,34,35,36,37,38,38,39,39,40,41,42,43,43
ساختار 39,41
ساختارگرایانه 37
ساختن 5
ساخته 29,38,38
ساده 38
سادگی 19
سازمان 27,28,29,30,31,32,33,34,35,36,37,38,39,40,41,42
سازنده 41
ساعت 27,28,29,30,31,32,33,34,35,36,37,38,39,40,41,42
سالم 19
سالن 19
ساله 30
سامانه 2,2,2,28,28,28,29,29,29,30,30,30,31,31,31,32,32,32,33,33,33,34,34,34,35,35,35,36,36,36,37,37,37,38,38,38,39,39,39,40,40,40,41,41,41,42,42,42,43,43,43
سامانهٔ 4
ساکت 5
سایر 37,4
ستارگان 27,28,30,30,30,31,32,34,41
سجویک 37
سراسر 30,34
سرعت 4,5
سرمان 30
سرچشمه 19,39,39,39
سرچشمهٔ 39
سریع 5,5,5
سریعتر 43,5
سطوح 5,5
سعید 37
سفید 37
سلامت 5
سلطنتی 34
سندرز 37,37
سوئیچ 43
سوراخ 1
سوزن 39
سوسوزدن 30
سویی 39,39
سپتامبر 35
سپری 5
سیاتل 5
سیارات 30
سیاره 30
سیاسی 37,37
سیاه 30
سیستم 10,10,10,10,10,10,10,10,10,10,10,19,35,35,41,41,41
سیستمهایی 28
سیلیکون 43,43
سیلیکونی 43
سیمون 37
سینوسی 19
سینکروترونی 30
سیکل 19,19,19,19
سیگنال 19,19
شابک 39
شاخهٔ 37
شامل 19,30,34
شاید 30
شباهتهایی 10
شبیه 10
شدتی 19
شدیدتر 19
شرایط 19,37,38,38
شرایطی 5
شرودینگر 10
شروع 30,5
شریف 37
شعله 30
شفاف 30
شمال 39,39,39,39
شمالگان 39
شمالی 30
شناخت 30
شناخته 34
شناسایی 39,5
شنوایی 19,19,19,19
شنونده 19,19
شنیدن 19,19,19
شنیده 19,19
شهرت 5
شهریور 31,42
شورای 34,41
شونده 5
شوید 2,2,28,28,29,29,30,30,31,31,32,32,33,33,34,34,35,35,36,36,37,37,38,38,39,39,40,40,41,41,42,42,43,43
شویم 19
شَکّاکیت 37
شکسته 36
شکوفایی 41
شکٌاکیت 37
شیمی 30,30,39,39
شیمیایی 28
شیوش 19,19,19
صانعی 37
صحبت 19,19,39,41
صداهای 19,19,19
صدای 19,19,19,19,19,19,19,19,19,19
صدایش 19
صدایی 19
صدوقی 37
صرفاً 10
صرفه 43
صعود 5,5
صفجه 28,29,30,31,32,33,34,35,36,37,38,39,4,40,41,42,43,5
صفحه 1,2,27,28,28,28,28,29,29,29,29,29,30,30,30,30,31,31,31,31,31,32,32,32,32,32,32,33,33,33,33,33,33,34,34,34,34,34,35,35,35,35,36,36,36,36,37,37,37,37,37,38,38,38,38,38,38,39,39,39,39,39,4,4,40,40,40,40,40,41,41,41,41,42,42,42,42,43,43,43,43,5,5,5
صفحهٔ 2,2,28,28,28,29,29,29,30,30,31,31,31,32,32,32,33,33,33,34,34,34,35,35,35,36,36,36,37,37,37,38,38,38,39,39,39,4,40,40,40,41,41,42,42,43,43,43,5
صنایع 34
صنعت 43,43,43,43
صنعتی 43
صوتی 19,19,19,19,19,19,19,19,19
صورت 10,10,10,19,19,19,19,28,29,30,30,30,30,31,32,33,34,35,36,37,38,39,40,40,41,42,43,5,5
صورتی 19,5
ضروری 37
ضعیف 19
ضیاء 37,37
طبیعت 30,37,37
طبیعی 30,37,39
طراحی 43,5
طریق 41
طوفان 30,30,30
طولانی 19,5
طولی 34,43
ظاهر 30,30,30
ظاهری 10
ظرفیت 39
ظهور 30
عابد 37
عادی 37
عارضه 5,5
عاقل 37
عبارت 10,19,19,28,29,30,31,32,33,34,35,36,37,37,38,39,40,41,42,43
عبارتند 10,10,5
عبارتی 33
عباس 37
عبدالجواد 37
عبدالحسین 37,37,37,37,37,37,37,37
عبدالرسول 37
عبدالله 37
عبدلله 37,37
عرضهای 30,30
عظیم 30
علائم 5
علامت 35,35,35,35,35,39
علامتی 27,28,29,30,31,32,33,34,35,36,37,38,39,40,41,42
علاوه 19,28,5
علمی 29,37,37
علوم 30,30,30,30,30,30,34,37
علّی 10
علیت 10
عمدتاً 37
عمده 10
عملکرد 30
عملیات 10
عموماً 40
عمومی 34,5
عمیقاً 10
عناصر 10,10,4
عنصر 10,10,10
عنوان 10,10,10,10,10,10,19,19,19,28,30,30,30,30,34,34,37
عوامل 19
عینی 10,10,10,10,37
غروی 37
غفلت 37
غواصان 5,5
غواصی 5,5,5,5,5,5,5,5,5,5,5
غیرانتفاعی 27,28,29,30,31,32,33,34,35,36,37,38,39,40,41,42
غیرعادی 10
فاصله 19
فاصلهٔ 4
فدایی 37
فراصوتی 19,5,5
فرانسوی 37
فراهم 37,5
فراوانی 30
فرایند 10,10,37
فرایندهای 19
فرستادن 30
فرضیاتی 4
فروریختن 10,10,10,10,10,10,10,10,10
فروصوتی 19
فروغ 30,30
فرومغناطیس 39,39,39,39,39
فرومغناطیسی 39,39
فرکانس 19
فرکانسشان 19
فرکانسهای 19,19
فریدریش 37
فشار 19,29,29,29,41,5,5,5,5,5,5,5,5,5,5,5,5,5,5,5,5,5,5,5,5,5,5,5
فشاربالا 29
فشارهای 29
فشاری 5,5
فضائی 5
فضای 10,19,30
فضایی 10,30
فعالیت 30,34
فلسفه 37,37,37,37,37,37,37,37,37,37,37,37,37,37,37,37,37,37,37,37
فلسفهٔ 10,37,37
فلسفی 37,37,37
فناوری 43,43,43
فناوریهای 43
فهمی 35
فوریهٔ 36
فولیکه 37
فکری 19
فیزیولوژی 5
فیزیولوژیکی 19,19,5
فیزیک 27,28,30,30,30,30,30,30,30,30,30,30,30,30,30,30,30,30,30,30,31,32,32,33,33,34,34,34,34,34,34,34,34,34,35,36,36,36,37,38,38,38,38,39,40,41
فیزیک_بسپار 28
فیزیک_فشاربالا 29
فیزیک_فضا 30
فیزیک_مواد 31
فیزیک_مولکولی 32
فیزیک_کلاسیک 33
فیزیکدان 34,34
فیزیکدانهای 10
فیزیکدانهایی 10
فیزیکی 10,10,10,10,10,10,10,10,10,10,10,19,28,33,35,35,35,38,38,4,5
فیلسوفان 37,37,37,37,37,37,37,37,37
فیلم 37
قائل 37
قابل 1,19,28,28,29,29,30,30,31,32,33,34,35,35,35,36,36,37,37,38,39,39,4,40,41,41,42,42,43,5,5
قابلیت 5
قادر 19,19,41,5,5
قاطعی 10
قاعده 43
قالب 39
قانون 10,39
قبول 10
قبیل 38
قراداد 35
قرار 10,10,10,19,19,30,30,30,30,37,37,39,4,5,5,5,5
قرارداد 35
قرارداد_علامت 35
قراردادی 19
قرارگیری 40
قرون 37,37,37,37
قضیه_وفا–ویتن 36
قضیهٔ 10
قطبی 30,30,39
قطعی 10
قطعیت 10,40
ققنوس 37,37,37,37,37,37,37,37
قوانین 10,38,38,4,43,5
لازم 19,29,34,34
لانگشاو 37
لحاظ 30,43
لحظه 19
لرنز 39,39
لطفاً 35,37
لطفی 37
لهستانی 37
مؤثر 28,30
مؤثرند 19,19
مؤلفان 10
مابعدالطبیعه 37,37
مابعدالطبیعهٔ 37,37,37
مابعدالطبیعی 37,37,37,37,37,37,37,37
مابین 10
ماده 27,28,30,31,31,31,32,34,37,39,39,39,39,39,39,39,39,39,39,39,39,41,41,43
مادی 19,34,37
مارس 28,29,30,32,42
مانع 19
مانند 10,19,30,30,30,31,31,36,38,38,38,39,39,39,39,4,41,41,43,5,5
مانوی 37
ماهیت 30,37
ماکروسکوپی 41,41,41
ماکسول 41
مایع 5
مایعی 1
مباحث 37,37,41
مبتنی 43
مبحث 33,33,41
متأثر 10
متافیزیسین 37,37
متافیزیک 37,37,37,37,37,37
متجسم 37
متحرک 30
متریک 35
متصل 1,28,29,30,31,32,33,34,35,36,37,38,39,40,41,42,43,5
متعاقباً 37
متعدد 10,10,10,10
متعلق 27,28,29,30,31,32,33,34,35,36,37,38,39,40,41,42
متغیر 10,10,41
متغیرهای 10,41
متفاوت 10,19,5
متقارن 10,10,10
متناقض 37
متوسط 30
متوقف 43
مثال 19,30,30,37
مثبت 35,35,37,37,37,39
مثلاً 10,41
مجدد 10
مجله 34,34
مجموع 19
مجموعهٔ 10
محاسبات 10,41,5
محاسباتی 37
محاسبه 19,38,41,43,5,5,5
محتوای 28,29,30,31,32,33,34,35,36,37,38,39,4,40,41,42,43,5
محتویات 28,29,30,31,32,33,34,35,36,37,38,39,4,40,41,42,43,5
محدود 30,38,38
محدودیت 5
محراب 37
محرک 39
محسوب 10,28
محفظه 5,5,5,5,5
محققان 5,5
محلول 5,5
محلی 37,37,37,39,39,39
محمد 37,37,37,37,37,37
محمدباقر 37
محمدحسین 37,37
محمدرضا 37,37
محکم 30
محیط 19,30,5,5,5,5,5,5
مخابراتی 30
مخالف 39
مخالفت 39
مختصات 40,40
مختصه 35
مختلف 10,19,30,30,30,30,30,31,34,5
مختلفی 5,5
مخزن 1,28,29,30,31,32,33,34,35,36,37,38,39,40,41,42,43,5
مدرج 5
مدلهای 38
مدلهای_ریاضیاتی_در_فیزیک 38
مدیون 41
مربوط 10,10,19,30,34,35,35,37,4,41
مربوطند 10
مربوطه 30
مرتعش 19,19
مرجع 39
مرور 43
مزایا 30
مزدکی 37
مزیت 30
مسئلهٔ 10,10,37
مسائل 37
مسافت 19,19
مسافتی 19
مستثنی 30
مستقل 35
مستقلی 10
مستقیم 30,37
مستند 27,34,41
مستندات 41
مسره 37
مسیحی 37
مسیری 19
مشابه 10,10,37,37,39,39,39
مشابهتهایی 10
مشاهدات 30
مشاهده 10,28,30,30,30,31,32,34,37,37,37,37,37,37,37,37,37,41,41,43,5
مشترک 19
مشتق 41
مشخص 19,19,19
مشخصات 5
مشهور 37,37,37,37
مشکل 19,19
مشکلات 43
مصباح 37
مصرف 43
مطالب 34,35,37
مطالعه 30,30,30,30,30,42
مطالعهٔ 28,29,37,37
مطرح 19,34,37,41
مطلق 37,5
معادل 33,5
معادلات 10,38
معادلهٔ 10
معاصر 37,37
معایب 30
معبد 19
معتبر 34
معرفی 10
معروف 30,30
معمول 19
معمولاً 10,19,29,30,34,34,38
معنا 37,37,37
معناست 5
معنای 37
معنایی 10,37
معنی 10,10
معین 19,28
مغناطش 39
مغناطیس 39,39,39,39,39,39,39,39,39,39,39,39,39,39,39
مغناطیسی 30,30,30,30,39,39,39,39,39,39,39,39,39,39,39,39,39,39,39,39,39,39,39,39,39,39,39,39,39,39,39,39
مفاهیم 10
مفهوم 33,37
مفید 30
مقابل 19
مقادیر 41
مقاطع 34
مقالات 43
مقاله 10,37,37,37,39,39,41
مقالهٔ 10,10,10,10
مقدار 10,19,41,5
مقدور 40
مقرون 43
مقوای 19
مقیاس 42,43,43,43
ممان 39,39,39,39
ممکن 10,19,35,5,5,5,5
منابع 34,35
مناسب 10,19
مناطق 30,30
منبع 19,19,19,19,19,19,35,41
منتقد 37,37,37
منجر 5
منحنی 19
منصور 37
منطق 10,10,10
منطقه 30
منظم 19
منظور 5
منعکس 19,5
منفرد 41
منفی 19,35,35,39
مهدوی 37
مهدی 37
مهم 32
مهمی 37,43
مهندسی 38
مواد 29,30,31,31,39,39,39,39,39,39,39,39
موادی 39
موارد 30,38
مواردی 30
موازی 39,39
مواقع 38
موانع 19,19
موتور 19
موجب 30,35
موجهای 19
موجود 30,30,37,39,5,5,5
موجی 10,10,10,10
مورد 19,28,29,30,30,30,30,37,37,4,41,5,5,5,5,5
موسوم 43
موسیقایی 19,19
موضع 40
موضوع 31,35,39,5
موفقیت 34
موقعیت 39
موقعیت_ 40
مولکولهای 41
مولکولی 27,28,30,31,31,32,32,32,32,32,32,34,34,41,43
مکان 10,40,40
مکانی 10,10,10,10
مکانیزم 10
مکانیک 10,10,10,10,10,10,10,10,10,10,31,41,41,41,41
مکانیک_آماری 41
مکانیکی 10
مکرری 5
مکمل 10
میان 19,19,30
میدان 30,36,36,39,39,39,39,39,39,39,39,39,39,39,39,39,39,39,39,39,39,39,39,39,39,4
میدانی 39
میزان 43,5,5,5,5
میلاد 39,39
میلادی 34
میلیون 29
میکرو 19
میکروسکوپی 39,41,42
میکروفیزیک 42
نابود 1
ناخواسته 19,19
نادیده 10
نازک 19
ناسازگاریهای 10
ناشی 10,10,19,39
ناقص 30,30
نامدار 34
نامزد 41,41,41
نامغناطیس 39
ناموازی 39
نامیده 19
نانو 43,43,43,43,43,43,43,43
نانو_الکترونیک 43
نانوالکترونیک 43,43,43,43
نانوالکترویک 43
نانوفناوری 43
ناهمسو 39
ناپذیر 37
ناگسستنی 30
ناگهانی 30,30,39
نبود 39
نبودش 37
نتیجه 10,19,39,43,43,5
نتیجهٔ 10,10
نجوم 30
نخست 37
نخستین 37,39,39,39,39,39,39,5
نخواهد 19
نخواهیم 37
نداریم 39
ندرت 5
نزدیک 39
نزدیکی 32,39
نسبت 10,10,10,10,10,10,19,19,19,39,5
نسبی 10,10,5
نسبیت 28,30,31,32,34,35,38,41
نسخه 1,10,28,29,30,31,32,33,34,35,36,37,38,39,40,41,42,43,5
نشان 10,10,30,36,39,39,39,40,5
نشانه 5
نشانی 1,2,2,28,29,30,31,31,32,32,33,34,35,36,37,38,38,39,39,40,40,41,42,43
نشوند 39
نصیر 37
نظامی 5
نظری 30,34,36
نظریه 10,10,10,10,10,30,33,34,35,35
نظریهٔ 10,10,10,10,10,10,38
نظریۀ 33,33
نظیر 41
نقطه 19,19,19
نقطهٔ 10
نقیب 37
نقیضشان 37
نمایان 5
نماید 41,5
نمایش 38
نمودن 5
نمونه 39
نهاده 43
نواختن 19
نوار 1,28,29,30,31,32,33,34,35,36,37,38,39,40,41,42,43
نوازنده 19
نوامبر 30,38,41
نواک 19
نورالدین 37
نورث 37,37
نوزدهم 34
نوسان 19
نوسانی 19
نوشتار 35
نوظهوری 43
نوعی 10,30,39
نوفه 19,19,19,19
نوپدید 37
نویسندگان 35
نویمن 10,10,10,10
نوین 5
نکات 37
نکام 39
نکته 5
نگهداری 39
نیاز 10,37,38,5
نیازمند 37,37,37,37
نیتروژن 5,5,5,5
نیرو 31,39
نیروی 39,39,39,39,5,5
نیست 10,10,19,19,2,28,29,30,30,31,32,33,34,35,36,37,38,39,4,40,41,42,43
نیمه 5,5,5
نیمی 5
هالینگ 37,37,37,37,37,37,37,37
هرتز 19
هرقدر 19
هرچند 2,28,29,30,31,32,33,34,35,36,37,38,39,40,41,42,43
هرچه 19,19,19,19
هرکدام 10
هرگاه 10,39
هرگونه 10
هزار 29,39
هزینه 43
هستند 10,19,28,30,34,37,37,37,37,37,38
هسته 39,39,39
هستی 10,34,37
هفدهم 34
همان 10,19,19,40,43
همانند 39,41
همبستگی 10
همدیگر 39,39,39,39,39,39
همراه 10,10,27,27,34,34,34,41,41,41,5
همزمان 40
همسو 39,39,39,39
همهٔ 1,10,10,2,28,28,29,29,30,30,31,31,32,32,33,33,34,34,35,35,36,36,37,37,38,38,38,39,39,39,40,40,41,41,42,42,43,43
همواره 30,38
همپوشانی 32
همچنان 39,39
همچنین 10,10,29,34,39,39
همچون 37,37
همین 19,19,2,28,29,30,30,31,32,33,34,35,36,37,38,39,39,40,41,42,43
هندو 37
هندی 37,39
هنوز 35
هنگام 19,5,5
هنگامی 39,39,39,5,5
هواشناسی 30
هواپیمای 19
هوشیاری 10,10,10,10,10,10,10
هیوْ 10
هیپواستاتیک 37
وابسته 10,39,43
واحد 19,19,39,39
وادار 30
وارد 1,2,2,2,28,28,28,29,29,29,30,30,30,31,31,31,32,32,32,33,33,33,34,34,34,34,35,35,35,36,36,36,37,37,37,38,38,38,39,39,39,40,40,40,41,41,41,42,42,42,43,43,43
واردشود 19
وارونگی 10
واضع 34
واقع 43,43
واقعگرایی 37
واقعی 10,38,38
واقعیت 10,10,10,10,10,37,37,39
واهمدوسانه 10
واهمدوسی 10
واژگان 34,34,40,40,5
وجود 10,10,10,10,10,10,10,10,10,10,10,10,19,27,27,28,28,28,30,30,30,30,30,30,31,31,32,32,33,34,34,37,37,37,37,37,37,37,37,37,37,37,37,37,37,37,37,37,37,37,37,37,37,37,37,37,37,37,37,37,37,37,37,37,37,37,37,37,37,37,37,37,37,37,37,37,37,37,37,37,37,37,37,37,37,37,37,37,37,37,37,37,37,37,37,37,37,37,37,37,37,37,37,37,37,37,39,39,39,39,39,39,39,39,39,39,39,39,39,39,39,39,39,39,39,39,39,39,39,39,39,39,39,39,39,39,39,41,41,41,41,41,41,41,41,41,43,43,43,43,5,5,5
وجودی 37
وحید 37
وراء 37
ورید 5,5
وسایل 43
وسیله 30
وسیلهٔ 10,39
وضعیت 10,19
وضوح 19
وقتی 19
وموارد 19
ویتنامی 37
ویرایش 27,28,28,29,30,30,31,31,32,32,33,34,34,35,36,37,37,37,37,37,37,37,37,37,38,39,39,40,41,41,41,42,43
ویلارد 41,41
ویلهلم 37,37
ویژه 1,10,28,29,30,31,32,33,34,35,36,37,38,39,40,41,42,43
ویژگی 10,10,10,10,37,39,39,39,39,39
ویکی 2,28,29,30,31,32,33,34,35,36,37,38,39,40,41,42,43
ویگنر 10
پاتس 41
پادفرومغناطیس 39
پارادوکس 10
پارامغناطیس 39,39
پاسخ 39,39
پاسخی 39
پالایش 38
پاکستانی 37
پایان 5
پایدار 1,28,29,30,31,32,33,34,35,36,37,38,39,39,40,41,42,43,5
پایه 37,37,39,39
پایین 19
پتانسیل 4,4
پدیدار 19,39,39
پدیده 19,39
پذیرفتاری 39
پرفشار 5,5
پزشک 39
پزشکی 39,5,5
پساتحلیلی 37
پلاسمای 30
پلرین 39,39
پلیمر 28,28
پلیمرهای 28
پنهان 10,10
پورحسن 37
پوشش 10
پژواک 19,19,19
پژوهش 34,37,39
پژوهشگر 30
پژوهشگران 10,5
پیدایش 33
پیرامون 1,2,2,28,28,28,29,29,29,30,30,30,31,31,31,32,32,32,33,33,33,34,34,34,35,35,35,36,36,36,37,37,37,38,38,38,39,39,39,4,40,40,40,41,41,41,42,42,42,43,43,43,5
پیرسینگ 37
پیشامدرن 37
پیشبرد 43
پیشرفت 30,30,43
پیشرفتش 39
پیشنهاد 10,10,39
پیشگویی 30
پیشین 28,29,30,31,32,33,34,35,36,37,38,39,40,41,42,43,5,5
پیشینه 39
پیوند 2,28,28,29,29,30,30,30,31,31,31,32,32,32,33,33,34,34,34,35,35,36,36,37,37,37,37,37,37,38,38,38,39,39,39,39,39,39,40,40,40,40,41,41,41,42,42,43,43,5
پیوندهای 28,29,30,31,32,33,34,35,36,37,38,39,4,41,42,43,5
پیچیده 28,30,38
پیچیدهٔ 19
پیکربندی 10
پیگیری 39
چالش 35
چاندرا 37,37
چرخش 39,39
چشمه 30
چمران 37
چندگانه 10
چندین 39
چهار 19
چهارم 39
چهره 34
چگونگی 10,28,29,30,31,32,33,34,35,36,37,38,39,40,41,42,43,5
چیرگی 39
چیزی 10,37,39
چیستی 37,37,37,37
چینی 39,39
ژانویهٔ 34
ژوئیهٔ 29,31,32
ژیرومغناطیس 39
کارآمد 43
کاربرد 39,43
کاربردهایی 10
کاربردی 43,5
کاربری 2,2,28,28,29,29,30,30,31,31,31,32,32,33,33,34,34,35,35,36,36,37,37,38,38,39,39,40,40,41,41,42,42,43,43
کارشناسی 34,34
کارل 4
کاسته 19
کاظم 37
کامل 10,10,10,10,19,19,37,4
کاملاً 30
کامپیوتر 38
کامپیوترهای 5
کانادا 39
کانت 37
کاهش 10,39,39,43,5,5,5,5
کایگرمولر 30
کتابخانه 34,41
کدام 30,30
کربن 29
کربنی 43
کردن 1,19,19,28,29,30,31,32,33,34,35,35,36,37,38,39,40,41,42,43,43
کردند 10,10,10
کرده 39,39,43
کرمانی 37
کریستین 39
کریم 37
کسانی 39
کشید 37
کشیده 35
کلاسیک 10,33,33,33,37,38
کلاسیکی 41
کلان 39
کلرک 41,41
کلیفتون 10
کلیۀ 33
کمتر 19,19,19
کمتری 43,5
کمربندهای 30,30
کمیت 5
کمیتی 10,19
کنار 39
کناری 28,29,30,31,32,33,34,35,36,37,37,38,39,40,41,42,43
کنترل 34,41,43,5
کنتورهایی 30
کنند 39
کنون 10
کنونی 10
کنید 19
کنیم 35,39,4
کواتنوم 10
کوانتم 39
کوانتومی 10,10,10,10,10,10,10,10,10,10,10,10,10,10,10,33
کوتاه 19,5
کوتاهتر 19
کوتاهی 19
کولمب 39
کوچک 39
کوچکتر 42,43,43
کوچکی 5
کُنه 37
کپنهاکی 10
کیفی 10,10
کیفیت 37,37
کیهانی 30
گازهای 30,41,5,5
گاهی 30,39,5
گذردهی 39
گذشته 10,10,43,5
گرانش 34
گرایی 37,37
گردیدند 5
گردیده 5,5
گرفت 5
گرفتار 10
گرفتاری 10
گرفتن 10,5,5
گرفته 10,19,34
گرمایی 39
گروه 30
گرچه 2,28,29,30,31,32,33,34,35,36,37,38,39,40,41,42,43
گزارش 5
گسترده 34
گستردگی 34
گسترش 39
گسترهٔ 29
گفته 10,19,31,33,39
گفتهٔ 10
گفتگو 39
گفتگوی 37
گلبرگی 39
گوستاو 37
گوشمان 19
گوناگون 32,34,35
گوناگونی 30
گونه 35,37,37,39
گویندکه 19
گویی 41
گیبس 41
گیری 40
یابد 5
یادکرد 28,29,30,31,32,33,34,35,35,36,37,38,39,40,41,42,43,5
یازده 30
یازدهم 34
یافت 10
یافتند 5
یافته 5
یحیی 37,37,37,37
یعنی 19,37,43
یمنی 39
یوزف 37
یونان 37,37,37,37
یوهان 5
یکاهای 39
یکتایی 10
یکدیگر 19,19,30
یکسان 41
