آبراهام 48
آبگریز 45,45
آرام 1
آرسنیدکادمیوم 44
آروماتیک 43
آزمایش 10,48,48
آزمایشهایی 10
آزمایشی 48
آزمون 5
آزمونهای 5
آسیب 45,45
آشکار 5
آشکارساز 44,44,44,44
آشکارسازهای 44,44,44
آشکارسازی 44
آشکاری 1
آغاز 43
آلبرت 48
آلودگی 44,44,44,44,44,44
آماری 10,10,10,48
آمدن 44,48,48
آمده 45,5
آمریکایی 45
آمفی 19
آموزشی 45,5
آمپلی 19
آمیختن 48
آنالیز 20
آنان 48
آنتونیو 48
آنجا 10,48
آنجایی 44
آنزیم 44
آنزیمی 45
آنچه 47
آنگاه 43
آهسته 5
آهنگسازان 45
آوایی 19
آورد 43,48
آوردن 48,48,48
آورده 48
آورند 48
آکنده 48
آکوستیک 19,19,19,19
آکوستیکی 19,19
آگاه 47
آیتم 2,20,44,45,46,47,48
آینده 10,43,43,44,45
آیندهٔ 45
آینه 48,48
ابتدا 43,45
ابتدائی 5
ابتدایی 43
ابداع 45
ابررسانایی 43
ابرمحاسباتی 43
ابزار 43,44,44,44
ابزارهای 43,44,45,45
ابزارهایی 44,44,45
ابعاد 43,43,43,43,44,44,44,45
ابعادشان 44,45
ابعادِ 45
اتاق 44,44,44,44,5
اتصالات 43,43
اتفاق 45,5
اتمام 5
اتمی 19,48,48
اتومبیل 44
اتیلن 44
اثبات 47
اثرات 19,45
اجازه 10,5,5
اجباری 11,20,44,45,46,47,48
اجتماعات 19
اجتماعی 45
اجرا 44
اجزا 45
اجزاء 5
اجزای 44
اجسام 47,48
اجسامی 48,48
اجماع 47
احتمال 10,10,43
احتمالات 10
احتمالاً 48,5
احتمالی 48
احتیاج 44,44,44
احساس 43,44,44
اختراع 44
اختصاصی 44,5
اختیاری 11,20,44,45,46,47,48
اخیر 11,11,20,20,44,44,44,44,45,45,46,46,47,47,48,48,5
اداره 5
ادامه 43
ادعا 10,10
ادغام 5
ادوات 43,44
ارائه 10,10
ارابه 47
ارتباط 20,44,44,44
ارتباطات 45,45
ارتباطی 43
ارتعاش 48
ارتفاعات 5,5
ارجاع 46,46,46,47,47
ارزش 5
اریک 45
ازای 4,44
ازخود 44
ازسیلیکون 43
ازنانو 44
ازنانوساختار 43
اساس 10,10,19,20,43,43,48,5,5
اساسی 44,45,45,45,45,5
استاندارد 19,48,5
استحصال 43
استحکام 43
استدیو 19
استفاده 19,19,2,20,43,43,43,43,43,44,44,44,44,44,44,44,44,44,44,44,44,44,44,44,44,45,45,45,45,45,45,45,45,45,45,45,45,45,45,45,46,47,48,48,48,48,48,5,5,5,5,5,5,5,5
استوارت 48
استودیو 19,19
اسدیان 45
اسفنج 19,19
اسفند 45
اسلامی 19
اسکات 5
اسکالر 46
اشاره 19,19,43,44,45,48
اشباع 5,5,5,5,5,5,5,5,5,5
اشتیاق 43
اشعه 48
اشکال 19
اشکالی 19
اصطلاح 20
اصلاً 43
اصلی 10,11,20,44,44,44,45,46,47,48,48,5
اصول 43
اصولی 48
اضافه 44
اضافی 44
اطراف 48,5
اطرافِ 45
اطلاعات 10,11,20,43,43,44,44,44,44,44,45,45,45,45,45,46,47,48
اطمینان 43,44,5
اظهار 48
اعتقاد 10,10
اعصاب 45
اعلام 47,47
اعماق 5
اعمال 10,2,20
اغلب 43,44
افتاد 43
افراد 10,45,45
افزایش 19,2,2,43,43,43,43,44,44,45,45,45,45
افزایشِ 45,45
افزون 46
افلاطون 47
اقتصادی 43,43,43
البته 43,43
التیام 45
الطيفي 20
الکترو 48,48
الکتروشیمیایی 20,20,20
الکترومغناطیس 48
الکترومغناطیسی 48,48,48,48,48
الکترون 43,43
الکترونی 43
الکترونیک 43,43,43,43,43,43,43,43,43,43,43,43,43,43,43,44,44
الکترونیکی 43,43,44,44,44,44
الکتریکی 20,4,4,4,4,4,4,44,44,44,44,44,44,44,44,45,48
الکتریکیِ 45
الگو 10,10,19,19,44,44,44,44,45,45,45,45,45,45,45,45,47,48,48
الگوهای 48
الگوی 10,45,45,48
امتداد 48
امروز 43,45,48
امروزه 44,44,45,48
امروزی 43,44
امری 43
امنیت 44,44
امواج 10,19,19,19,44,45,45,48,48,48
امورِ 45,45
امّا 48
امپدانس 20,20,20,20,20
امکان 1,11,20,43,43,44,44,45,46,47,48
امیدهای 45
امیدوارند 45
انبار 19
انتخاب 10,19,5
انتشار 19,19,44,44,44,44,48,5
انتشارات 19
انتظار 44,44,44
انتقال 19,43,44,45,45
انتقالِ 45
انتگرال 10,10
انجام 10,11,19,19,20,43,43,43,43,43,44,44,45,45,46,47,48,48,48,5,5
اندازه 45,47,5
اندازهٔ 45
اندیشه 45
انرژی 19,4,4,4,4,44,44,44,44,45,45,45,45,45,45,45,45,45,48,48,48,48,48
انسان 45,48,5
انعکاس 48
انقلابی 43
انواع 19,43,43,44,44,45
انواعِ 45,45
انگلستان 5
انیشتین 10
اهمیت 43,44,45
اوربیتال 43
اوستایی 48,48
اولین 20,20,20,44,44,45,48,5,5
اولیه 43,5,5
اپتیک 45
اکتبر 10
اکسیژن 44
اکولوژیکی 44,45
اگرچه 45
ایالات 5,5,5,5,5
ایجاد 10,19,4,4,43,43,43,43,45,47,48
ایجادشده 4
ایدز 45,45
ایزو 48
ایفا 44
ایمن 5
ایمیونیتی 45
اینجا 48
ایندیوم 45
اینشتین 46,47
اینکه 43,48,5
اینگونه 10,45
بااستفاده 43,48
بااین 45
باتوجه 45
باردار 48
بارهای 4,4
بازار 43,43,43,44,44
بازتاب 48,48
بازرگانی 45
بازشناسی 44,45,45
بازگشت 19,19,19,19,19,5,5
بازی 19,19
باستان 48
باشد 10,10,10,43,43,44,45,45,5
باشند 43,43,43,44,45
باشگاهِ 45
باشیم 4
باطل 48
باعث 10,19,44,45,45,48,5
بافت 5,5,5,5
بافته 43
بافتِ 45
بافتی 45
باقی 44,44,5,5
بالا 10,43,43,43,43,43,44,44,44,44,44,45,5
بالاتر 10,43,5
بالاتری 19
بالایی 43,44,44,44,44
بالینی 45
باور 5
باکتری 44
باید 10,19,43,43,43,44,44,44,44,5,5
بتوان 43,44,44,44,44,44
بتواند 48
بتوانند 44,44,44,44,45,48
بحرانی 5,5,5
بخاطر 43
بخشیدنِ 45
بدان 5
بدانیم 10
بدست 48,48,48,48,48,48,48
بدنة 44
بدون 43,45,46,46,46,46,46,47,47,47,47,5,5
بدونِ 45
بدیهیات 47
برآن 48
برآورد 44
برابر 4,4,4,43,44,44,44,5,5
برابرهای 48
براساس 44
برانس 46,46
برای 10,10,10,10,11,19,19,19,20,20,20,43,43,43,43,43,43,43,43,43,43,43,43,43,43,44,44,44,44,44,44,44,44,44,44,44,44,45,45,45,45,45,45,45,45,45,45,45,45,45,45,46,46,46,46,47,47,47,48,48,48,48,48,48,48,48,5,5,5,5,5,5,5,5,5,5,5,5,5
برایِ 45,45,45,45,45,45,45
برخلاف 48
برخورد 19,19,48,48
برخوردارند 44
برخی 10,10,44,48,48,48,48,5,5
بردار 10,10
برداشت 5
برداشته 44
بردن 43,44,48
بردنِ 45
بررسی 10,20,43,44,44,45,5
برسد 5
برسند 45
برطبق 10,46,47
برقرار 43
برنامه 5,5
برهمکنش 10,46
بروز 45,5,5,5
برگرفته 48,48,48
برگزاری 45
برگشت 48,48,48
بزرگتر 45
بزرگی 44
بسازید 1,11,20,44,45,46,47,48
بسامد 48
بسامدهای 19
بسته 19,19
بستگی 10
بسیار 43,44,44,44,44,44,44,44,44,44,44,44,44,44,45,45,45,45,45,5,5
بسیاربالا 44
بسیارسبک 44
بسیارکوچکی 44
بسیاری 10,45,48,48,48
بشرساخت 44
بشوند 48,48
بصری 45
بصورت 48,48
بعدی 19,43,48
بلافاصله 5,5
بلندتر 48,48
بلندگو 19
بلورهای 44,44
بلوغ 43
بلوچی 48
بلکه 46
بماند 44
بمباران 45
بنابراین 44,45,48
بنابرین 48
بنای 47
بندی 44
بنزن 43,43,44
بنفش 48
بنیادی 43
به 43,45
بهبود 19,43,44,45,45
بهتر 43
بهداشتی 45
بهره 19,44,45
بهینه 44
بودن 10,19,43,44,45,48,48
بودند 20
بوده 19,19,43,43,43,44,45,45,48,5
بوهر 10
بُرد 48
بپیماید 48
بکار 20,43,5
بکارگیری 19,19
بگذارند 19
بگیرند 44
بیان 4,47,47
بیانی 19
بیرونی 43
بیستم 44,44,48
بیش 48,48,5
بیشتر 10,10,10,11,19,19,2,20,43,43,43,43,43,44,44,44,44,45,45,45,46,46,47,47,48,48
بیشتری 43,43,5
بیشینه 47
بیضی 19
بیفتد 44
بیمار 45
بیماران 45
بیماری 5,5,5
بیماریِ 45,45
بینهایتی 47
بیوحسگر 44
بیوشیمی 44
بیوشیمیائی 44
بیوشیمیایی 44
بیولوژی 44
بیولوژیکی 44
تأثیر 44
تأثیرِ 45
تأسیسات 19,45
تأمل 43
تئاتر 19
تئوری 48,48,48
تابش 48,48,48,48,48
تابشی 48,48
تابع 10,10,10,10,10,10,10
تابعی 10,4
تاخیردار 10,10
تاریخ 10,10
تاریخهای 10,10,10
تاریخچه 10
تاریخچهٔ 10,10
تاریک 48,48
تازگی 45
تافته 43
تبخیر 43
تبدیل 10,44,44,44,45,48
تجاری 10,19,43,43,43,44,45,46,47
تجاوز 5
تجربی 10,10,10,48,5,5,5
تجهیزات 44
تحرک 2
تحریک 45,45
تحقق 45
تحقیق 19,43,44,45
تحقیقات 43,43,44,44
تحقیقاتی 10
تحول 45
تحولات 44,44
تخصصی 43
تخصصیِ 45,45
تخلیه 48
تداخل 48
ترابیت 43
تراتزیستور 43
تراشه 44
ترافیک 45
ترانزیستور 43,43,43,43
تراکم 5,5,5,5,5
تراکنش 10
تراکنشی 10,10
ترتیب 45
تردید 45
ترکیب 44,45,45,48
ترکیبات 43,45,45,45
ترکیباتی 43
تزریق 45,45,45
تشخیص 44,45,45
تشخیصِ 45
تشخیصی 44
تشریح 48,48
تشعشع 44,48
تشعشعات 44
تشکیل 43,43,45,48,48,48,48,5
تصادفی 10,11,20,44,45,46,47,48
تصاویر 11,2,20,44,45,46,47,48
تصور 4,45,48,48
تصوّر 48
تصویب 5
تصویربرداری 45
تعابیر 10,10,10,10,10,10,10,10,10
تعاریف 48
تعبیر 10,10,10,10,10,10,10,10,10,10,10,10,10,10,10,10,10,10
تعبیرکننده 10,10
تعبیری 10,10
تعبیه 19,48
تعداد 44,44,44,48
تعدادی 5
تعریف 10,10,44,45,45,48
تعلق 45
تعمیر 45
تعمیرات 44,45,45,5
تعمیم 10
تعیین 20,43,5
تغییر 19,44,45,46
تغییرات 10,10,11,20,43,44,44,44,45,46,47,48
تغییراتی 10,45
تغییرمسیر 48
تغییرِ 45
تفاوت 43
تفریحی 5,5
تفسیر 10,20
تفکیک 44
تقریبی 48
تقسیم 19,44,44
تقویت 19
تلاش 10,10,45,48,48,48
تلفات 43
تلفن 10,19,43,44,45,46,47
تلقی 44
تماس 44
تمام 19,4,44,48
تمایز 10
تمایل 5
تناسب 44
تناسلی 45
تناظر 10
تنجش 1
تنسوری 46
تنفس 5
تنفسی 5
تنها 10,45,45,45,5
تنهایی 19
تهیه 44,45,5
توان 44,44,44,45
توانست 48
توجه 19,19,19,19,43,43,44,45,45,45,48
توجیه 48,48
توزیع 44
توسط 19,19,19,4,43,44,45,45,45,45,45,5,5,5,5,5
توسعه 10,20,44,44,5,5,5,5
توسل 47
توصیف 10,10,48
توضیح 45,46,48,48,48
توقف 5,5,5,5,5
تولید 43,43,43,44,44,44,45,48,48,5
تونل 43,43
تونلزنی_کوانتومی 11
تونلی 45,45
تکثیر 43
تکرار 5,5
تکرارشوندهٔ 45
تکرارپذیری 44
تکمیل 10
تکنولوژی 43
تکیه 44
ثابت 44,45,46,47,47
ثانوی 48
ثانیآ 19
ثانیه 44,44,48,48,48
ثبات 45
جاذب 19,19,19,19,19
جاری 44
جامد 43
جامع 43,44
جامعی 48
جاهایی 19
جایگزین 10,43,43,46,5
جایگزینی 43
جداسازی 10
جداول 5,5,5
جدول 10,5,5,5,5,5,5,5,5,5,5,5,5
جدولهائی 5
جدولهای 5
جدید 43,43,43,43,44,44,48,48,5
جدیدی 43,43,45,5
جذبِ 45
جراحی 45
جریان 43,43,43,43,43
جزئیات 10,19,43,44,45,46,47
جستارهای 19,43,44,45
جسمی 44,5
جلوگیری 19,19,19,19,19
جمله 19,19,43,43,43,43,43,44,5
جمهوری 48
جنسِ 45
جنسی 47
جنگی 44,44
جهات 48
جهانِ 45
جهانی 45,45
جهانیِ 45
جواد 19
جوان 43,45
جونیور 45
جیمز 48
حاضر 45
حافظه 43,43,43
حالت 10,10,10,10,10,10,10,10,11,19,19,4,44,45,48,5,5
حالِ 45
حالی 10
حالیکه 48
حامل 19,45
حامی 43
حاوی 48
حباب 1,5
حبابهائی 5
حداکثر 5
حدود 20,43,43,44,44,48,48
حدوداً 43
حرکت 19,19,43,44,45,48,48
حساب 1,11,11,11,20,20,44,44,44,45,45,46,46,46,47,47,47,48,48
حساسی 44,44
حساسیت 44,44,44,44,48
حسگر 44,44,44,44,44,44,44,44,44,44,44,44,45,45
حسگرایده 44
حسگرشیمیایی 44
حسگرمورد 44
حسگرهای 44,44,44,44,44,44,44,44,44,44,44,44,44
حسگرهایِ 45
حسگرهایی 44,44,44,44,44,44,44
حضور 44
حقایق 48
حقیقت 10,10
حقیقی 10,10
حلالیت 45
حیات 45
حیاتی 5
حیوان 5
حیوانی 5,5
خارج 19,19,44,44,44,5
خارجی 45
خاصی 45,45,45,45
خاصیت 19,43,43,43,45
خاطر 48
خاطرکوچکی 44
خالی 43,43,48
خانگی 45
خروجِ 45
خروجی 44,44
خرید 44
خصوص 11,2,20,43,44,45,46,47,48
خصوصیات 44,44
خطرات 44
خفیف 44
خلاء 48
خلاصه 10,5
خلافِ 45
خلال 44
خواص 44,48,48
خواصی 45
خواهد 4,43,44
خواهند 44,44,45,45,5
خواهیم 4,44
خوبی 10,10,43,43,47,48
خودش 10
خوراک 45,45
خورشید 19
داخلشان 48
داخلی 44,44,45
دادن 19
داده 10,2,20,44,45,45,45,46,47,48,5,5
دارا 45
دارای 10,10,10,10,10,11,11,19,19,19,19,20,4,43,43,43,43,43,43,44,44,45,45,45,48,48,48,48,48,48,5
دارد 10,11,19,2,20,43,43,43,44,45,45,45,46,47,48,48,48,48
دارند 10,19,44,45,45
دارو 45,45,45,45,45,45
داروهای 45,45
داروهایِ 45
داروی 45
دارویی 45,45,45,45,45
داشت 19,44,48
داشتن 44,48,5
داشته 10,10,19,4,44,44,44,45,5
دامنهٔ 10
دانست 10,44
دانش 19
دانشمند 45
دانشمندان 44,45,45,48,5
دانشنامهٔ 11,2,20,20,4,44,44,45,45,46,46,47,47,48,48
دانشگاه 45
دانشی 43
دانمارکی 48
دخیل 5
درابزار 44
درابعاد 43
دراز 48
درازمدت 43
درباره 45
دربارهٔ 10,10,11,19,2,20,44,44,44,45,45,45,45,45,45,45,46,47,47,48,48,48,48,48,48
درتولید 44,44,44
درجه 44
درجهٔ 44
درحالی 44
درحد 44
درخلال 44
درخود 44
دردماهای 44
دردمای 44
دررنگ 44
درزمینهٔ 44
درستی 10
درصورتی 44
درمان 45,45,45,45
درمانِ 45,45,45,45
درمانی 45
درمجاورت 44
درمحیط 44
درهوا 44
درون 43,45,48
درکاربردهای 44
درکسلر 45
درکِ 45
درگیر 10
دریا 5
دریائی 5,5
دریافت 19,19,48
دریافتند 5
دریایی 5,5,5,5,5,5,5,5
دسامبر 19,43,44
دسترس 10,19,43,43,43,44,45,46,47
دسته 19,44
دستهٔ 44,45
دستورهای 45
دستگاه 47,47,47
دستیابی 43,43
دعوت 11,20,44,45,46,47,48
دفاتر 19
دقیق 10,43,44,48
دقیقاً 48
دقیقه 48,5
دقیقِ 45,45
دقیقی 10
دلار 44,44
دلیل 43,44,45,47,48,48
دماسنج 44,44
دماهای 43,43
دمای 43,44,44,44,45
دمایِ 45
دنبال 45
دنیا 44
دنیاهای 10,10
دنیای 44,44,45
دهانه 45
دهند 44,45,45
دهندهٔ 44
دههٔ 44
دوبعدی 19
دوجداره 19
دورتر 48
دورسازی 19
دوست 45,45,45
دولتمردان 43
دوگانه 45,45,45
دویت 10
دکتر 45
دگرگون 45
دیجیتالی 45
دیدریک 48
دیدن 48
دیده 45,45,48,48
دیدگاه 45
دیفیوز 19
دیفیوزر 19,19
دیفیوزرابزوربر 19
دینامیکی 44
دیواره 43,44,44,44,44
دیوارهای 19
دیود 43
دیودهای 44
دیویسون 10
دیکی 46
دیگر 1,10,10,11,19,2,20,20,4,43,43,44,44,45,45,45,46,47,47,48,48,48,48,48,48,48,48,48,48,5,5
دیگری 44,48,48,5
ذاتی 44,44
ذخیره 4,4,43
ذرات 10,11,43,43,44,45,48,48,48,48
ذراتی 44
رااز 43
رابرت 45
راجع 43
راحتی 43,44,44,45
راستاهای 43
راستای 43,43,45
راهبردهایی 43
راهنما 10
راهکار 44
راهی 10
رایانه 45
رایج 43
ربات 44,44
ربطی 43,5
رزونانس 43
رسانا 43
رساناهای 2
رسانایی 43,43,43
رساندن 45,5
رسانش 45
رسانشِ 45,45
رسانی 45
رسیدن 19,45
رسیدند 5,5
رسیده 43,5
رفتار 48,48,48
رفته 5
رقیب 46
رقیق 43
رنگِ 48
روزانهٔ 45
روزمره 44
روشن 48
روشِ 48
رومه 48
روند 4,45
رویداد 10
رویدادهای 11,20,44,45,46,47,48
ریاضی 10
ریاضیات 10
ریزش 10
ریزی 44,45,48
ریشه 43,48,48,48
زاویه 20
زبان 10,10,10,11,19,19,19,20,48,48,48,48,48,48
زدائی 5,5,5,5
زمان 10,10,19,19,20,44,46,47,48,48
زمانی 10,10,44,5,5
زمین 48,48
زمینه 43,44,44,45,45
زمینهٔ 10,44
زنجیری 43
زنده 45
زندگی 44
زورِک 10
زیاد 43,48,5
زیادی 44,44,45,45,45,5,5
زیرا 43,44,44
زیردریایی 5
زیررا 44
زیست 44,44
زیستی 44,44,44,45,45,45,45,45
ساخت 11,20,43,43,43,43,43,43,43,44,44,44,44,44,44,44,45,45,45,46,47,48
ساختار 10,10,19,43,43,43,44
ساختارشان 44
ساختارهایی 45
ساختمان 19,45
ساختن 5
ساخته 19,19,19,19,19,44,44,44,44,44,5
ساده 5
سادگی 45
سازمان 10,19,43,44,45,46,47
سازندگان 43
سازگار 10,10,10
سازگاری 10,10
ساعت 10,19,43,44,45,46,47,5
سالم 45,45
سامانه 1,1,11,11,11,20,20,20,44,44,44,45,45,45,46,46,46,47,47,47,48,48,48
سامانهٔ 44
ساکاروز 45
سایت 19,43
سایر 10,44,48
ستادِ 45
ستارگان 19
ستیزی 47,47
سرامیکی 45
سرشت 48
سرطان 44,45
سرطانی 45,45,45,45,45
سرعت 20,43,43,44,44,44,47,47,48,48,48,48,48,48,48,48,48,48,48,48
سرعتی 48,5
سرنویس 11,45,45
سرواژهٔ 19
سرویکال 45
سریانی 48
سریع 5,5,5,5,5
سریعتر 43
سریعی 44
سطحی 10
سفید 48,48
سلطنتی 45,5
سلول 19,19,19,19,45,45,45
سلولی 45,45
سمینار 45
سمینارِ 45
سنتز 45,45,45
سنتی 45,47
سنسور 45
سوخت 44,44,45
سوختی 44,44,45
سوددهی 43
سورانی 48
سپتامبر 45,46
سکون 48
سیارهٔ 48
سیاسی 47
سیاه 48
سیستم 10,10,10,20,44,44,44
سیلیس 45
سیلیسیم 45
سیلیکون 43,43,43,44
سیلیکونی 43,43,43,43,43,43
سیما 45
سینما 19
سیگنال 44,44
سیگنالهای 44,44,44
شاخه 43,45,45
شاعران 45
شامل 43,44,45,48,5
شاهد 43,43,43,44
شاید 44,44
شبیه 44,5
شتافته 45
شخصی 5
شدند 10
شدگی 43
شدید 48
شرایط 10,44,44,5,5
شروع 43,43,47
شرکتِ 45
شفافیت 19
شماری 10
شناخته 10,10,48,5
شناختِ 45
شناسائی 44,44,44
شناسایی 44,44,44,44,44,44,45
شنوایی 19
شنونده 19
شواهد 10
شوربختانه 48
شوند 19,44,45,45,45
شوید 1,11,11,20,20,44,44,45,45,46,46,47,47,48,48
شکست 48
شکوفایی 43
شکوفه 45
شیار 19,19
شیلینگ 5
شیمایی 45
شیمی 44,45
شیمیایی 20,44,44,44,44,44,44,44,45,45
صحیح 10,44
صداهای 19
صدای 19,19
صرفه 44
صریح 44
صعود 5,5,5,5,5,5
صفجه 2,20,44,45,46,47,48
صفحات 43,43
صفحه 10,11,11,19,2,2,2,20,20,20,20,4,43,43,44,44,44,44,44,44,45,45,45,45,45,45,46,46,46,46,46,46,47,47,47,47,47,48,48,48,48,48
صفحهٔ 1,11,11,2,20,20,44,44,44,45,45,45,46,46,46,47,47,47,48,48,48
صنایع 44,44,44
صندلی 44
صنعت 43,43,43,44
صنعتگران 43
صنعتی 19,44,44,45,45
صوتی 19,19
صورت 1,10,11,19,20,20,43,43,44,44,44,44,44,44,44,44,45,45,45,45,46,47,48,48,48,48,5
صورتی 10,10
ضخامت 44,45
ضخامتِ 45
ضریب 44
ضلعی 43
طبیعت 48
طبیعی 10,48
طراحی 10,43,43,43,48,48,5,5,5
طراحیِ 45
طرفدار 48
طریق 19,44
طریقِ 45
طنین 19
طولانیی 10
طولِ 45,45
طولی 45
طیفسنجی_امپدانس_الکتروشیمیایی 20
ظرفیت 43,43,44,5
ظهور 43
عامل 45
عبارت 1,11,20,4,44,45,46,46,47,48
عبارتند 45
عبور 43,45,48
عدالت 47
عرصه 44
عطفی 45
عظیمی 44,44
علائم 44,5,5
علاقه 43
علامتی 10,19,43,44,45,46,47
علاوه 43,43,45,48
علمی 10,44
علوم 43,43,44,45
عمدتاً 19,5
عمده 10,45
عملکرد 44
عمومی 5
عناصر 10
عنصر 10,10,44
عنصرحسگر 44,44
عنصرمسئول 44
عنصری 10
عنوان 10,10,10,10,19,19,43,43,43,43,43,43,44,44,44,44,44,44,44,44,44,45,45,48,48,5,5
عهده 44
عوامل 44,5
عکسبرداری 43
عینی 10
غبارهای 44
غلظتهای 44,44
غواص 5,5,5,5,5,5,5
غواصان 5,5,5
غواصانی 5
غواصی 5,5,5,5,5,5,5,5,5,5
غیرانتفاعی 10,19,43,44,45,46,47
غیرمعمول 45
غیرممکن 47
فاصله 43,43
فاصلهٔ 44,48,48
فاقد 48
فایر 19
فتوالکتریک 48
فرار 5
فراصوتی 5
فراهم 19,43
فراهمی 45
فراهمیِ 45,45
فراگیر 10,44
فرایتاس 45
فرایند 19,43,43,5
فرایندهای 20,43,44,45
فردشان 44
فرساندنِ 45
فرصتی 44
فرضی 45,5
فرضیه 5,5,5
فرهنگ 19
فروریختن 10
فروسرخ 45,45,48,48,48
فروپاشی 48
فرکانس 20,45
فریزهای 48
فزایش 19
فزونی 45
فسفاید 45
فشار 5,5,5,5,5,5,5,5,5,5,5,5,5,5,5,5,5,5,5,5,5
فشارنسبی 5
فشرده 5
فضاهای 19,19,48
فضای 10,43,43,48
فعال 10
فلزات 43
فلزی 45
فلسفی 47,47,47,47
فناوری 43,43,43,43,43,43,43,43,43,43,43,43,43,43,43,43,43,43,44,45,45,45,45,45,45,45,45,48
فناوریهای 43
فناوریِ 45
فوتون 48
فوتی 5
فوکو 48,48
فیزیولوژی 5
فیزیک 19,44,48
فیزیکدان 10
فیزیکدانهای 10
فیزیکی 10,10,10,10,20,44,44,44,45,5
فیلسوف 47
فیلمسازان 45
قائل 48
قابل 1,19,19,19,19,2,20,20,43,43,43,44,44,44,44,45,45,46,46,47,47,47,48,48,48,5
قابلیت 44,44,44,45,45
قابلیتهای 43,44
قادر 44,44
قادرند 45
قانون 10,48
قبیل 44,48
قدرت 44,44
قرار 10,19,43,43,43,43,44,44,44,44,45,45,45,45,45,48,48,5,5,5,5,5,5,5,5
قرارداده 44
قرارگرفته 5
قرمز 44,44,44,48,48,48
قسمت 44
قطبیده 43
قطری 45,45
قطعات 44,45,45
قطعیت 10,10
قوانین 48
قیمت 44,44,44,44
لاکتوز 45
لایه 19,19,43,44,44
لحظهٔ 10
لزوم 43
لطفاً 46,47
للعزل 20
لورنس 48
لوله 43,44,45
لیتو 45
لیتیم 44,45
لیزر 48
مؤثری 44
مؤسسه 43
ماده 19,44,48,48,48,48
مادون 44,44
مادّی 48
مارس 10
مانده 44
مانسفلد 20
مانع 45,48
مانند 43,44,44,44,44,44,44,48,48,48,5
مانندهای 48
ماهیت 48,48,48,48
ماکروسکوپی 45
ماکروسکوپیک 10
مایع 44
مایل 48
مباحث 19
مبادله 46
مبارزه 44
مبتنی 43,43
مبحث 43
مبدأ 48
متأسفانه 44
متحده 45,5,5
متداول 44
متری 5
متشکل 45
متصل 2,20,44,45,46,47,48
متعامد 10
متعددی 43,45
متعلق 10,19,43,44,45,46,47
متغیر 10,20
متفاوت 19,19,43,48,48,48,5
متفاوتی 10,19,43,48
متقارنی 43
متمادی 5
متمایل 48
متناسب 44,44
متناظر 10
متنوع 44
متنوعی 44
مثال 19,19,43,43,44,44,5
مجاز 5,5
مجازی 45
مجدد 19
مجموع 19
مجموعه 45,5
مجید 45
محاسباتی 5
محاسبه 43,43,48,5,5,5,5,5,5
محتوای 2,20,44,45,46,47,48
محتویات 1,2,20,44,45,46,47,48
محدود 45
محدودی 45
محدودیت 43
محدودیتِ 45
محرکهای 44
محصولات 43,43,43,43,43,43,43
محصولاتی 43
محفظه 5,5,5,5
محققان 44,44,45,5
محققانِ 45
محققین 45,45,5
محلول 43
محلِ 45
محلی 48
محور 43
محیط 19,19,19,19,43,43,44,44,44,44,45,5
محیطی 44,44,44,5
مختلف 10,10,10,19,19,43,43,43,44,44,44,44,44,45,45,45,48,5
مختلفِ 45
مختلفی 19,45,45,48
مخزن 2,20,44,45,46,47,48
مخصوص 5
مدار 44,48,48
مدارهای 45
مدتی 48
مدرن 20,48
مرئی 48,48,48,48,48,48
مراحل 43,43
مراکز 43
مربوط 10,45,48,48,48,48
مربوطه 10
مرتبط 4
مرتبه 43
مرجع 10
مرحله 43,43,43,43,45
مرغي 19
مرکزی 44
مرگش 48
مرگِ 45
مریی 48
مزاحم 44
مزایا 43
مزایای 43,44
مسئلهٔ 44
مسائل 48,48,48,48
مسائلی 43
مستقل 10
مستقیم 19,19,19,19,19,19,43,45,48,48,48
مستقیماً 45
مستلزم 43
مستمرآلودگی 44
مسیر 10,19,19,48,48,48,48
مسیرهای 19
مشابه 4,48,5
مشاهدات 10,48
مشاهده 10,19,44,44,45,45,45,45,45,47,48,48,48
مشاهدهٔ 10
مشبک 43
مشتق 5
مشخص 19,44,45,5
مشخصات 5
مشخصِ 48
مشهور 48
مشهورتر 46
مشکل 10,19,43,44,5
مشکلات 10,43,43
مشکلاتی 43,43,43
مشکلِ 45
مصالح 19
مصرف 44,44
مصنوعی 48
مصوب 19
مطالب 46,47
مطالعات 45,45
مطالعه 20,43,45
مطرح 43,43,45
مطلق 47,5
مطلوبی 44
معادل 5
معانی 10
معتبر 48
معتقد 48
معتقدند 44
معدنی 45
معدودی 44,44
معرض 5,5
معرفِ 48
معرفی 20,45,5
معلق 44,44
معماری 19
معمولاً 19,19,19,48,48
معنایی 10
معنی 10,19,5
معیار 10
معینی 43,45
مغناطیسی 20,43,45,48,48
مفاهیم 10
مفاهیمی 47
مفهوم 10,20,45,48,5,5
مفید 43,45
مقابل 43
مقادیر 10,44,44,5,5
مقالات 44
مقالهٔ 20
مقاومت 43,43
مقایسه 10
مقایسهٔ 10
مقدار 20
مقدارهای 48
مقرون 44
مقیاس 43,43,43,44,44,45,45
مقیاسِ 45
ملاحظه 5
ملون 45
ممزوج 5
ممقانی 45
ممکن 44,44,46,47
منابع 45,46,47,48
مناسب 19,43
مناسبی 43
منبع 19,46,47,48
منتشر 44,48
منتقدان 45
منتقل 44
منتهی 43
منجر 45,45,5
منحصر 44
منسجم 10
منشور 48,48
منصفانه 48
منطق 10,47
منطقی 43,43,44,45,45
منظور 45,5
منعکس 48
مهلک 44,44,44
مهمی 44,44
مهندسی 45
مهندسیِ 45,45
مواجه 45
مواد 19,19,43,44,44,44,44,44
موادِ 45
موادی 48
موازی 5
موانع 5
موانعی 44
موجب 19,19,19,19,19,19,43,48
موجبِ 45
موجهای 44,44
موجود 44,44,44,44,44,44
موجودات 48
موجِ 45,45
موجی 10,10,10,10,10,10,43,48,48,48
مورد 10,10,10,19,19,44,44,44,44,44,45,48,5,5,5,5,5
موردنظر 44,45
موردِ 45,45
موسوم 43
موضعی 10,10
موضوع 10,19
موفق 44
موفقیت 43,45
مولکول 44
مولکولهای 44,44
مولکولی 19,43,43,43,43,43,45,45,48
مکان 4,46
مکانیک 10,10,10,10,10,10,10,10,10,10,10,10,10,48
مکانیکی 43,44,44,44
مکملی 43,43
میان 19,43,44,48,48,48,48,48
میتوانند 44
میدان 46,48
میرشکاری 19
میزان 44,5
میزانِ 45,45,45,45
میلادی 20,48
میکرو 45
میکروسکوپیک 10
میکروفون 19
نابود 45
ناتوان 5
ناحیهٔ 48,48
نارسانا 43,45
نازک 43,48
ناشناخته 48
ناشی 45
نامرئی 48
نامشخص 45
ناموفق 5
نانو 43,43,43,43,43,43,43,43,43,43,43,43,43,43,43,43,43,43,43,43,43,43,43,43,44,44,44,44,44,44,44,44,44,45,45,45,45,45,45,45,45,45,45,45,45,45,45,45,45,45,45,45
نانوابزار 44,44
نانوالکترونیک 43,43,43,44
نانوتکنولوژی 43,45
نانوحسگر 44,44,44,44,44,44,44,44,44,44,44,44,44
نانوحسگرهایِ 45
نانوحسگرهایی 44,44
نانودارو 45
نانوروباتی 45
نانوساختاری 45
نانوفناوری 45
نانولوله 44,44,44,44
نانولولهٔ 44
نانومتر 43,43,44,44,44,45,45,48,48
نانومتری 44,45
نانومقیاس 45,45,45,45
نانوموادِ 45
نانوموتور 45
نانوموتوری 45
نانوپزشکی 45,45,45,45
نانوی 45,45
ناچیزی 44
ناگهانی 1
نباشد 43
نباید 19
نبود 48
نبودن 48
نبودنِ 45
نبوده 43,5
نبوغ 48
نتایج 19,43,44,45
نتوانند 48
نتیجه 10,19,19,4,43,45,5,5,5
نتیجهٔ 10,44
نحوه 48
نحوهٔ 45
نحوی 19
نخستین 5
نخواهند 45
ندارد 10,10,43
نداشته 43
ندهد 5
نرخِ 48
نزدیک 44,45,45,5
نسبت 10,19,43,44,44,48,5,5,5,5
نسبتاً 43
نسبی 10,10,5,5,5
نسبیت 19
نسخه 11,2,20,44,45,46,47,48
نشان 10,19,44,44,44,44,44,44,45,45,48,5,5
نشانی 11,11,20,44,45,46,46,47,48
نشتی 43,44
نشده 48
نظارت 43
نظامی 44,45,45
نظامیان 5,5
نظرات 47
نظری 44,45,46,47
نظریه 10,10,10,46,46,46,48,48,48,48,48,48,48,5
نظریه_برانس_دیکی 46
نظریه_فلسفی 47
نظریهٔ 10,10,10,10
نظیر 19,19,43,5
نظیرآنتی 44
نظیرتونل 43
نفوذ 45
نقاشان 45
نقاط 44,44,44,44,44,44,44
نقطه 45,47
نقطهٔ 48
نمادین 5
نمایندهٔ 10
نمودن 19,5
نمونه 10,10,10,20,43
نمونهٔ 44
نهایتاً 43
نهایی 43
نوآوری 45
نوار 11,20,44,45,46,47,48
نورانی 48,48,48
نورمی 44
نوری 43,44,48
نوسان 43
نوشتار 46,47
نوعِ 45,45
نوعی 48
نوفه 19
نوپا 43
نوپدید 44,45
نویز 19
نوین 48
نکات 19
نکته 19,19,19
نکنند 5
نگاه 45,45
نگاهِ 45
نیاز 43,43,44,44,44,44,45
نیازمند 10,10,10,11
نیازهای 44
نیازی 45
نیافته 45
نیتروژن 44,5,5,5
نیترید 45
نیروهای 5
نیروی 45,45,45,45,5,5,5,5,5
نیست 11,20,44,45,46,47,48
نیستند 10,44
نیمه 44,44,44,44,44,5
نیمی 5
نینگ 48
نیوتن 48,48,48
نیوتون 47
نیکل 45
هادی 44,44
هالدین 5,5,5,5,5,5,5,5,5,5,5,5,5
هالی 48
هانسن 5,5
هاوکینز 5
هایزنبرگ 10
هجدمین 45
هدایت 43,44,44,44,44,44,45,48
هرمي 19
هرچند 11,20,44,45,46,47,48
هرچه 43
هرکدام 10
هرگز 5
هزار 44
هزینه 44
هستند 10,19,19,44,44,44,44,44,45,45,45,45,45,48,48
هستندکه 19
هشدار 44
هشداردهنده 44
همان 19,43,44,44,47,47,5
همجوشی 44,45
همراه 11,45
همراهی 10
همریشه 48,48
همهٔ 11,11,2,20,20,44,44,45,45,46,46,47,47,48,48
همچنان 43,43
همچنین 19,43,43,44,44,44,44,44,44,45,47
همچون 45,48
همکارانش 5
همکارانشان 20
همکاری 43
همیشه 47
همین 1,11,20,43,44,45,45,45,46,47,48,5
هندسی 19
هنوز 43,45,45,45,45
هنوزدرحال 44
هنگام 2,44,45,48,48
هوافضا 44
هواپیما 44,44
هوای 44,45,45,5
هوشمند 44,44,45
هوشمندی 44
هوشیار 10
هویگنس 48
هیدرو 43
وآمونیاک 44
واحد 44,45,45
واحدهای 45
وارد 1,11,11,11,20,20,20,43,44,44,44,45,45,45,45,45,46,46,46,47,47,47,48,48,48
وارن 48
واسط 44
واسطه 48
واضح 10
واقع 10,19,44,44,45
واقعی 10,5
واقعیت 10,10,10,10,45,48
واندازه 47
واندروالس 44
واژه 48,48,48,48
واژهٔ 45,48
واژگان 10,11,19,19,20,48,48,48,48,48,48
واکسن 45
واکسنِ 45
واکنش 44,45
واکنشهای 44,44
وبگاه 45
وجود 10,10,10,10,10,10,10,10,10,10,10,10,10,10,10,10,10,10,19,19,19,19,19,19,2,43,43,43,43,43,43,44,44,44,44,44,44,44,44,44,44,44,44,44,44,44,44,44,44,44,44,44,44,44,44,44,44,44,44,44,44,44,44,44,44,44,44,44,44,44,44,44,45,45,45,45,45,45,45,45,45,45,45,45,45,45,45,45,45,45,45,45,45,45,45,45,45,45,45,45,45,45,45,45,45,45,45,45,45,45,45,45,45,45,45,45,45,45,45,45,45,45,45,45,45,45,45,45,45,45,45,45,45,45,45,45,45,45,45,45,45,45,45,45,45,45,45,45,45,45,45,45,45,45,45,45,45,45,45,45,45,45,45,45,45,45,45,45,45,45,46,47,47,47,47,47,47,47,47,47,47,47,47,47,47,47,47,47,47,47,47,47,47,47,47,47,47,47,48,48,48,48,48,48,48
وجودآورده 43
وجودِ 45
وحدت 48
ودردمای 44
ورود 45
وسایل 44
وسیع 43,44
وسیعی 43,45,48
وسیله 44,44,44,48
وسیلهٔ 44,44
وضعیت 44,5
وضوح 44,44,44,45
وظیفه 19
وغذایی 44
وقتهایی 5
وقتی 10,43,45
وقوع 44,44
ولیکن 43
ومطمئنا 44
ومورد 44
ونیز 44
وپیشرفت 44
وکسب 44
ویرایش 10,10,10,10,19,19,43,44,44,44,45,45,45,45,45,45,46,47,47,48
ویروس 44
ویلسون 48
ویژه 11,19,19,2,20,44,45,46,47,48
ویژگی 10,10,45
ویکی 11,20,44,45,46,47,48
پائین 44,44,44
پابرجاست 10
پاجت 48
پارامترهای 48
پارسی 48,48,48,48,48
پاسخ 44,44
پاپر 10,10,10,10
پایان 5,5
پایدار 11,2,20,43,44,45,46,47,48
پایش 44
پایه 43,43,43,44,45,45,45,45,45
پایگاه 44
پایین 19,43,43
پتانسیل 20,4,4,4,4,4,4,4,43
پخشایشگرجاذب 19
پدیده 43,43,43,43,48
پدیدهٔ 48
پذیرش 45
پرآب 45
پراش 48
پراکنده 19
پرتاب 44,44,45,45
پرتو 48,48
پرتوهای 48,48,48
پرتوهایی 48
پرتوی 48,48
پردازش 44,45
پردازندهایی 43
پرسش 48
پرسنل 5
پرشماری 10
پرنده 44,45
پزشکی 43,44,45,45,45,45
پزشکیِ 45,45
پلاتین 45
پلورونیک 45
پلیمر 44,44
پلیمرهای 45
پلیمری 45
پنهان 10
پوشانده 45
پوشانی 19
پویشی 45
پژواک 47
پژوهشهای 44
پژوهشگران 43,45
پژوهشی 43,44
پیدا 44,44
پیدایش 44
پیر 45,45
پیرامون 1,10,11,11,2,20,20,20,44,44,44,45,45,45,46,46,46,47,47,47,48,48,48
پیروز 45
پیروی 10
پیشبرد 43,43,43
پیشرفت 43,43,43,44,44,45,45,45,45
پیشرفته 44
پیشرویی 45
پیشنهاد 10,48,5
پیشنهادهای 10
پیشگام 45
پیشگیری 45,45,45,45
پیشین 2,20,4,44,45,46,47,48
پیوست 44
پیوستن 43
پیوسته 44,48,48
پیوند 11,11,11,2,2,20,20,43,43,43,44,44,44,44,44,44,45,45,45,45,45,45,45,45,45,45,46,46,46,47,47,48,48,48,48
پیوندهای 1,2,20,44,44,45,46,47,48
پیوندِ 45
پیچش 19
پیچیده 44,44
پیچیدگی 44,45,45
چارچوب 10,47
چارچوبهٔ 46
چارچوبِ 48
چالش 46,47
چرخش 43,48
چسبیدند 45
چندان 43,44
چندانی 10
چندگانه 10
چندین 10
چنین 19,44,45,45
چگونگی 2,20,44,45,46,47,48
چیزی 10
ژئوتکنیک 45
ژانویهٔ 47
ژنتیک 45,45,45
ژوئیه 45,45
کابردهایی 43
کارآمد 5
کارآمدی 45
کارایی 19,19
کاربرد 10,19,43,43,43,43,44,44,44,44,44,44,45,45,45,45,48
کاربردهای 20,43,43,44,44,45,45
کاربردهایِ 45
کاربردِ 45
کاربردی 43,45,45
کاربری 1,11,11,20,20,44,44,45,45,46,46,47,47,48,48
کارمندان 45
کارمی 44
کارنگی 45
کارهای 43
کارهایی 43,43
کارکرد 45
کارکردِ 45
کارکنند 44
کاری 45
کافی 48,5,5
کامرلینگ 48
کامل 10,43,48
کاملاً 43,43,44,45,48,5
کانال 43
کاهش 43,44,44,5
کاوشگرهایِ 45
کتاب 48
کربن 43,43
کربنی 43,43,43,44,44,44,44,44,44,44,44,44
کردن 11,19,20,44,44,45,45,46,47,48
کردند 44,48
کرده 43,44,48
کردی 48
کروی 19,19
کریدور 19
کریستالی 43
کسانی 20
کشاورزی 44,45
کشته 45
کشتی 45
کشید 43
کشیده 46,47
کلارک 48,48
کلاسیک 10
کلاغ 47
کلان 43,43
کلسترولِ 45
کلوین 44
کمتر 10,10,44,5
کمتری 19,44
کمکِ 45
کنار 43,43
کناری 1,11,20,44,45,46,47,48
کنترل 19,19,19,19,19,19,43,43,44,44,44,44,44
کندیگ 20
کنند 44,44,44,45,45,45
کنیم 4
کوانتوم 45
کوانتومی 10,10,10,10,10,10,10,10,10,10,11,43,43,44,44,44,44,44,44,44,48,48,48,48,48,48
کوانتومیِ 48
کوانتیده 48
کوتاه 5
کوتاهتر 48
کولنی 48
کوپنهاگ 10,10,10
کوچک 43,43,43,44,45,45
کوچکتر 43,44
کوچکی 20,43,48
کیفیت 43
کیلوبایت 44
کیلومتر 48
گازهای 44,44,44,44,44,44,44,44,44,44,5,5,5
گازی 44
گالاکتوز 45
گالیوم 45
گاما 48
گذاری 45
گذشته 48
گرافیتی 43
گرانش 46,46,46
گرانشی 45,46
گردش 48,48,48,48,48
گرفت 10,48
گرفتن 5,5
گرفتند 5
گرفته 43,45,46,5
گرما 44
گروهی 10,10
گرچه 11,20,44,44,45,46,47,48
گسترده 44
گسترش 1,45,45,45,48
گستره 48
گسترهٔ 48
گسیل 44,45
گشته 5
گفته 10,44,48
گفتهٔ 10,10,45
گلایل 45
گلوکز 45
گوناگونی 48
گونه 44
گونهٔ 44,44,44
گیاهی 45
گیگابایتی 43
یابد 44
یادکرد 2,20,44,45,46,46,47,47,48
یاربوروف 5
یافت 43,48,5
یافتنی 47
یافته 19,19
یانگ 48
یعنی 10,10,48,48,5
یورتان 19,19
یونی 2,2,44
یکای 48
یکتاست 10
یکدیگر 19
یکسان 43
