آتشین 58
آثار 11
آخرین 5
آرایی 58
آرگومان 58
آزاد 48,53,53,53,55,58,58,58,58
آزمایش 11
آزمایشگاهی 53
آزمایشی 55
آزمون 5
آسان 58
آسمان 58,58,58,58,58,58
آسمانی 58,58
آشنای 58
آشکار 58,58
آشکارسازهایی 52
آشکارسازی 52
آشکاری 58
آغازین 57,58
آلفا 55,55
آلمان 3
آلوده 58
آماده 10
آماری 10,10,10
آمدن 48,5
آمریکایی 58
آموزش 5,50
آمیختن 48
آمیختگی 58
آنالیز 20
آنان 22
آنجا 4,58
آنجلس 58
آندرومدا 58,58,58
آنهاست 5
آنچه 11,11,22,58,58,58
آورده 57,58
آوریل 21,53
آگوست 58
آیتم 11,21,22,49,50,51,52,53,54,55,56,57,58
ابتدا 11,22,48
ابتدای 4
ابتدایی 53
ابررسانایی 11
ابرغول 58
ابرمانند 58
ابرهای 58,58,58
ابزارات 53
ابزارهای 48,5,52
ابعاد 53
ابَرستارگان 55
اتاقش 48
اتصال 53
اتفاق 11,11,21
اتفاقی 48
اتمی 48,48,48,58
اتکا 5
اثبات 11,53
اثرات 53,53,53,58
اثری 11,5
اجباری 21,22,49,50,51,52,53,54,55,56,57,58
اجرام 58,58,58,58,58,58,58,58
اجرامی 55,58
اجرای 5
اجزای 58
احتراق 55,58,58
احتمال 11,11,11,11,11,11,11,11
احتمالا 57
احتمالاً 10,5,58
احساس 48
اخترشناسی 58
اختلاط 54
اختلاف 48
اختیاری 21,22,49,50,51,52,53,54,55,56,57,58
اخیر 21,21,22,22,49,49,50,50,51,51,52,52,53,53,54,54,55,55,56,56,57,57,58,58,58
اخیراً 53
ادامه 22
ادامهٔ 22
ادوات 11
ادوارد 11
ادوین 58
ارائه 5,53,57
ارایهٔ 56
اربیتال 48
ارتفاعات 5
ارجاع 49,49,56,57,57,58
ارمغان 11
ارنست 11
اساس 22,5,5,5,5,5,5,58
استاد 22
استاندارد 10,20
استراحت 5
استرالیایی 58
استفاده 11,11,21,22,22,22,48,49,5,5,5,5,5,5,5,5,5,5,5,50,51,51,52,53,53,53,53,53,53,53,53,54,55,56,57,58
استهلاکی 53
استوار 58
اسمیت 22
اسنل 22,22
اسپکتروسکوپی 53
اسپین 53,53
اسیدهای 51
اشاره 11,20,58,58,58,58,58
اشباع 5,5,5
اشتباه 55
اشعه 48,48,48
اشکال 58
اشکالی 58
اصطلاح 53,58,58
اصطلاحات 48
اصطلاحاً 57
اصلی 11,21,22,48,48,48,48,48,48,49,50,51,52,53,53,54,55,55,55,56,57,57,58
اصلیِ 21
اصول 53
اضافی 58,58
اطراف 11
اطلاعات 21,22,49,5,5,50,50,51,52,53,53,54,55,56,57,58
اطلاق 49
اطمینان 5,58
اعضا 58
اعماق 53
افزایش 5,58
افزایشی 53
افزوده 58
افسانه 58
اقمار 58
اقوام 58
اقوامی 58
الأشعة 51
البته 11,4,58,58
السينية 51
الصوفی 58
الکترود 20
الکتروشیمیایی 20
الکترومغناطیس 22,57
الکترومغناطیسی 48,48,53
الکترون 11,11,48,48,48,48,48,53,53,53
الکترونی 11,53
الکترونیک 53
الکترونیکی 11,48,48,5,5
الکتریک 22,53,53,53
الکتریکی 20,20,4,4,4,4,4,4,53,53,53
الگو 21,48,48,48,48,5,52,52,53,53,53,55,55,55
الگوریتم 5
الگوریتمی 5
الگوهای 48,48,5,5
الگوی 1,21,21,21,48,5,50,50,52,52,56,56,56
امتداد 57
امروزه 5,58,58,58
امروزی 5
امواج 53,58
امکان 10,11,21,22,49,50,51,51,52,53,54,55,56,57,58
امگا 53
امیدوارند 58
انبوه 54
انتخاب 10,20,5
انتزاعی 10
انتظام 58
انتقال 48,53,56
انتهای 58
انتگرال 57,57,57,57,57,57,57,57,57
انجام 11,11,21,22,49,5,5,5,50,51,52,53,54,54,55,55,56,57,58,58
انجمن_فیزیک_آلمان 3
اندازه 11,48,50,53,53,53,57,58,58,58,58
اندازهٔ 57,57,57
اندکی 11
اندیشه 58
انرژی 11,11,11,11,11,11,11,4,4,48,48,48,48,48,48,48,48,48,48,48,48,48,48,48,48,52,53,55,55,55,57,57,58,58,58,58
انسان 48,48
انسانی 58
انفجار 58
انفعالات 58
انواع 22,5,53,53,58
انگلیسی 48,58
انیشتین 10
اهمیت 54,55
اواسط 11
اوایل 11,5
اولین 11,11,22,5,55
اولیه 53,57
اوژه 48,48
اپتیکی 53
اپسیلون 53
اکتبر 56
اکثر 58,58
اکسیژن 5
اکنون 57,58
اگرچه 11
ایالات 5,5,5
ایجاد 48,48,48,51,51,53,58
ایزاک 48
ایزو 48,48
ایزومری 48
ایساکی 11
ایست 53
ایفا 53
ایمن 5
اینجا 58,58
اینطور 58
اینچی 58
اینکه 10,48,57,58,58,58,58
ایوار 11
ایکس 48,48,51,51,51,51,51
ایگون 11
باردار 52
بارهای 4,4
باری 4,48
باریک 48
باریکهٔ 52
بازتاب 53,58
بازتابنده 53
بازتابی 11
بازفرمولبندی 57
بازهٔ 58,58
بازو 58,58,58
بازوهای 58,58,58,58,58,58,58,58
بازوهایی 58
بازوی 58,58,58,58,58
باستان 58
باشد 10,4,4,48,48,53,57,58,58
باشند 22,54
باعث 53,54,58
بافت 5,5
باقی 5,53
بالا 10,2,22,5,53,53
بالاتر 10,48,48,48
بالای 53
بالایی 58
باموفق 53
باند 53,58
بانوی 58
باور 58,58,58,58,58,58
باورند 58,58,58
باید 10,22,22,50,58,58
بایستی 58
بتوان 48,54
بتوانیم 58
بخشی 57,58
بدان 54,58
بدست 57,57,57,57,58,58
بدنه 5
بدون 11,49,49,49,49,5,5,5,54,57,57,57,57,58
برآمدگی 58,58
برآورده 57
برابر 22,4,4,4,5,5,50,50,55,58,58,58,58,58,58,58,58,58,58,58
براساس 53
براق 53
برانگیخته 48,48,48,48,48,48,48
برای 10,10,10,10,11,11,11,11,11,11,11,11,11,11,11,11,11,11,2,2,2,20,20,20,21,21,22,22,22,22,4,4,48,48,48,48,48,48,49,49,5,5,5,5,5,5,5,5,5,5,5,5,5,5,50,50,50,51,51,51,52,52,53,53,53,53,53,53,53,53,53,53,53,53,53,53,53,53,53,53,53,53,53,54,54,54,55,55,55,55,56,56,56,56,57,57,57,57,57,57,57,57,57,57,57,58,58,58,58,58,58,58,58,58,58,58
برایان 11
برخورد 11,51,57
برخوردار 55
برخی 5,5,5,50,53,58,58,58,58,58,58,58
برداری 57
برداشت 5,5,5,5,5,5,5,5,5,5
برداشته 53
برده 58
بردهای 48
بررسی 20,20,21,22,51,51,53,58,58,58
برسد 11,58
برسند 11
برطبق 49,57
برعکس 58
برقرار 22
برمی 58
برهم 58
برهمکنش 58
بروس 5
بزاوية 51
بزرگ 11,53,58,58,58,58,58,58,58,58,58,58,58
بزرگتر 58
بزرگتری 58
بزرگی 58
بسازد 48
بسازید 21,22,49,50,51,52,53,54,55,56,57,58
بسته 11,50,58
بستگی 55
بسرعت 58
بسیار 2,22,22,48,48,53,53,53,53,53,54,58,58,58,58,58,58,58
بسیارکوچک 53
بسیاری 5,5,53,53,58,58,58
بصورت 57,57,57,57,57
بطور 57,57
بعداً 58
بعدی 53
بعضی 48,58
بقایای 58
بقیه 48
بلندتر 11
بلکه 10,11,48,57,57,58,58
بمرور 58
بنابر 57,58
بنابراین 11,48,5,52,53,58
بنفش 53
بنوشد 58
بنیادی 11
بنیادین 57,57,58
به 11,54
بهبود 11,53,53,56
بهتر 58
بهره 57,58
بوجود 58,58
بودن 52,58
بودند 53,58,58
بوده 48,5,58,58,58
بورن 10
بُعد 57
بکار 48,53,57,57
بکرل 11
بگیرد 11
بیان 10,11,50,53,56,57,57,57,57,58,58
بیانگر 58
بیانیه 50
بیاید 10
بیدار 58
بیرون 58,58
بیشتر 1,11,2,20,21,21,22,22,48,49,49,5,50,50,51,51,52,52,53,53,53,54,54,55,55,55,55,56,56,57,57,58,58,58,58,58,58,58,58,58,58,58,58,58,58,58,58
بیشتری 11,5,58
بیشماری 58
بیضوی 58,58
بیضی 58
بینجامد 58
بینش 57
تأثیر 58
تأمین 58
تئوری 5
تابان 58
تابستان 58
تابش 11,11,11,52,53,55,58,58
تابشی 11,48
تابع 10,10,11,11,57,57,58
تاریخی 48,58
تاریک 58,58,58,58,58,58
تازه 58
تازگی 58
تامسون 52,52,52,52,52
تبدیل 48,48,48,48,55
تبلور 51
تجاری 2,20,21,48,49,50,51,52,53,53,54,55,56,57
تجربی 11,5,57,57
تحریک 48
تحقیق 5
تحقیقاتی 53
تحلیل 11
تحلیلی 11
تحول 56
ترازهای 48,48
تراهرتز 53
تراکم 5,5,5,5,5,5,5,5
ترتیب 22,48,48,52,58
ترکیب 22,22,48,48,53,54,57
ترکیبی 48
تریلیون 58,58
تزویج 53,53
تشخیص 51,53
تشدید 21,21,22,22,22
تشعشع 58,58,58
تشکیل 22,22,48,53,58,58,58,58,58,58,58,58,58,58
تصادفی 21,22,49,50,51,52,53,54,55,56,57,58
تصاعدی 58
تصاویر 21,22,49,50,51,52,53,54,54,55,56,57,58
تصور 53,58
تصویر 58
تضمین 57
تعاریف 57
تعبیر 10,10,10,10,10,10,10
تعبیرکننده 10
تعداد 4,56,58
تعریف 22,22,22,57,57,57,57,57,57,57
تعیین 11,53,53
تغییر 48,48,53,58
تغییرات 21,22,49,50,51,52,53,53,54,55,56,57,57,58,58
تغییراتی 5
تغییری 52
تفاوت 55,57
تفریحی 5,5,5,5,5,5
تفسیر 11
تفکیک 54
تقریب 11
تقریبی 11
تقسیم 21,22,22,22,53,58
تلسکوپ 58
تلفن 2,20,21,48,48,48,49,50,51,52,53,54,55,56,57
تماس 49
تمام 53
تمامی 49,5
تناقض 11
تناوب 22
تنفسی 5,5
تنها 10,4,4,48,5,5,5,57,58,58,58,58
تهیه 5
توان 57,58,58
تواند 57
توانست 58
توانند 57,57,57
توجه 11,11,11,48,56,58,58,58
توده 58
توزیع 20
توسط 11,11,11,11,11,22,48,5,5,5,51,51,51,55,57,57,58,58
توسعه 10,5
توصیف 10,11,11,11,48,48,53,55,56
توضیح 11,11,11,50,52,53
توقف 5,5
تولید 11,48,48,48,48,53,55,55,55
تونل 11,11,11,11,11,11,11,11,11,11,11,11,11,11,11,11,11,11,11
تونلی 11
توپی 11
تکامل 57,57
تکانه 11,57,57
تکراری 5,5
ثابت 52,53,53,53
ثانیه 48
جادویی 58
جامدات 11
جامعه 58
جبران 22
جداول 5,5
جداکنندهٔ 21
جدول 5,5,5,5,5,5,5,5,5,5
جدولی 5
جدید 53
جرمی 21,48,55,58
جریانی 2
جزئیات 2,20,21,48,49,50,51,52,53,54,55,56,57
جستارهای 2,20,48,49,53
جسمی 50,50,58,58
جلوگیری 4
جمله 22,58
جمهوری 48
جنبشی 57
جنبه 10
جهان 58,58,58,58
جواب 11
جوابی 11
جوزفسون 11
حائز 54
حاصل 48,5,58
حاصله 10
حاضر 10,5
حالات 48,48,48,56
حالت 11,21,48,48,48,48,48,48,48,48,48,48,48,48,48,48,53,53,54,56,56,57
حالی 58,58
حامل 48
حامی 10
حاوی 58
حباب 5,5
حجمی 49,53
حداقل 5
حداکثر 5
حدود 22,51,58,58,58,58,58,58,58
حرکت 50,50,53,53,57,57,57,57,57,57,57,57,57
حساب 21,21,22,22,49,49,49,50,50,50,51,51,51,52,52,52,53,53,54,54,54,55,55,55,56,56,57,57,57,57,58,58,58
حساس 53
حسگرهای 53
حضور 11,11,55
حفره 58,58
حقیقت 58,58
حقیقی 53,57
حمام 20
حوزه 11,53
حیاتی 5
خارجی 58
خاصی 22
خاصیت 11,22
خاطر 52,52,58
خالص 54,54,54
خالی 48
خدایی 58,58
خصوص 1,21,22,22,49,50,51,52,53,54,54,55,56,57,58
خصوصیات 20
خطای 54
خلاء 53
خلاصه 22
خلاف 5,55
خنثی 53
خواب 58
خواص 22,22,22,22,53,53
خواصی 22
خواهد 11,11,11,22,22,48,48
خواهند 11
خودشان 48,58
خودمان 58
خودنمایی 58
خودکار 50
خورشید 11,55,58,58,58,58,58,58,58,58,58,58,58,58,58,58,58
خورشیدی 58,58
خوشه 58,58,58
خوشهٔ 58
خیلی 11,58
داخل 11
داخلی 48,48,48
دادن 11,48
داده 11,11,21,22,48,49,5,5,50,51,52,53,54,55,56,57,58,58,58
دارای 1,10,2,20,20,21,21,22,22,3,48,48,48,48,48,48,48,48,48,48,5,50,50,50,52,52,53,53,54,54,54,55,55,55,56,56,56,56,57,58,58,58,58,58,58,58,58,58,58,58,58,58,58
دارد 11,11,11,21,22,48,49,5,50,50,51,52,53,54,54,55,55,55,56,57,58,58,58,58,58,58,58,58,58,58
دارند 11,11,55,58,58,58,58,58,58,58
داشت 11,57
داشتند 58
داشته 10,4,48,53,54,58,58,58
دامنه 11
دانست 22,22,50
دانش 58
دانشمندان 58,58
دانشنامه 53
دانشنامهٔ 11,21,21,22,22,3,49,49,50,50,51,51,52,52,53,53,54,54,55,55,56,56,57,57,58,58
دانشگاه 22
دبلیو 11,11,53
دبلیوپریم 53
دختر 48
درآو 5
درابتدای 55
دراز 5
دربارهٔ 1,21,21,22,48,48,48,49,50,51,52,52,53,53,53,54,55,55,55,56,57,58,58,58
دربرگیرنده 58
درجه 55,55,58,58
درحالی 4
درحالیکه 53
درخشان 58,58,58,58
درخشانی 58
درخشندگی 58
درست 22
درصد 58,58
درناحیه 53
درنظرگرفته 53
درنهایت 53
درهم 58
درون 11,11,5,53,53,58,58
درونی 58
درگیر 48
دریائی 5,5
دریایی 5
دسامبر 49
دسترس 2,20,21,48,49,5,5,50,51,52,53,54,55,56,57
دسته 22,22,49,58
دستهٔ 21,22
دستکاری 22
دستگاه 53,53
دعوت 21,22,49,50,51,52,53,54,55,56,57,58
دقیق 10,22,5,5
دقیقاً 11,11
دقیقه 5,5,5,5
دلالت 11
دلایل 58
دلخواه 11,57
دلیل 10,11,5,50,53,58,58,58
دمای 5,55,55
دنبال 57
دهنده 11,22,48,58
دههٔ 5
دوباره 55
دوتایی 11,48
دور 58,58
دورتری 58,58
دوره 22,58,58
دوری 58,58
دوشیزه 58
دوگانگی 11,11
دوگونه 55
دکتر 5
دگرگون 55
دگرگونی 55
دیجیتالی 2,20,48
دیداری 58
دیدریک 53
دیدن 48
دیده 22,48,53,58,58,58,58,58,58
دیدگانی 58
دیسک 58
دیفرانسیل 57,57
دینامیک 51
دینامیکی 57
دیوار 11
دیود 11,11,53
دیوید 11,22,53
دیویدوف 53
دیگر 10,11,11,11,11,11,11,21,21,22,22,22,22,48,49,49,5,5,50,50,51,52,53,53,54,55,55,55,56,56,56,57,57,57,57,58,58,58,58,58,58,58,58,58
دیگری 10,5
ذرات 11,48,48,49,53,53,53,53,55,58,58,58
ذراتی 10,53
ذرهٔ 10
رابرت 53
رابطه 11,55
راجع 10
راحتی 5
رادرفورد 11
رادیویی 58,58,58,58
راست 11,53,53,53
راستای 11,50,50,50
رامان 53
راهکار 57
راهی 53,58
رزولوشن 53
رزونانس 53
رسانش 53,53
رسوب 20
رسیدن 11
رشته 11,55
رصدهای 58
رفتار 11,57
رفتارهای 11
رفتاری 11
رفته 5
رنگی 48,48,53
رهیافت 57
روشن 10,53
روشنایی 48,58
روشی 5
رونالد 11
رویت 58,58
رویدادهای 21,22,49,50,51,52,53,54,55,56,57,58
ریاضی 11,11,4,57,57
ریاضیات 10
ریشهٔ 58
زاده 58
زاویه 57
زاویهٔ 48
زبان 2,20,20,48,48,48,48,48,48,48,48,50,54,54,55,55,55,56,56,56,58
زدائی 5,5,5
زدپریم 53
زمان 11,5,5,5,5,5,5,5,5,5,57,57,57,57,57,58,58
زمانی 10,48,48,53,53,58,58
زمین 58,58,58,58,58,58
زمینه 11,50,52,52,53
زمینیان 58
زنجیره 55
زنجیری 55,55
زندگی 58
زوایای 51,51,51,51,51
زیاد 58,58,58
زیادی 58,58,58,58
زیرا 53,53,53,53,53
ساخت 21,22,49,50,51,52,53,54,55,56,57,58
ساختار 10,22,51,51,58,58,58,58
ساختارشان 22
ساختارهای 53,58
ساختاری 22
ساخته 22,22,5,53,58,58,58,58,58
ساده 11,50,57
سادگی 48
سازد 53
سازمان 2,20,21,48,49,50,51,52,53,54,55,56,57
سازماندهی 58
ساطع 53,58
ساعت 2,20,21,48,49,5,5,50,51,52,53,54,55,56,57
سالیان 5
سامانه 21,21,21,22,22,22,49,49,49,50,50,50,51,51,51,52,52,52,53,53,53,54,54,54,55,55,55,56,56,56,56,57,57,57,58,58,58,58,58,58,58
سامانهٔ 4
سانتیمتر 53
سایر 48,52,58
ستاره 58,58,58,58,58,58,58,58,58,58,58,58
ستارهٔ 58
ستارگان 11,55,58,58,58,58,58
ستارگانی 55,58,58
سدهای 11
سراسر 54
سرانجام 55,58
سرعت 10,20,5,5,57,57,58,58
سرعتی 10
سریع 5,53
سطحی 20,5,5,53,53,53,53,53,53,53
سطوح 21,53,53
سفید 48,48,48,48,48,48,48
سلامتی 48
سلسله 58
سماوی 58
سنتز 21
سنجش 51,54,58
سوار 5
سوختن 55,55,55,55
سودمند 53,58
سوراخی 48
سپتامبر 2,57
سپرِ 53
سیاره 58,58
سیاه 58,58
سیاهچاله 58
سیستم 10,11,11,50,57,57,57,57,57,57,57,57,57,57,57
سیلندر 5
شارل 58
شارژ 20
شامل 11,11,21,4,49,5,58,58,58
شاید 54
شبکیه 48
شبیه 11,58
شتاب 58
شخصی 5
شدند 48
شدگی 11,53
شرایط 57
شروع 58,58
شمار 58,58
شماره 58,58
شناخته 58,58,58,58,58,58,58
شناسایی 53,53,58
شهریور 50
شوند 53,53,57,58
شونده 22
شوید 21,21,22,22,49,49,50,50,51,51,52,52,53,53,54,54,55,55,56,56,57,57,58,58
شویدلر 11
شکلی 58,58
شیری 58,58,58,58,58,58,58,58,58,58,58,58,58,58,58,58,58,58,58,58,58,58,58,58,58,58,58,58
شیشه 48,53
شیشهٔ 48
شیلینگ 5
شیمی 21
شیمیایی 21
شیوه 58
صعود 5,5
صفجه 11,21,22,49,50,51,52,53,54,55,56,57,58
صفحات 58,58
صفحه 1,11,11,11,2,20,21,21,21,21,22,22,22,22,22,48,49,49,49,49,50,50,50,50,51,51,51,51,51,52,52,52,52,53,53,53,53,53,53,54,54,54,54,54,55,55,55,55,55,56,56,56,56,57,57,57,57,57,58,58,58,58,58,58,58
صفحهٔ 11,21,21,22,22,22,49,49,49,50,50,50,51,51,51,52,52,52,53,53,53,54,54,54,55,55,55,56,56,57,57,57,58,58,58
صنعتی 5
صورت 10,10,11,11,21,22,22,22,48,49,50,50,51,52,53,54,55,55,56,57,57,58,58,58,58,58
صورتی 5,5
ضخامت 53
ضخیم 58
ضربدر 57
ضریب 4,4
ضمنی 58
طبیعت 11,49
طبیعتاً 4
طبیعی 22,22,22,58
طراحی 20,5,5,5,5,5
طریق 57
طلایی 48
طولانی 48,5
طیفی 54,54,58
ظاهر 11,11,11,50,58,58,58,58
ظاهری 58
ظاهریشان 58
ظرفیت 53
عادی 22
عاری 58
عالم 58,58
عامل 55
عبارت 10,21,22,4,49,49,50,51,52,53,54,55,56,57,58,58
عبارتند 53
عبور 11,11,11,11,11,11,11,48,48,48,53
عددی 56,57
عریض 11
عظیم 58
علائم 54
علامتی 2,20,21,48,49,50,51,52,53,54,55,56,57
علاوه 10,5
علم_سطح 21
علوم 48,55
عملیات 10
عملیاتی 53
عمومی 48
عناصر 21
عنصر 10
عنوان 10,11,11,11,48,48,5,53,53,53,57,57,58,58
غالب 58
غبار 58,58
غبارهای 58,58
غباری 58,58
غربالگری 53
غواص 5,5
غواصان 5,5
غواصی 5,5,5,5,5,5,5,5,5,5,5,5,5,5,5,5,5,5,5,5,5,5,5,5,5,5,5,5
غیرانتفاعی 2,20,21,48,49,50,51,52,53,54,55,56,57
غیرعادی 53,53,58
غیرمسلح 58
غیرمعمول 22,48,58
غیره 53
فاصله 5,58,58,58,58,58,58,58,58,58
فاصلهٔ 48,48,58
فتوولتائیک 20
فرآمواد 22
فرآوری 55
فرابزرگ 58
فراسوی 58
فراماده 22
فرامواد 22,22
فرانسیس 53
فراهم 57
فراوان 22,58
فراوانی 58,58,58
فرایند 48,48,48,53,55
فرایندهای 48
فردی 11,53
فردیش 11,11
فرضی 53
فرعی 48
فرمولاسیون 10
فرمولبندی 57
فرمی 53
فرمیونی 53
فرودی 52,52,53
فروزان 58
فروپاشی 48,48,48,48,48,48,48,48,48,48,48,48,48,48
فرکانس 11,52,53,53,53,53,53,53
فشار 5,5,5,5,5,5,5,5,5,5,5,5,5,5,5,5,5,5
فشارسنج 5
فشاری 5
فشرده 58,58,58,58
فضای 10,58
فضایی 48,57
فعال 58,58,58,58,58,58
فلزات 53,53,53,53
فلزی 22,53,53
فلکی 58,58
فناناپذیر 58
فناوری 48,5,5,5
فناپذیر 58
فهرست 58,58
فواصل 58,58,58
فوتون 53,53,53
فوریه 56
فیزیولوژی 5
فیزیک 11,22,3,5,50,53,57,57,57,57
فیزیکی 11,11,11,11,21,50,56,56,56,57,57,57,57,57,57,57
فیلترهای 48
قابل 10,10,11,11,21,21,22,48,49,49,49,5,50,50,51,52,52,53,54,55,55,56,56,56,57,57,58,58,58,58,58,58,58
قادر 11,11,11,58,58
قاصدک 48
قالب 5
قانون 22,22,48,50
قبیل 5,54
قدرت 54
قدیمی 53
قرار 21,4,4,48,48,49,5,53,53,54,58,58,58,58,58,58,58,58,58,58
قرصی 58
قرمز 48,48
قرون 53
قسمت 22,22
قسمتی 54
قطبی 53
قطبیدگی 52
قطری 58,58
قطعات 21
قطعیت 11,11
قطعیتی 10,10
قوانین 22,50
قیفاووسی 58
قیمت 5
لازم 5,5,55
لاندا 53
لایتناهی 58
لایه 53
لایهٔ 20
لحظه 5,5
لطفاً 11,49,56,57
لغتنامهٔ 58
لغزش 58
لوئی 57
لوتینگر 53
لیزری 21
لیگاندهای 53
مؤثر 58
ماده 21,22,22,48,48,48,51,52,53,53,53,53,53,58
مادی 57
مارپیچی 58,58,58,58,58,58,58,58,58,58,58,58,58,58
مارپیچیِ 58,58
مارچ 48
ماست 58
مانا 57
مانند 11,11,22,5,5,5,5,5,52,53,53,53,53,57,57,57,58,58,58,58
ماهیت 48
ماوراء 53
ماژلانی 58
ماکروسکوپیک 11
ماکروویو 22
ماکرویو 53,53
ماکسول 11
مایع 21
مایه 55
مبتنی 53
مبنای 5,5,57
متأثر 53
متحده 5,5,55,55,55,55,55
متری 48
متشکل 58
متصل 11,21,22,49,50,51,52,53,53,54,55,56,57,58
متعارف 58
متعلق 2,20,21,48,49,50,51,52,53,54,55,56,57,58
متغیر 10,58,58,58
متغیرهای 57,58
متغیرهایی 58
متفاوت 22,5,5,5,58
متفاوتی 11,57,58
متقارن 5
متمایز 57
متمرکز 11,58
متناسب 11
متناظر 10
متناقض 57
متوالی 5
متوجه 48,5
متون 58
مثال 11,11,22,4,48,50,53,56
مثالی 56
مثبت 22,22,53,53,53,53
مثلاً 54
مجازی 57
مجاور 58
مجزا 48
مجسم 11
مجموعه 56,58,58,58
محاسباتی 5
محاسبه 11,4,5,5,5,5,5,5,5,5,5
محافظانه 58
محافظت 48
محبوب 5
محتوای 11,11,21,22,49,50,51,52,53,54,55,56,57,58
محتویات 11,21,22,49,50,51,52,53,54,55,56,57,58
محدود 11,53,53,54
محدوده 48,53
محدودهٔ 58
محسوب 48
محصورسازی 55,55,55,55
محصولات 48
محفظه 5,5,5,5,5,5,5,5
محقق 11,11
محلی 48,48,58,58,58,58
محیط 21,5,5,51,53,53
مخالف 11,22,50,50
مختصر 11,22
مختلط 54,54
مختلف 11,22,48,5,53,54,58
مختلفی 48
مخزن 11,21,22,49,50,51,52,53,54,55,56,57,58
مخصوص 48
مخفف 58
مدار 58,58,58
مدتی 58
مدرج 5,5,5,5,5,5,5
مدرن 5,53,57
مرئی 53,53,53
مراتب 55
مراتبی 58
مراحل 58
مربع 48
مربوط 53,57,57
مربیان 5
مرتبط 58
مرزی 57
مرکب 53
مرکبی 22
مرکز 58,58,58,58,58,58,58,58,58
مرکزی 58
مزایای 5,51
مزبور 58,58
مسئله 11,11,58
مسائل 11,11,11
مسافتی 58
مساله 57
مستطیلی 11,11
مستقل 55
مستقلاً 11
مستقیماً 11,11
مسیر 57,57
مسیرش 57
مسیرهای 57
مسیری 57,57
مسیه 58,58
مشابه 10,48,48,58
مشاهده 11,21,22,48,48,52,53,53,55,55,58,58,58,58
مشترک 53,53
مشخص 11,11,58,58,58
مشخصات 5,53
مشخصی 22,58,58
مصرف 55,55
مطابق 22,22,48,55,58
مطالب 49,56,57
مطالعات 53
مطالعه 11,11,11,2,2,20,53,58
مطرح 11
مطلب 53
مطمئن 5
معادل 48,48,58
معادلات 57,57,57,57,57,57,57,57,57
معادله 11,48
معادلهٔ 11
معادلی 57
معتبر 53
معدنی 21
معرفی 5,5,5
معروف 55,58
معلوم 58
معمول 54
معمولا 57,57
معمولاً 11,11,22,48,48,53,53
معمولی 53,58,58
معنا 22,58
معناست 54
معنای 58
معنی 22,5
معکوس 22,57
معینی 56
مغناطیسی 20,21,21
مفاهیم 11,50
مفاهیمی 21
مفهوم 4,50,57
مفهومش 57
مفید 53
مقابل 4,48
مقادیر 56,57,57,58
مقالات 50
مقاله 11,56,56,57
مقاوم 5
مقاومتی 53
مقایسه 11
مقدار 10,10,48,56,56,57,58
مقداری 58
مقطع 52,58
مقطعی 58
مقیاس 11
مقید 53
ممکن 10,10,11,11,49,53,53,53,54,54,57,57,58,58,58,58
منابع 20,49,57
منابعی 2,20
مناسب 5
منبع 4,49,57
منبعی 58
منتشر 48,48,48,53,53
منجر 11,48,5,58
منحصراً 5
منحصربه 53
منسجم 58
منشور 48
منطقی 10
منعکس 58
منفرد 54
منفی 22,22,50,53
منهای 48
منکسر 22
مهاجرت 58
مهمترینِ 21
مهمی 11,52,55,57
مهندسی 22,53
مواجه 58
مواد 11,20,22,22,22,22,22,22,22,22,22,22,53,53,53,58,58,58,58,58,58
موادی 22,22,53,55,58,58
موارد 20
مواردی 5,54
موازی 5
موجبر 22
موجود 4,48,49,5,53,58
موجی 10
مورد 22,48,5,53,54,58,58,58,58
موردی 57
موضعی 10,10,53,53
موضوع 11,11,11,22,48,54,58,58
موقعیت 4
مولکول 51,51
مولکولی 53
موهومی 53
موکول 48
ميكانيكا 11
مکان 11,11,11,57
مکانی 54
مکانیزم 20
مکانیک 11,11,11,11,11,11,11,11,11,57,57
مکانیکی 10,53
مکعب 53
مکمل 48,48
مگاپارسک 58
میان 48,53,53,58,58,58,58,58,58,58,58
میانه 58,58,58,58,58,58,58,58
میتوان 53
میدان 11,53,53,53,53,53,55,55,55,57,57,57,57
میدانی 5
میزان 5,5,58,58
میلادی 5
میلیارد 58,58,58,58,58,58,58,58,58
میلیون 55,55,58,58,58,58,58
میکروسکوپی 53
نابود 48
ناحیه 11,48,53,53,53
ناحیهٔ 58
نادرست 50,50
نارنجی 48,48
ناشناخته 48,48
ناشناسی 58
ناشی 4,53,58,58,58
نامتعارف 22,22
نامگذاری 58,58
نامیده 50,55,57,58,58,58,58,58
نانوذرات 53,53
نانومتر 53
نانومتری 53
ناهمگون 58,58,58,58,58
ناپایدار 11
ناپدید 48,58
ناچیزی 58
ناگزیر 54
نباشد 10
نتایج 58
نتیجه 11,11,48,48,5,53,57,58,58
نتیجهٔ 11
نخست 50
نخستین 5,5,5,52,58,58,58,58
نخواهد 22
ندارد 22,4,57
ندارند 11,58
نزدیک 48,58,58,58,58,58,58,58,58,58,58,58,58,58
نزدیکی 11,58
نسبت 11,48,5,51,53,58,58,58
نسخه 21,22,49,5,5,5,50,51,52,53,54,55,56,57,58
نشان 11,48,5,58,58,58
نشانه 11
نشانگرشناور 5
نشانی 21,22,49,50,51,51,52,53,54,54,55,56,57,57,58,58
نظارت 5,5
نظامی 5,5
نظریه 10
نظریهٔ 11
نظیر 11
نفوذ 11
نفوذپذیری 5
نقطه 57,58,58
نقلیه 48,48
نمادین 5
نمای 53
نمایان 58
نمایش 5,5
نمایی 48
نمودار 58
نموداری 58
نمودی 57
نمونه 10,5,53
نهایت 5
نواحی 58
نوار 21,22,49,50,51,52,53,54,55,56,57,58,58,58,58,58,58,58,58,58,58
نواری 58
نوامبر 48
نوبل 11,21,21
نورآلی 53
نورانی 48,48,58,58,58,58
نورهای 48,48,48,48,48,48
نوری 48,48,48,48,48,53,53,53,53,57,58,58,58,58,58,58,58
نوزاد 58
نوسان 53,53
نوسانات 53
نوشتار 49,57
نوشیدن 58
نوکلئیک 51
نوین 5,50
نگارگری 58
نگاه 48,58,58
نیاز 4,48,5,5,5,51,53,56,58
نیازمند 11,56,56,56
نیازهای 5
نیتروژن 5,5,5
نیرو 49,49,50,50,50,50,50
نیروهای 49,58
نیروی 49,5,5,5,50,50
نیروی_حجمی 49
نیرویی 49,50,50
نیست 10,11,11,11,11,21,22,22,48,48,49,50,51,52,53,54,55,56,57,58,58,58,58
نیستند 22
نیلی 48
نیمه 11,48,48,5
نیمی 5
نیوتن 48,50
هااطلاعات 5
هابل 58,58
هاست 58
هالدین 5,5
هالهٔ 58
هانری 11
هانس 55
هانسن 5
هاوکینز 5
هایزنبرگ 11
هرشل 58
هرچند 21,22,49,50,51,52,53,54,55,56,57,58
هرکدام 53
هزار 58
هزاران 48,58
هستند 10,22,22,53,53,53,55,56,57,58,58,58,58,58,58,58,58,58,58,58,58,58,58,58
هسته 11,11,11,11,48,48,48,48,48,48,48,48,55,55,55,58,58,58,58,58
هشتاد 5
هلیوم 55,55
همان 11,5,50,51,58,58
همانند 22,57,58,58,58,58
همجوشی 55,55
همراه 48,48,48,5,58,58,58,58,58
همزمان 50
همسایگی 58
همسرش 58
همهٔ 21,21,22,22,49,49,50,50,51,51,52,52,53,53,54,54,55,55,56,56,57,57,58,58,58,58
همواره 22,57
همچنین 11,21,5,50,53,57,57,58,58,58,58,58
همگی 56
همیشه 10,5
همیلتونی 57,57
همین 11,21,22,49,50,51,52,53,53,54,55,56,57,58,58
هنگام 5
هنگامی 48,58,58
هوشمند 22
هوند 11
هویگنس 48
هیدروژن 55,55,58,58,58
وابسته 11,11,11,5
وابستگی 52
واحد 48,48,55,55
واداشت 58
وارد 21,21,21,22,22,22,48,49,49,49,49,50,50,50,50,50,50,51,51,51,52,52,52,53,53,53,54,54,54,55,55,55,56,56,56,57,57,57,58,58,58
وارن 53
واضح 10
واقع 11,49,58,58
واقعی 5,5,58
واقعیت 10,11,4
والگوریتم 5
واپاشی 11,11
واپسین 58
واژه 58,58,58
واژهٔ 58,58,58,58,58
واژگان 2,20,20,48,48,48,48,48,48,54,54,55,55,55,56,56,56
واکنش 48,50,50,53,53,53,55,55,55,55,55
واکنش_ 50
واین 55
وتولید 55
وجود 10,11,11,11,11,11,2,21,21,21,21,21,21,22,22,22,4,48,48,48,48,48,48,48,48,48,48,48,48,48,48,48,48,48,48,48,48,48,49,5,5,5,51,52,53,53,53,53,53,53,53,53,53,53,53,53,53,53,53,53,53,53,54,54,54,54,55,55,55,55,55,55,55,55,55,55,55,55,55,55,55,55,55,55,55,55,55,55,55,55,55,55,55,55,55,55,55,55,55,55,55,55,55,57,57,57,58,58,58,58,58,58,58,58,58,58,58,58,58,58,58,58,58,58,58
وجودی 22
وردشی 57,57
وسایل 48
وسطی 53
وسیلهٔ 53
وضعیت 56
وظیفه 53
وغبار 58
وقایع 53
وقتی 11,50,50,57
وگسترش 5
ویرایش 11,2,20,21,21,48,48,48,49,50,51,52,52,53,53,53,54,55,55,55,56,57
ویلیام 58
وینکل 5
ویژه 21,22,49,50,51,52,53,54,55,56,57,58
ویکی 21,22,49,50,51,52,53,54,55,56,57,58
پارامتر 10,58
پارسک 58,58
پارسکی 58,58,58
پاسخ 57
پاشندگی 22
پاشیده 58
پانویس 48
پایان 57,58
پایدار 21,22,48,49,50,51,52,53,54,55,56,57,58
پایستگی 57
پایه 48,48,48,50,58,58,58
پایهٔ 48
پایین 48,48,5
پتانسیل 11,11,11,11,11,4,4,4,57
پدید 48,58
پدیده 11,11,11,11,11,11,11,52,54
پدیدهٔ 11,52
پذیرش 11
پذیرفته 11
پراتلاف 53
پراش 51,51,53
پراش_پرتو_ایکس_در_زوایای_کوچک 51
پراکنده 48,52,58
پراکندگی 52,52
پراکندگی_تامسون 52
پرتو 51,51,51,51,51,51,53,53,55
پرتوی 48,48,48,48,48,48
پرشدت 52
پروتئین 51,53
پروتون 55,55,55
پروفایل 5
پسیو 20
پلاریتون 53,53,53
پلاسما 53,53,53,53,53,53,53
پلاسمای 21,55,55
پلاسمون 53,53,53,53,53,53,53,53,53,53,53
پلانک 53
پنجره 48
پهنا 58,58
پهناور 58
پهنای 58,58
پهنایی 58,58
پوزیترون 48
پوشش 20,54,54,54,54
پوششهایی 54
پویا 5
پُرآوازه 58
پژوهش 58,58
پژوهشگران 58
پژوهشی 55
پیدا 11,53,57,58,58,58,58,58
پیرامون 11,21,21,21,22,22,22,49,49,49,50,50,50,51,51,51,52,52,52,53,53,53,54,54,54,55,55,55,56,56,56,57,57,57,58,58,58,58,58,58,58
پیشرفت 5
پیشین 11,21,22,49,50,51,52,53,54,55,56,57,58
پیشینه 58
پیشینیان 58
پیموده 57
پیوسته 48,57,57,58
پیوند 1,11,21,21,22,22,22,48,48,49,49,50,50,51,51,51,52,52,53,53,53,54,54,54,54,55,55,56,56,57,57,57,58,58,58,58,58
پیوندهای 11,21,22,49,50,51,52,53,55,56,57,58
پیوندی 48
پیکسل 54,54,54
پیکسلهای_مختلط 54
چارلز 58
چالش 49,57
چراکه 54
چرخش 58,58,58,58,58
چرخشی 58,58
چرخه 55,55,55,55,55,55,55
چرخه_سیاناو 55
چنبره 55
چندان 58
چندین 11,11,53,54,57,58
چنین 58,58,58
چهار 55,55
چهارم 58
چگال 53
چگالی 11,53,53
چگونه 57
چگونگی 1,11,21,22,49,50,51,52,53,54,55,56,57,57,58
چیزهای 53
چیزی 58
چیست 22
ژرفی 57
ژوئن 50,52,54
ژوئیه 52
ژوئیهٔ 21
کائناتی 58
کاتالوگش 58
کاتالیزور 55
کارایی 21
کاربرد 11,22,53
کاربردش 58
کاربردهای 11,53,53
کاربردی 53
کاربری 21,21,22,22,49,49,50,50,51,51,52,52,53,53,54,54,55,55,56,56,57,57,58,58
کارل 55
کازئین 53
کافی 11,11,11,53
کامل 48,5,56,57
کاملاً 10,48,58
کامپیوتر 5,5,5
کامپیوترهای 5,5,5,5,5
کامپیوتری 53
کاندون 11
کاندیداهای 58
کاهش 11,11,48,5,5,58
کاهنده 5,5,5,5,5,5,5
کتاب 48,48
کربن 55
کردن 21,22,49,50,51,52,53,53,54,55,56,57,57,57,57,58,58
کردند 11,58
کرده 11,48,48,57,57,58
کرهٔ 58
کروی 58,58
کریستالوگرافی 51
کشید 56
کشیده 49,57,58,58
کلاسیک 11,11,11,57,57,57,57
کلاسیکی 11,11,11,53
کلرواش 11
کلرک 53
کلوئیدی 53
کلید 11
کلیساهای 53
کلیه 48,58
کم 10,5,57,57,57,57
کمابیش 58,58
کمتر 55,55,58,58
کمیت 10,57
کمیت_فیزیکی 56
کمینه 57
کمیّت 57,57,57
کنار 48,5,5,58
کناری 21,22,49,50,51,52,53,54,55,56,57,58
کنترل 5,53,53,53
کنسول 5
کنش_ 57
کننده 57
کنید 11,4,48,53,58
کنیم 57,58,58
کهنه 57
کهکشان 58,58,58,58,58,58,58,58,58,58,58,58,58,58,58,58,58,58,58,58,58,58,58,58,58,58,58,58,58,58,58,58,58,58,58,58,58,58,58,58,58,58,58,58,58,58,58,58,58,58,58,58,58,58,58,58,58,58,58,58,58,58,58,58,58,58,58,58,58,58,58,58,58
کهکشانی 58,58,58,58,58
کوارک 53,53
کوازار 58,58,58,58,58,58
کوازارهای 58
کوانتوم 53
کوانتومی 11,11,11,11,11,11,11,11,11,11,53,57
کوتاه 5
کوتوله 58
کوندو 53
کوپر 11
کوچک 48,5,51,51,53,53,58,58,58,58,58,58
کوچکتر 22,58
کوچکی 58
کیلو 48
کیهان 58
کیهانی 58
گازهای 58
گازهایی 58
گازی 58,58,58,58,58,58,58,58
گاما 48,48,48,48,48,48,48,48,48,48,48,48,58
گامای 48
گاموف 11
گاهی 48,57
گذار 48,48,48,48,48
گذارده 5
گذارهای 48,53
گذارهایی 48
گذرا 48
گذردهی 53
گذشته 58,58
گذشتگان 58
گرانش 50
گرانشی 57,58,58,58
گردآوری 54
گردد 50,58
گردوغبار 58
گردِ 58
گرفت 11
گرفته 4,48,5,5,50,53,57,57,58
گرمای 48
گرمایی 48
گروه 11,58,58,58,58
گروهی 10,10,58,58
گرچه 21,22,49,50,51,52,53,54,55,56,57,58
گزینه 58
گسترده 58
گسترش 11,11,11,57,58
گستره 58,58
گسیل 1,53
گفته 10,2,22,48,48,53,54
گمان 57,58,58
گندم 54
گورنی 11
گوناگون 57,57,58
گوناگونی 57
گونه 48,58,58
گونهٔ 58,58
گویند 58
گیرد 57
گیرنده 48,58
گیری 57,57
گیگاهرتز 53
یادکرد 1,11,21,22,49,49,50,51,52,53,54,55,56,57,57,58
یاربوروف 5,5
یافت 11,22,54,58,58
یافتند 11
یافته 5,57
یعنی 4,58,58
یونانی 58,58,58
یونی 48
یکای 57
یکدیگر 48,53,58,58
یکسان 48,5,57
