آثار 11
آرایه 11
آرگومان 58
آزاد 11,11,5,9,9,9
آزادی 10
آزمایش 10,10,10,10,10,10
آزمایشهای 10,10
آزمایشهایی 10
آسانتر 58
آسانی 7
آسمانی 58
آغاز 5,9
آفتاب 58
آلبرت 3
آلفونسو 58
آلمان 3
آماده 10,10
آماری 10,10,10,9,9,9
آمد 5
آمدن 5,58
آمده 58
آمریکا 59
آمسترانگ 23
آموزش 5,5,5,5,5
آموزشی 5,5,5
آنتروپی 9
آنجا 10,10,9
آنهایی 10
آنچه 10,58
آنکه 5
آنگونه 10,10
آهستگی 11,11
آوردن 10,7
آوریل 1,9
آیتم 10,23,3,4,59,6,60,7,8,9
ابتدا 10,10
ابتلا 5
ابداع 11
ابراز 10
ابراهیم 58
ابرخوشه 58
ابررسانایی 11
ابرهای 58,58
ابزار 5
ابزارگرا 10
ابزارگرایانه 10,10,10,10
ابزارگرایانهٔ 10
ابزارگرایی 10,10
ابزاری 10
ابعاد 6,6,6,6,6
ابعادش 6
ابهام 10
ابوبکر 58
اتریشی 9
اتصال 11,11,6
اتصالات 11
اتصالی 11
اتفاق 11,11,11,11,5
اتمسفر 5
اتمی 11,8
اثبات 11,22,8
اجباری 1,10,23,3,4,59,6,60,7,8,9
اجرام 58
اجزاء 23
اجسام 59,59,59,59
احتمال 10,10,10,10
احتمالات 10
احتمالاتی 10,10,10,10,10
احتمالاً 10,10
احتمالهایی 10
احتمالی 10
اختر 6
اختراق 58
اخترشناسان 59
اخترفیزیک 6
اختلاف 10,8
اختیار 10
اختیاری 1,10,23,3,4,59,6,6,60,7,8,8,9
اخوان 58
اخیر 1,1,10,10,23,23,3,3,4,4,5,59,59,6,6,60,60,7,7,8,8,9,9
ادامه 10,23,60
ادبی 10
ادعای 10
ادغام 3
ادوارد 23
ادیب 6
ارائه 10,10,10,10,5,5,59
ارائهٔ 10
ارتباط 10,10,10,10,10,10
ارتفاع 11,5,5,58,6
ارتفاعات 5,5,5,5
ارجاع 5,5,58,58
اردک 58
ارزش 6
ارزی 9,9
ارضا 11
ارنست 9
اروپائیان 58
اروپایی 11
اساتید 3
اساس 10,10,11
اساسی 10
استانبول 58
استاندارد 10,10,4,5,5,58,58
استانفورد 58
استحاله 8
استراحت 5,5,5,5,5
استفاده 1,10,10,10,10,10,10,10,11,11,11,11,11,22,23,3,5,5,5,5,5,5,5,59,6,6,60,7,7,7,7,8,9,9,9
استفادهٔ 10,9
استوایی 58
استوکلی 59
اسطرلابی 58
اسملوچوفسکی 8
اسنل 22,22
اسپیس 5
اشاره 10
اشباع 5,5,5,5,5
اشتباه 10,10,6
اشتراک 10
اشغال 58
اشکال 6
اشیاء 58
اصفهان 9
اصلی 1,10,10,23,3,3,4,59,6,6,6,6,6,60,7,8,9
اصول 10,23
اصولاً 10
اطراف 10,59,59
اطلاعات 1,10,10,22,23,3,4,59,6,60,7,8,9
اطلاق 58
اعتماد 10
اعداد 10,10
اعضای 3,3,3
اعمال 11,11,11,5,5
اغلب 10
افرادی 5
افزایش 10,10,10,11,11,11,5,5,5,59
افزوده 8
افلح 58
اقدامات 59
اقناع 10
البته 11,11
الحاقی 10
الدین 58
الشکر 58
الغا 10
الفيزيائية 3
القا 10,10
المشتاق 58
الکتروستاتیک 4
الکترون 11,11,11
الکترونهای 10
الکترونیکی 11,58
الکتریسته 4
الکتریکی 4,4,4,4,4,4,4,4,4
الگو 10,22,22,23,23,5,5,5,5,5,5,5,58,58,58,59,59,6,6,60,60,9
الگوی 10,10,10,5,5,5,5,58,58,59,59,59,6,6,60,60
الیاسمین 6
امتداد 59
امروزه 10,5,5,5
امروزی 5,5,5
امری 5
املا 10
امواج 22
اموری 23
اموی 58
امکان 10,10,10,11,11,23,3,4,4,59,6,60,7,8,9
امیل 9
انبساط 9
انبوهی 58
انتخاب 3,5
انتزاعی 10,10
انتشار 11,23,9
انتظار 10,10,58
انتقال 10,6
انتقالی 58
انتهائی 5
انجام 10,10,10,10,11,11,23,3,3,4,4,4,5,5,5,5,5,5,5,59,59,6,60,7,7,8,9
انجمن 3,3,3,3,3,3,3,3,3,3,3
اندازه 11,58,6,6
اندازهٔ 10,4
اندکی 11
انرژی 11,11,11,11,11,22,22,22,22,4,58,58,58,9,9
انرژی_پتانسیل_الکتریکی 4
انسان 10
انشا 10
انواع 10,5,58
انگلیسی 6
انیشتین 10,10,10,3
اهمیت 10,4,5
اواسط 9
اوردی 58
اوشیانیک 5
اوقات 6
اولین 11,59,59,9
اولیه 10,8
اولیهٔ 10,10
اونزاگر 9
اوّلیّه 9
اپتیک 11
اکثر 5
اکسیژن 5
اکولوژیکی 22
اگرچه 10,10
ایالات 5,5
ایجاد 10,10,11,11,11,11,4,5
ایده 59
ایست 5,6
ایفا 10,10
ایمن 5,5
ایمنی 5
اینجا 11,11,22,22
اینصورت 11
اینکه 10,10,10,10,11,11,5,59,59
اینگونه 10,10
ایوانویچ 6
بااستفاده 11,5
بابلی 58
بارز 6,6
بارهای 4
باریک 11,11
بازتاب 22
بازتابیده 11
بازشناسی 22
بازگشت 5,5,5,5,5
باشد 10,10,10,11,11,11,11,11,11,58,58,7
باشند 11,22,22,8
باعث 10,10,58,59
بافت 5
باقی 5,5,5,58
بالا 10,10,11,22,5,6,6,6,6
بالاتر 5,5
باهم 59
باور 6
بایاس 11,11,11,11,11
باید 10,10,11,11,11,4,59
ببینیم 10
بتوان 10
بحثهای 10
بحرانی 8
بخشی 10,58
بخواهیم 59
بداشت 5
بدان 59
بدست 3,7
بدنش 5,5
بدون 10,5,5,5,5,5,5,5
بدین 22,22
برآورد 4
برآیند 11
برابر 11,4,4,5,58,58,59,7,7,7
برابراست 59
برابری 10
براد 23
براونی 9
برای 1,1,10,10,10,10,10,10,10,10,10,10,10,10,10,10,10,10,10,10,10,10,10,11,11,11,11,11,11,11,11,11,11,22,22,23,23,3,3,4,4,4,5,5,5,5,5,5,5,5,5,5,5,5,58,59,59,59,59,59,59,59,6,6,6,6,6,6,6,6,60,60,7,7,7,7,7,8,8,8,8,9,9,9
برجسته 10
برخورد 10,11,11,9
برخوردار 4
برخورداری 5
برخوردِ 58
برخی 10,10,10,5,58,58,58
بردار 10,10,22
بردارهای 10,10
برداری 10,11,58
برداشت 5,5,5,5,5,5,5,5,5,5,5,5,6
بردند 5
برده 10,11
بررسی 11,6
برساخته 6
برقرار 11
برلین 3
برندم 23
برندهٔ 10,3
برنهارد 3
برهمکنش 10,10,59,59,59
بروز 5
بروگلی 10
برچسب 10
برگزار 3
برگس 23
برگشت 10
برگیرنده 58
بزرگ 3,58,58,58,58,58,59,59,6
بزرگتر 11
بزرگتری 58
بزرگی 59
بسازید 10,23,3,4,59,6,60,7,8,9
بستر 5,5,5,5
بسته 11,11
بستگی 59
بسیار 10,11,22,5,5,5,9
بسیاری 10,11,7
بطروجی 58
بطلمیوس 59
بعدهای 6
بعدی 10,11,11,11,5,6,6,6,6,6,6,6,6,6,6,6,6,6
بعضی 10,11
بقیه 11
بلند 60
بلندا 6
بلکه 10,6
بنابراین 10,11,4,5
بنای 58
بندی 11
بنیادی 58,9
بنیادین 23,6,6,6,60,60,9,9
به 5,5,6
بهاری 3
بهبود 10
بهتر 10,11
بهره 11
بوجود 58,58
بودجهٔ 3
بودن 10,10,10,10,10,10,10,10
بوده 5,5,59
بولتسمن 9
بوهر 10
بویس 3,3
بکار 5
بکارگیری 5
بگیرد 11,59
بگیرید 4
بگیریم 59
بیان 10,10,10,10,10,10,11,6,6,6,7
بیانگر 7
بیدوامی 7
بیزانسی 58
بیش 11
بیشتر 10,10,10,10,11,11,22,23,3,3,4,5,5,58,58,59,59,6,6,60,60,7,7,8,8,9,9
بیشتری 11
بیضوی 58,58,6
بیضی 59
بیفتد 11
بیماری 5,5
بینهایت 4,4,4
بیژن 58
تأثیر 59
تأمین 3
تأیید 10,5,5
تئوری 10,5,5,5,8,8,8
تئوری_بکر 8
تابع 10,10,10,10,10,10,10,10,11,58,58
تاریخ 3
تاریخی 10
تبدیل 10,10,10,10,7
تبدیلهای 10
تبدیلهایی 10
تبدیلی 10
تبعیت 5
تثبیت 11
تجاری 22,3,5,58,59,6,60,7,8,9
تجربی 10,10,10,10
تجهیزات 5
تجویز 5
تحریف 10
تحقق 6
تحقیقاتی 11
تحلیل 10,11
تحلیلی 23
تحولی 59,59
تخصیص 10
تداخل 10,10,11,5
تدریجی 5,5
ترانزیستور 11
تراکم 5,5,5,5,5,5,5,5,5,5,5
ترتیب 10,10,58,6
تردد 5
ترسیم 22
ترمودینامیک 9,9,9
ترمودینامیک_آماری 9
ترمودینامیکی 7,9,9,9,9,9
ترکیب 10,10,6,9
ترکیبی 6
تریبون 3
تشدید 11,11,11
تشدیدکننده 5
تشعشع 58
تشکیل 10,10,11,11,3,3,3,58,58,58,6,9
تصادفی 1,10,10,10,23,3,4,59,6,60,7,8,9
تصادم 58
تصاویر 10,23,3,4,59,6,60,7,8,9
تصحیح 11
تصور 6,6
تصویر 10,11
تصویری 10,10
تعابیر 10,10,10,10,10,10,10,10,10,10,10,10
تعابیری 10,10,10
تعامل 4
تعبیر 10,10,10,10,10,10,10,10,10,10,10,10,10,10,10,10,10,10,10,10,10,10,10,10,10,10,10,10,10
تعبیرکنندهٔ 10,10
تعبیری 10,10
تعداد 58,6,9
تعداداعضای 3
تعدادی 11
تعریف 10,11,6,6,6,6,7,7
تعمیم 59,6,6,8
تعیین 10,10,10,11,11,5,59,59
تغییر 10,11,11,11,11,11,22,59
تغییرات 1,10,23,3,4,59,6,60,7,8,9
تغییراتی 10
تفاوت 11,6
تفریحی 5,5,5,5,5,5,5,5,5,5,5,5
تفسیر 9,9
تفسیرهای 10
تفسیرهای_مکانیک_کوانتومی 10
تقدیمی 58
تقریب 11,11,11,11
تقریبهای 10
تقریبی 11,11,59
تقسیم 10,11,5
تقلیل 23
تلاش 10
تلاشی 10
تلفن 22,3,5,58,59,6,60,7,8,9
تماس 60
تمام 10,59,59,59
تمامی 23,5,5
تمایز 10
تمایل 10,5,7,7
تناظر 10
تنظیم 11
تنها 6,6
تهیه 5,59
توابع 10,10,10,10,7
توابعی 10,11
توان 11,11,11,11,22
توانائی 5
تواناییهای 10
توانست 59
توانی 11
توجه 10,10,11,11,22,5,59
توجهش 59
توزیع 10,10,10,10,10,10
توزیعی 10
توسط 10,10,10,11,11,23,5,5,5,5,5,5,58,58,58,58,59,59,59,60,8,9,9,9
توسعه 5
توسعهٔ 10
توسل 23
توصیف 10,10,10,10,10,10,10,10,10,10,10,10,10,10,10,10,10,10,10,11,59,59,6
توصیفهای 10,10,10
توصیه 5
توضیح 10,10,10,10,10,11,11,59
توضیحی 10
توقف 5,5,5,5,5,5,5
توقفی 5
تولد 58
تولید 10,10,11,11,58
تولیدکنندهٔ 4
تونل 11,11,11,11,11,11,11,11,11,11,11,11,11,11,11,11,11,11,11,11,11,11
تونلی 11,11,11
تکامل 10,10
تکراری 5
تکنولوژی 11
ثابت 11,11,11,59,6
ثانیه 59
جابجایی 11,6,6,6
جابر 58
جادویی 58,58
جاذبه 11,59
جاروب 59
جالب 9
جامد 11,5,5
جامعه 3,5
جاگذاری 11
جایزهٔ 3
جایگزین 10
جایی 11
جداول 5,5,5
جدید 3,6
جدیدی 10
جرمدار 59
جرمهای 59
جریان 11,11,11,11,11,11,11,11,7
جزئیات 1,22,3,5,58,59,6,60,7,8,9
جزایر 58
جستارهای 23,5,58,6,8,9
جسمی 10,5,5
جغجغه 9
جلسات 3
جمشید 58
جملات 11
جمله 10,11,5
جملهٔ 10
جنبشی 9
جنجالی 10
جهان 10,10,3,3,58,58,58,6,6
جهانی 3,59,59,59,60,60
جواب 11,11,11,11,11,8
جوامع 3
جوانه 8,8
جوزفسون 11,11
جونز 60
جکسن 23
جیمز 9
حاصل 11,8
حاصله 9
حاضر 10,3
حالت 10,10,10,10,10,10,10,10,10,10,11,11,11,11,5,5,7,7,7,7,7
حالتی 4
حالیکه 59
حامدبن 58
حامی 10
حاوی 58
حباب 5
حبابهایی 5
حتماً 7
حجمی 58
حداقل 10,11,11,5,5,5,5,5,58
حداکثر 11,5
حدود 10,11,11,58,58
حرارت 9
حرارتی 9,9,9
حرکت 11,11,11,58,59,59,59,59,59,59,59,59,59,59,6,60,9
حساب 1,10,10,10,23,23,3,3,4,4,4,59,59,6,6,6,60,60,7,7,7,7,8,8,8,9,9,9
حضور 10
حفره 58
حقوق 10
حقیقت 10,59
حقیقی 10,10,11,11,7
حلالیت 5
حلقه 58
حیدری 6
خارج 10,11,5,58
خارجی 4
خازن 58
خاصی 10,10,10,11,6
خاطر 58
خالص 10
خانهٔ 3
خبرنگارهای 3
خصوص 10,23,3,4,59,59,6,60,7,8,9
خطرناک 5
خطور 59
خلاف 10
خلیلی 58
خمیدگی 6
خواص 59,9
خوانده 58
خواهد 11,11,11,22
خواهند 10,11
خواهیم 4
خوبی 10
خودداری 10,10,5
خودش 4
خورشید 58,59,59,59,59,59,59
خورشیدی 11
خوشه 58,58
خوشهٔ 58,58
خیلی 11,58,58,58,9
دادن 10,10
داده 10,10,10,10,10,10,10,10,11,11,11,23,3,4,5,59,59,59,59,6,6,60,7,8,9
دادهٔ 9
دارای 10,10,10,10,10,10,10,10,11,11,22,23,23,3,5,5,5,58,58,58,58,59,59,59,59,6,6,6,6,60,60,60,60,60,7,7,8,8,8
دارد 1,10,10,11,11,11,22,23,3,3,4,5,59,59,59,6,60,7,7,8,9
دارند 10,10,10,10,10,10,10,10,10,11,58
داریم 11
داشت 11
داشتند 10
داشته 10,10,10,58,58,7
داغی 10
دامنه 11,11
دانسته 10
دانش 6,9
دانشجو 3
دانشمندان 9
دانشنامهٔ 10,10,23,23,3,4,59,59,6,6,6,60,60,7,7,8,8,9,9
دانشگاه 58,9
دایره 59
دایروی 58
دبگر 11
درازا 6
دران 6
درباره 5,58
دربارهٔ 10,10,11,22,23,23,3,4,5,5,5,58,58,59,59,6,6,6,60,60,60,7,8,9,9
دربرگیرنده 58,58
درتسکه 23
درختان 59
درخشان 58
درست 10,60
درستی 10,10
درون 11,11
درکی 10
دریا 5
دریافت 11
دریایی 5
دسامبر 58,6
دستاوردهای 59
دستخوش 10
دسترس 1,22,3,5,58,59,6,60,7,8,9
دسترسی 11
دسته 10,5
دستگاهی 60
دعوت 10,23,3,4,59,6,60,7,8,9
دفتر 3
دفعات 10
دقتی 11
دقیق 10,10,10,11,5,5
دقیقاً 10,7
دقیقه 5,5,5,5,5
دقیقی 59
دلیل 11,22,22,5,5,5,5,5
دمای 22
دمبل 58
دنبال 58
دنیاهای 10,10
دنیای 10,6
دهند 10
دهنده 11,5,7
دور 58
دوران 58,58,59
دوردست 10
دوره 59
دورینگ 8
دوستان 59
دوشیزه 58
دومی 11,4
دکارت 23,23
دکتر 3
دگرگونی 58
دیجیتالی 22,8,8
دیدن 58
دیده 11
دیفرانسیل 60
دیواره 5,5
دیوارهایی 58
دیود 11,11,11,11,11,11
دیگر 10,10,10,10,10,10,22,23,23,3,3,4,5,58,59,59,6,6,60,60,60,7,7,7,8,9
دیگری 10,10,10,3,5,5,59,6,7,8
ذاتی 11
ذرات 10,11,58,59,59,59
ذرّات 9,9,9
ذهنش 59
رئیس 3
رابطهٔ 10,10,11
رادیواکتیو 11
رادیویی 58
راست 6
راستای 11,6,6,6
راستایی 11
راهنمایی 10
راهکارهای 5
راهی 10
رایج 10,10,5
رتبهٔ 10
رخداد 58
ردیف 58
رساله 9
رسانا 11,11,11,11,11,11
رسانای 11
رسانایی 11,11,11,11
رسمی 10,10,3
رسمیت 10
رسید 10
رسیدن 5,5,5,5,5
رشته 58
رعایت 5
رفتار 11,11,23
رفته 59,59
رقیبی 10
رموز 58
رهاشده 5
رهیافت 10,10
رهیافتهای 10
روبرت 9
روزهای 5
روزی 10
روشن 10,10,58
روشنی 10,10
روند 10,60
رویدادهای 1,10,10,23,3,4,59,6,60,7,8,9
رویکرد 10
ریاضی 10,10,10,10,10,10,10,10,10,10,10,10,10,10,11,11,23,23,60
ریاضیات 10,10,10,11,11,59,6
ریسمان 6
ریشه 6
ریموند 3
زبان 10,10,10,23,23,23,3,3,3,58,58,58,59,59,59,60,60,60,7,7,7,8,8,8
زدائی 5,5,5,5,5,5
زفانیا 23
زمان 10,10,11,11,5,5,5,5,5,5,5,6,6
زمانهای 59
زمانی 10,10,11,58,59
زمانیست 5
زمین 58,58,58,59,59,59,59,59,59,59,59,59,59,59
زمینهٔ 3
زیاد 11
زیادی 58,9
زیرا 7
سؤالاتی 10
ساخت 1,10,23,3,4,59,6,60,7,8,9
ساختار 10,10,10,58,58,6,6
ساختارهای 58,58
ساختاری 58
ساختن 5
ساخته 22,5,60
ساده 10,11,6
سادگی 10,22,7
سازمان 22,3,5,58,59,6,60,7,8,9
سازوکار 11
ساعت 1,22,3,5,5,5,58,59,6,60,7,8,9
سالم 5,5
سالیانه 3
سامانه 1,10,10,10,23,23,23,3,3,3,4,4,4,4,4,59,59,59,6,6,6,60,60,60,7,7,7,8,8,8,9,9,9
ساکابی 6
ساکت 5
ساکن 5,5
سایت 3
ستاره 58,59
سدهای 11
سدهایی 11
سدهٔ 9
سراسر 10
سرانجام 23
سرشناسی 3
سرعت 11,5,5,5,5,5,5,5,58,59,8
سرعتی 5,58
سرواژه 6
سطحی 5,5,5
سطوح 5,5
سعدی 9
سفید 58
سقوط 59
سلامت 5,5
سلطانی 58
سلطنتی 59,59
سمرقندی 58
سنتی 10
سوانح 5
سوخت 22
سوختی 22,22
سوزن 11,11,11
سونتو 5,5
سویسی 9
سویه 58
سپتامبر 6,8
سیارات 59,59,59
سیاره 59,59,59,59
سیاه 5,58
سیستم 10,10,10,10,10,10,10,10,10,10,5
سیمپلکس 6
سینتیک 9
شامل 10,10,10,4,5,58,58,58,8
شاید 58
شبیه 11,11,6,6
شتاب 59
شتابان 10
شدتی 9
شدگی 11
شدید 10
شرایط 10,8
شرایطی 11
شرودینگر 11,11,11,11,11
شروع 11,11
شمار 58,9
شمسی 59,59,59
شناخت 23
شناخته 3,5,58,6
شناختی 6
شناسان 58
شناسایی 10
شناور 5
شناورهای 5
شوند 10,11
شوید 1,10,10,23,23,3,3,4,4,59,59,6,6,60,60,7,7,8,8,9,9
شکاف 10
شکلی 6
شیرجه 5,5,5,5,5
شیری 58
شیشه 11
شیمیایی 7,7,7,7
صادق 22,22
صحبت 10
صحیح 5
صدمات 5
صرفاً 10
صرفنظر 59
صعود 5,5,5,5,5,5,5
صفار 58
صفجه 1,10,23,3,59,6,60,7,8,9
صفحه 1,1,10,10,10,10,22,23,23,23,23,23,3,3,3,3,3,4,5,58,59,59,59,59,59,59,6,6,6,6,6,60,60,60,60,7,7,7,7,8,8,8,8,8,9,9,9,9,9
صفحهٔ 1,10,10,10,23,23,23,3,3,4,4,59,59,59,6,6,6,60,60,7,7,7,8,8,8,9,9,9
صفرم 9
صنعت 3
صنعتی 5,5,9
صورت 10,10,10,10,10,10,10,10,10,10,10,11,11,11,11,11,22,22,23,3,4,5,5,5,5,58,58,59,59,6,6,6,6,60,7,8,9,9,9
صورتهایی 10
صورتی 10,22,5
ضخامت 11,11
ضربهٔ 9
ضروری 5
ضریب 22
ضریر 58
طبیعت 10,10,23
طبیعی 22
طراحی 5
طرفی 59
طوری 11
طولانی 5
ظاهر 10,9
ظاهراً 10
ظاهری 58
ظرفیت 5
عادی 5,5,6
عامل 4
عایق 11
عبارات 10,10,6,6
عبارت 10,10,10,10,10,10,11,22,23,3,4,59,59,6,60,7,7,7,8,9
عبارتند 10,10,10,5
عبدالعلی 58
عبدالمالک 58
عبدالواجد 58
عبور 11,23
عبوری 11
عجیب 10
عددی 6
عربی 58,6
عرضی 58
عظیم 58,58,58,58
علاقهٔ 10
علامت 11,11
علامتی 22,3,5,58,59,6,60,7,8,9
علاوه 10,10,10,10,10,6
علمی 10,3,3,3,3
علوم 59,59,6
عملگر 10,10
عملگرهای 10
عملگرهاییست 10
عملیات 10,10,10,10,5
عملیاتی 10
عملیست 5
عمومی 6,6
عمگرهای 10
عناصر 10,10
عناصری 10
عنوان 10,10,10,10,10,11,11,3,3,3,3,3,5,6,6,6,6,7,7,7,7,9
عوامل 5
عیسای 58,58
عیسی 58,58
غالباً 10,5,5
غریب 10
غلظت 5
غواص 5,5,5,5,5,5,5,5,5,5,5,5,5,5
غواصان 5,5,5,5,5
غواصانی 5
غواصی 5,5,5,5,5,5,5,5,5,5,5,5,5,5,5,5,5,5,5,5,5,5,5,5,5,5,5,5,5,5,5,5,5,5,5,5,5,5,5,5,5
غوصهائی 5,5,5
غوصهای 5
غیرانتفاعی 22,3,3,5,58,59,6,60,7,8,9
غیررسمی 6
غیرضروری 10
غیرطبیعی 10,10
فارسی 58,58,58,58,6,6
فازهای 7
فازی 7
فاصله 11,11,58,58,58,58,59,59,59
فاصلهٔ 4
فرآماده 22
فرآیند 8
فرآیندهای 8
فراتر 5,59
فراریت 7
فراسوی 23
فراهم 10,10,10
فرایند 10,10,10,58
فرایندهای 10,10
فرایندهایی 10
فرضیه 60
فرمول 10,11
فرمولاسیون 10,10,10,10,10,10,10,10
فرمولی 10
فرهنگ 6
فروکاستگرایی 23
فروکاهی 23
فریدریش 6
فشار 5,5,5,5,5,5,5,5,5,5,5,5,5,5,5,5,5,5,7,7,7,7,7,7,9
فشارهای 5
فشارگذاری 5
فشارگزاری 5
فشاری 5,5,5
فضاست 11
فضای 10,10,10,59,6,6,6,6
فضایی 10,10,10,10,6,6
فعال 5,5
فلزات 11
فلسفه 23,23,60
فلسفی 10
فناوری 5
فهمید 10
فوتبال 59
فوران 58
فوریه 60
فوگاسیته 7,7,7,7,7,7,7,7,7
فکری 10
فیزیولوژی 5,5
فیزیک 10,11,11,11,11,3,3,3,3,3,3,3,3,3,5,5,6,6,6,60,9
فیزیکدان 10,10,10,59,9
فیزیکی 10,10,11,6,6,7,7,7
فیلسوف 10
قابل 10,10,10,10,10,10,10,10,10,10,10,10,11,22,22,23,3,3,4,58,59,6,6,60,60,7,7,8,9
قابلیت 22,5
قالب 59
قانون 22,22,22,22,59,59,59,59
قبطی 58
قبلی 5,5
قبول 10,9
قدیمی 10
قرار 10,10,11,11,11,22,3,4,5,5,5,58,58,59,59,6,7,9
قرون 58
قسمت 11,11,58
قطعات 11
قطعه 11,58
قطعی 10
قطعیتی 10
قلمرو 59,59
قواعد 10
قوانین 10,10,5,59,59,59
لئونایدوویچ 6
لازم 6,7
لانگشاو 23,23
لحظه 5
لزوماً 10,11
لطفاً 10,10,10
لوئیس 23,23
لودویگ 9
لوزی 6
لوشمیت 9
لوله 22
لیتیم 22
مأموریت 59
مؤثر 5,5
ماجرا 58
ماده 5,7,7,7,7,7,7,7,7
مادی 10
ماردینی 58
مارس 22,5
مارپیچ 58
مارپیچی 58
مالت 23
مانع 10
مانند 10,10,10,10,10,10,10,10,10,3,5,5,5,5,58,59,7
ماژلانی 58,58
ماکروسکوپی 11
ماکس 3
ماکسول 9
مایع 11,5,5
مباحث 10
مبانی 5,9
مبحث 10
متحده 5,5
متخصصان 10
متراکم 58,58
متشکل 10,58,58
متصل 10,23,3,4,59,6,60,7,8,9
متضاد 10
متعاقب 59
متعدد 10,5
متعلق 22,3,5,58,59,6,60,7,8,9
متغیر 11,11
متفاوت 10,11
متفاوتند 10
متفاوتی 10
متقابل 9,9
متمایز 10,11
متمایل 10
متناسب 59
متناظر 11,11,11,11
متنوعی 3
متوالی 5
مثال 11,6,6,6,7
مثالهایی 10
مثالی 10
مثبت 11,11,11,11,11,11,6
مثلاً 6,6
مثلث 6
مجاز 5,5
مجازیست 5,5
مجاورت 4
مجدد 5,5
مجدی 58
مجذور 59,59
مجمع 58
مجموع 23
مجموعهٔ 10
محاسبات 10,5,5,7
محاسباتی 10,10
محاسبه 10,5,5,5,5,5,5,59,7,7
محاسبهٔ 10,10
محتوای 1,10,10,23,3,59,6,60,7,8,9
محتویات 10,10,23,3,59,6,60,7,8,9
محدود 10,10
محدوده 5,5,5,5
محدودیت 10
محسوب 5,59,59
محلول 5,5,5
محلی 58
محمد 23,58,58,58,58,58,58
محیط 11,11,11,11,11,11,11,22,22,5,5,5,8
محیطهای 5
محیطی 5
مخترعان 3
مختصات 6
مختلف 11,11,5,5,5
مخرج 11
مخزن 10,23,3,4,59,6,60,7,8,9
مدارات 59
مدرن 10,5,5,5
مدور 58
مدیریت 3
مذکور 58
مراتب 11,11
مراحل 10,5
مراکز 58
مربوط 10,10,10,10,11,11,23,6,9
مربیان 5,5,5
مرتبه 11
مرجع 4
مرحله 5,5,5
مرزهای 58
مرسوم 5
مرکز 3,58,58,58,59,59,59,59,9
مرکزی 3,58,58,59
مریهو 23
مزدوج 9
مسئلهٔ 10
مسائل 59
مسائلی 10
مساحتهای 59
مساوی 59
مستطیل 59
مستطیلی 11,11
مستقل 11
مستقیم 10,10,10,11
مستقیماً 7
مسطح 58
مسلح 58
مسلمانان 58
مسیر 11,5,59
مشاهدات 10,10,58
مشاهداتی 10
مشاهده 10,10,22,23,5,5,5,58,58,59,6,6,60,9
مشاهدهٔ 10
مشخص 10,10,10,5,5,7,7,8
مشخصی 10,10
مشغول 59
مشهور 59
مشکل 10,10,11
مشکلات 10
مصرفی 11
مصنوعی 22
مطالعه 11,11,5,59,6,8,8
مطالعهٔ 23
مطرح 59,9,9
مطمئن 5
مظفر 58
معادل 10,10,10,10,5,5,58
معادلات 10,22,8,9
معادله 11,11,11,11,11,11,11,11,11,11,11
معادلهٔ 10
معانی 10
معتبر 5
معرفی 10,23,59
معروف 10
معلولی 10
معمولاً 10,10,10,11,5,5
معمولی 58
معنایی 10
معنی 10,10,22,6
معکوس 11
مغایرت 5
مغناطیسی 59,59
مفاهیم 10
مفروض 59
مفهوم 10,59,6,6,6,7
مفید 11
مقابل 10,10,7
مقادیر 10,10,10,10,10,6,6,7
مقاله 10,10,10,10,58,9
مقالهٔ 10
مقاومت 59
مقایسه 11,11,22
مقبولیت 10
مقدار 10,10,10,11,11,4,59,59,8
مقدارهای 11,11
مقیاس 9
ملاک 7
ملحق 58
ممان 10
مملو 5
ممکن 10,10,10,10,10,10,10,11,58,58,58,6
منابعی 8
منتشر 10,5,59
منجر 11,11,5,59
منشأ 10
منطق 10
منطقی 10,22
منظومه 59,59,59
منفرد 4
منفی 11,11,11,11,11,22,22,22,22,22,22,6,6
مهایینی 58
مهمی 59
مواد 22,22,7,9
موارد 10
مواردی 11
موازی 5,5
موبایل 11
موجب 5
موجود 58,60,8
موجی 10,10,10,10,10,10,10,10,10,10
مورد 10,10,10,10,10,10,10,10,10,10,10,10,11,5,5,5,59,6,7,9,9
موسسه 3
موسی 58
موضعی 10
موضوع 10,10,10,11,5,7
موضوعات 10,10,3
موظف 5
موفق 58
موقعیت 10,10,10,4
مولکولی 9
موهومی 11
ميكانيكا 10
مکاتب 10
مکان 11,4
مکانی 6
مکانیک 10,10,10,10,10,10,10,10,10,10,10,10,10,10,10,10,10,10,10,10,10,10,10,10,10,10,10,10,10,10,10,5
مکانیکی 10,9,9
مکرر 5,5,5,5
مکعب 59,6
مکمل 10,10,10,10,10
مگنوس 3
میان 10,10,59,59,59,59,59,59,59
میانه 5,58,58,58,58
میانگین 10
میدان 10,10,10,11,11,4
میزان 5,5,5,5,5,7
میلادی 60,9
میله 11
میلیمتری 58
میلیون 58,58,58,58,58,58
میکروسکوپ 11
نائل 23
ناحیه 11,11,11,11,11
ناحیهٔ 11,11
نازک 11
ناشی 4,4,4,5,5,5,9
نامحدودی 10
نامزد 9,9,9
نامناسب 10
نامنظم 58
نانو 22,22
ناهمگون 58
ناوبری 58
ناپایدار 11,11
ناپذیر 10
ناگهانی 5,5,5,5
نباید 11
نتایج 10,11,11,11
نتیجه 10,10,11,11,11,4,4,59,8
نجومی 58,58
نخست 10
نخستین 23
ندارد 10,10
نرسیدن 5
نزدیک 11,11,58,58,58,59
نزدیکتر 58
نزدیکی 58,59
نسبت 10,10
نسبتاً 10
نسبی 5
نسبیتی 10
نسخه 10,23,3,4,59,6,60,7,8,9
نسشته 59
نشان 10,10,10,10,11,11,5,58,59,7
نشاندهنده 5
نشانگر 5
نشانگرشناور 5
نشانی 10,23,3,4,59,6,6,60,7,8,8,9,9
نشده 6
نشریهٔ 10
نصیرالدین 58
نظرسنجی 10
نظری 10
نظریه 10,11,11,5,6
نظریهٔ 10,10,10,10,10,10,10
نظیر 5
نقشی 10
نقطه 4,5,6,6
نقطهٔ 10
نمایش 6,60
نمایی 10,11,11,11
نمود 9
نموده 5
نمونه 10,10,10,6,6,6
نهائی 5
نهاده 10
نهادهای 10
نهایت 22
نهایی 11,4
نوآوران 3
نوار 10,11,23,3,4,59,6,60,7,8,9
نوارهای 58
نواری 58
نوامبر 3,5
نوبل 3
نوبه 59
نوری 58,58
نوشتن 10,10
نوعش 6
نونر 3
نوپدید 22
نویسندهٔ 10
نویسندگان 58
نکاتی 10
نکته 10
نگریسته 10
نیاز 10,10,10,5,5,5,5,5,5,6
نیازمند 10,10,10,10,11,5,5,5,5
نیازمندیم 6
نیازهای 5
نیازی 10
نیتروژتن 5
نیتروژن 5,5,5,5,5,5,5,5,5,5,7
نیرو 59,59
نیروهای 59,59
نیروی 5,58,59,59,59,59,59,60
نیرویی 59,59
نیست 1,10,10,22,23,3,4,59,6,6,60,7,7,8,9
نیمه 11,11,11,11,11,11
نیوتن 59,59,59,60
نیوتون 59,59,60,60,60
نیویورک 58
هائم 58
هایدرو 5
هایزنبرگ 10
هایی 10
هجدهم 9
هجری 58
هدایت 22
هذلولوی 6
هردو 11
هرمان 3
هرمیتینی 10
هرچند 1,10,10,23,3,4,59,6,60,7,8,9
هرگز 5
هرگونه 10,10,10
هزار 58,58,58
هستند 10,10,10,10,10,11,11,11,22,22,5,5,5,58,58,6
هسته 11,11,11
هشدار 5,5
هفدهم 59
هلمهولتز 3
همان 10,11,11,3,6,9
همانند 23
همانگونه 10
همبستگی 10
همجوشی 22
همخوانی 10
همراه 58
همسایه 58
همهٔ 1,10,10,10,10,10,23,23,3,3,4,4,4,59,59,6,6,60,60,7,7,8,8,9,9
همواره 10,10,5,59
همچنین 11,11,11,3,5,59,6,9
همچون 9
همکاری 10
همگن 5
همین 10,11,23,3,4,5,5,59,6,60,7,8,9
هندسی 6,6
هندی 58,58
هنوز 9
هنگام 3,5,5,5
هنگامی 10,10,5,60
هواشناسی 59,59
هوای 22
هوترون 23
هوشمند 22
هوشیاری 10
هونف 3
هونگ 6
هیلبرت 10,10
وابسته 11,11,11,11
وابستگی 10,22
واحد 22,59
وارد 1,10,10,10,23,23,23,3,3,3,4,4,4,59,59,59,59,59,59,6,6,6,60,60,60,7,7,7,8,8,8,9,9,9
واصل 59,59,59
واضحتر 10
واقع 10,58,59,6
واقعاً 10
واقعی 10,10,7
واقعیت 10,11
واندازه 7
واپاشی 11
واژگان 10,23,23,23,3,3,3,59,59,60,60,60,7,7,7,8,8,8
واکنش 7
وبسایت 3
وجود 10,10,10,10,10,10,10,10,10,10,10,10,10,10,10,10,11,11,11,11,11,11,11,11,11,22,22,22,22,22,22,22,22,22,22,22,22,22,22,22,22,22,22,22,22,22,22,22,22,22,22,22,22,22,22,22,22,22,22,22,22,22,23,23,23,23,23,23,3,3,3,3,4,5,5,5,5,5,5,5,5,5,5,5,5,5,5,5,5,5,5,5,5,5,5,5,5,5,5,5,5,5,5,5,5,5,5,5,5,5,5,5,5,5,5,5,5,5,5,5,5,5,5,5,5,5,5,5,58,58,58,58,58,58,58,58,58,58,58,58,58,58,58,58,58,58,58,58,58,58,58,58,58,58,58,58,59,59,59,59,59,59,59,59,6,6,6,6,6,6,6,6,6,6,6,6,6,60,60,60,60,60,60,60,60,60,60,60,60,60,60,60,8,9,9,9,9,9,9,9,9,9,9,9,9
ورودی 11,11
وسایلی 5
وسیعی 5
وسیله 11
وسیلهٔ 10,10,10,10,10,10,11,3
وضعی 58,58
وضعیت 10,10,10,10,10
وضوح 22,22
وقتی 10,11,11,11,11,11,11,11
وقوع 10
ولتاژ 11,11,11,11,11,11,11,11,11,11,11
ویدئویی 10
ویرایش 1,10,10,22,22,23,3,5,5,5,5,58,58,58,59,59,6,6,6,60,60,7,8,9,9
ویرگو 58
ویلارد 9
ویلهلم 3
ویژه 10,10,23,3,4,5,59,6,6,60,7,8,9
ویژگی 10,10,11
ویکی 1,10,23,3,4,59,6,60,7,8,9
١٦٧٨ 59
پارادوکس 10
پارامتر 5,5,5,58,59,59,59
پارسافر 9
پاسخ 10,10
پاسخهای 10
پاشش 11
پاهایمان 59
پایان 5
پایدار 10,11,23,3,4,59,6,60,7,8,9
پایه 6,6
پایین 6,6
پتانسیل 11,11,11,11,4,4,4,4,4,4,7,7,7
پتانسیلش 11
پدیدآمده 60
پدیده 10,10,11,11,11,11
پدیدهٔ 10,10
پذیرفت 10
پذیرفته 10,11,5
پراکنده 10,5,58,58
پراکندگی 9,9
پرایر 23
پرتاب 22,22
پرتو 22,22
پرداختن 10
پرداخته 22
پردازش 22
پرسش 10,10,10
پرشمار 6
پرشماری 10
پرفشار 5,5
پرنده 22
پرواز 5,5,5
پرونده 60
پروژه 11
پرکهکشان 58
پزشکی 5,5,5
پشتیبانی 10
پلانک 3
پنجم 58
پهنا 6
پهنای 60
پژوهش 10
پژوهشگران 10
پیام 10
پیامدهای 10
پیاپی 10
پیدا 23
پیرامون 1,10,10,10,23,23,23,3,3,3,4,4,58,59,59,59,6,6,6,60,60,60,7,7,7,8,8,8,9,9,9
پیروزی 59
پیروی 10,10
پیزوالکتریک 11
پیشنهاد 10,10,10,5,59,59
پیشنهادشده 10
پیشنهادی 5
پیشگیری 5,5
پیشین 1,10,23,3,59,6,60,7,8,9
پیوستگی 58
پیوند 1,10,10,23,23,23,23,3,3,4,4,5,58,58,58,59,59,6,6,6,6,6,60,60,7,7,8,8,8,8,9,9,9
پیوندهای 10,10,23,3,59,6,60,7,9
پیچیده 11
پیچیدهٔ 23
پیچیدگی 10,10,22
پیکرهای 58
چالش 10
چالشی 10
چایی 59
چرخه 5
چسبیده 59
چشمگیری 5
چندانی 4
چندین 11,58
چنین 10,10,11,58,58,58,58
چهارم 6,6
چهاروجهی 6
چگونه 10,10,10,10
چگونگی 10,10,10,10,23,3,4,59,6,60,7,8,9
چیدمان 10
چیزهایی 10
چیزی 10,10
چینی 58
ژئودزی 59
ژئوفیزیک 59,59,59
ژانویه 3
ژوئن 59,60
ژوئیه 58,58
کائنات 58
کاربرد 11,11,11,5
کاربردهای 9
کاربری 1,10,10,23,23,3,3,4,4,59,59,6,6,60,60,7,7,8,8,9,9
کارنامهٔ 3
کاری 4,5
کاسته 5
کافی 11
کامرون 23
کامل 10,10,11
کاملاً 10,10,10,11,4
کاملی 11
کامپیوترهای 5,5
کانادا 59,59
کانونهای 59
کاهش 11,11,11,5,5,5,5,5,5,5,5
کتاب 10,10,59
کتابخانه 5
کثیر 58
کدام 5
کردن 10,10,23,3,4,59,6,6,60,7,8,9
کردند 8
کرده 10,10,11,59
کروی 6
کشندی 58
کشیده 10,58
کلاستر 8
کلاسیک 10,10,10,10,10,9
کلاسیکی 10,11,11,11,11
کلاین 6
کلرک 9
کلمات 10
کلیپ 10
کم 11,6
کمابیش 58
کماد 58
کمتر 11,5,5,5
کمتری 10,10
کمیت 10,10,59,59,6
کمیتهای 10,7
کمیتی 11,7
کنار 10,58,58
کناری 10,23,3,4,59,6,60,7,8,9
کنترل 11,5
کندانس 7
کندتر 5
کنفرانس 3,3
کنند 10,10
کنید 10
کنیم 10,10,10,59,59
کهکشان 58,58,58,58,58,58,58,58,58,58,59
کهکشانخوار 58
کهکشانی 58,58,58
کوانتوم 10,10
کوانتومی 10,10,10,10,10,10,10,10,10,10,10,10,10,10,10,10,10,10,10,10,10,10,10,10,10,10,10,10,10,10,11,11,11,11,11,11,11,11,11,11
کوشش 10
کوپفرگرابن 3
کوپنهاگ 10
کوچک 58,58
کپسول 5
کپلر 59
کپنهاگ 10,10,10
کیلوپاسکال 7,7,7,7
کیلوگرم 59
گازی 5,58
گاهی 6
گران 3
گرانش 59,59,59,59,59,59,59,59,59,59,60
گرانش_زمین 59
گرانشی 59
گرایی 60
گردد 5
گردش 5,5,5,5
گردیده 5,5,5,5,5,58
گرفت 22,4,5,59
گرفتن 5
گرفته 10,11,22,4,5,5,6,8
گرما 9,9
گرمایی 11
گروموف 6
گروه 10,58,58
گروهی 10,10,10,10
گرچه 1,10,23,3,4,59,6,60,7,8,9
گسترده 10
گسترش 10,23
گسسته 11
گسیل 11,22
گفته 11,58,59,59,6,6
گمان 58
گهواره 60
گهواره_نیوتون 60
گهوارهٔ 60
گوستاو 23,23,3,3
گوشه 6
گوناگون 58,9
گوناگونی 10,58
گونهٔ 10
گویِ 60
گیبس 9
گیرد 11
گیری 3
یادکرد 10,23,3,4,59,6,60,7,8,9
یازده 6
یاسوئاکی 6
یافت 58
یافتن 10
یافته 23,5
یحیی 58
یستادوا 6
یعنی 10,10,10,11,3,58,59,59
یوسف 58
یونانی 58,59
یونس 58
یکتا 8
یکتای 10
یکدیگر 3,58,58,58,59
یکسان 10,11,59
یکصد 58
