Ajax 58
Allow 75
AppGallery 77
Bamiyan 55
Buddhas 55
Demara 50
Deny 75
Ferdinand 50
MONTEGRAPPA 51
Operation 58
Waldo 50
Zhankg 77
آبادان 100,100,100,100,100,100,100,100,100,100,95
آبادانی 18
آبان 99
آببر 32
آبزی 98
آبشخور 99
آبفای 98
آبگرفتگی 95,95,95,95,95,95,95
آتیلا 57
آثار 42,97,97,97,97,97
آجیل 26,26,26,26,26,26,26,26,26
آخرین 45
آذربایجان 4,44,44
آذرماه 94
آرام 48
آرامش 24
آرزوی 3,3
آرسنال 37,37,37
آرهنای 33
آرژانتینی 35
آریایی 97,97
آزاد 2,22,94
آزادی 5,56
آزمایش 76
آزمایشگاهی 76
آستانه 3
آسیا 3,3,3
آغاز 19,30,33,38,79,94,99
آغازی 32
آفتابگردان 32
آفریقای 4
آقای 3
آلایندگی 92
آلمان 29,29,29,33,45,45,45,45,47,47,47,47,47
آلمانی 45
آلودگی 98
آلکثیر 3
آلیسون 37
آماده 94
آمادگی 97
آمار 20,39,40,99
آمدند 35
آمده 34,36,48
آمریکا 4,42,53
آمریکای 11
آمریکایی 50
آموزان 96
آموزشی 96,96,96
آمیز 29
آنجا 49
آنجایی 24,28
آندره 27
آنفولانزا 76
آنلاین 76,77
آنچه 20,32
آنکه 45
آورد 47
آوردن 99
آورند 93
آوری 99
آوریل 45
آژاکس 58
آگاهی 32
آینده 14,32,34
ابتدای 30,36,94
ابتلا 76,78
ابراهیم 57
ابرتورم 47
ابطال 38
ابعاد 78
ابوالفضل 94
اتحادیه 26
اتفاق 24
اتفاقاتی 10
اتفاقی 30
اتلتیکو 27,27,27,39,39,39
اتلتیکومادرید 15
اتمام 97
اثرات 98
اثری 78
اجازه 10,10,36,75
اجتماعی 100,38,41,77,93,93,93,93,93
اجرا 75,93,98,99
اجراهای 97
اجرای 32,34,98
اجرایی 18,36,73
اجناس 26,26
اجناسی 26
احترامی 3
احتمال 10,11,76
احساس 53
احمد 5
احمدزاده 57
احمدی 26,57
اخبار 77
اختصاص 77
اختلاف 25
اختیار 35,94
اخراج 11
اخیر 24,25,29,3,32,95,95,96,96,98
ادارات 100,100,78
اداره 93,96
ادارههای 100
ادارهکل 93,93,93
اداری 95
ادامه 100,11,17,21,28,5,92,96
ادعا 76
اذعان 32
ارائه 32
ارادهای 95
ارایه 95
ارباب 100
ارتباط 24
ارتش 56
ارجاع 32
اردلان 57
اردن 4
اردوهای 94
اردوی 94
ارزش 2,22,22,22
ارزشمند 53
ارزشگذاری 4
ارزشی 2
ارزشیابی 46,54
ارزن 32
ارسال 18,23,38,97
ارشد 52,53,73
ارقام 18,28,32
ارمنستان 4,44
ارمنی 44
اروپا 19,21,23,29,33,33,33,35,35
اروپایی 33,47
اروگوئه 11,15
اروگوئهای 15,39
اساس 22,4,77,97,98,99,99
اساسی 36,95,95
استان 41,92,92,92,92,93,94,95,97,97,97,97,99,99
استاندارد 98
استانداری 93,93,93
استرالیا 4,43
استرالیایی 43,43
استفاده 100,100,100,20,20,20,26,27,27,36,51,76,93,99
اسرائیل 56,56,56
اسرائیلی 56
اسطورهای 31
اسعدیان 57
اسلامی 18,18,18,18,30,34,95,95
اسناد 40
اسنپ 76,76,76,79,79
اسنپیشان 79
اسپانیا 21,29,29,29,33
اسکناس 47,47
اسیر 56
اشاره 100,100,20,36,93,95,95,95
اشتباه 17,27,27,27
اشغال 47
اصلی 24,55,77
اصناف 100
اضافه 26,76,76,76,99
اضافی 33
اطلاعات 75,99,99
اطلاعرسانی 93
اطلاعیه 38
اطمینان 76,77
اظهار 10,100,100,20,28,93,94,95,99,99
اظهارات 26
اعتبارات 93
اعتراض 38
اعترافات 53
اعتقادی 25
اعتماد 20
اعداد 18
اعدام 52
اعضای 52,52,53
اعظم 28,28
اعلام 100,15,18,24,24,26,30,34,36,38,38,4,4,4,44,52,97,99
اعمال 36
اغراض 18
افبیآی 53
افتاد 41
افتاده 24
افراد 76,76,93,93
افرادی 76,76,93
افزاری 77
افزایش 2,2,2,2,20,24,28,30,30,30,30,30,30,36,4,40,40,40,76,93,93,99,99
افزود 10,10,100,100,100,26,32,38,73,92,92,93,94,95,96,96,97,97,99
افزون 4
افغانستان 4,55
افغانی 4
افول 21
اقتصاد 36
اقتصادی 10,10,20,30,32,32,32,34,38,41
اقدام 34,47,93,97
اقدامات 32,93
اقداماتی 10,51
اقساط 38,38,38
الاسلام 95
البته 45,77,99
الحاق 77
الحسنه 34,34
الدین 48
الزامات 32,32
العاده 25
المقدس 48
المللی 97
الهامی 1
الوندی 99,99,99
امارات 35,4
اماراتی 35
امام 95
اماکن 100,100
امتیاز 21,25,25,25,27
امتیازات 39
امتیازی 5
امروز 11,2,20,22,22,4,4,5,95,97
امریک 37
امسال 20,20,28,40,99,99
امشب 27
امضا 35
امضاکنندگان 57
امضای 35
امنیتی 52
امور 93,93,93
امکان 76,97
امکانات 95
امکانپذیر 99
امید 96
انباشته 92,92
انبساطی 28
انتخاب 78,97
انتخابی 11
انتشار 28,28,28,36,77
انتظار 93
انتظارات 30,30,30
انتفاضه 41
انتقال 100,51,51,56
انتقام 94
انجام 10,10,10,28,28,36,48,78,95,99,99,99
انداخت 37
اندازه 3
اندازهای 28
اندونزی 4
اندکی 99
انسان 76
انسانی 73
انعکاس 50
انقدر 3
انقلاب 18,18
انواع 4,76
انگلیس 35,37,37,4
انگیزه 96
اهداف 78
اهمیت 96
اهواز 95,95,95,96,96,96,96
اوایل 95,95
اوبامیانگ 37
اوراق 2,20,28,28,28,28,28,28,28,28,36
اولدترافورد 23
اولویت 10,76,93,93
اولین 58,76,77,79
اولیه 22,28
اپاستور 77
اپلیکیشن 76,76,76,77,77,77
اپلیکیشنهای 77,77,77
اپگالری 77
اکبر 57
اکثر 44
اکسین 94,94
اکشن 42
اکنون 24,35,75
اکوادور 11
اکوسیستم 77,77,77,77
اگرهای 28
ایبِنا 10
ایتالیایی 53
ایجاد 28,28,36,49,98
ایدز 76
ایده 23
ایذه 94,94
ایران 11,20,23,32,34,36,41,46,5,54,58,78,94
ایرج 57
ایرنا 94,96,99
ایستاده 55
ایسنا 40,93
ایشان 32
ایمو 43
اینبار 17
اینجا 3
اینکه 20,24,24,36,53
ایوبی 48
باخت 27
باران 95,95
بارسایی 27
بارسلونا 15,19,21,27,27,27,27,35,39
بارسلونای 21
بارسلونایی 39
بارش 95,95
بارندگی 99
بازار 10,2,2,24,24,28,28,28,28,28,28,28,28,36,36,36,94,94
بازارسرمایه 28
بازارهای 24
بازبینی 97
بازدید 95
بازرسی 92
بازمیگردد 46,54
بازمیگشت 55
بازنشستگی 93,93,93
بازه 30
بازهم 2
بازپرداخت 34,34,38,38,38,38,38
بازگشت 43
بازی 11,19,19,23,24,24,24,25,25,27,27,27,27,3,31,31,31,31,33,77
بازیهای 39,39
بازیکن 23,23,3,39
بازیکنان 3
بازیکنهای 3
باشد 21,26,28,28,3,33,35,78,78,95
باشند 35,44
باشگاه 35
باشگاهی 35
باشید 3
باشیم 32,76
باعث 23,29,30,36,41,44,44,47
باقی 96
بالا 20,23,96
بالاخره 21
بالادست 98
بالای 33,73
بالایی 28
بالغ 20,40,92,95
بامداد 11
بامیان 55,55
بانوان 93,93
بانوی 31
بانک 10,10,20,20,20,20,34,36,4,4,40
بانکهای 34
بانکی 34,38,38
باپه 23
باگهایی 77
باید 100,15,28,32,76,94,94,95,96
بایرن 33,33
بایرنی 33
ببرد 45
ببرند 35
ببریم 99
ببندد 51
بتوان 92
بتواند 28,3
بتوانم 96
بتوانند 76,76
بتوانیم 10
بحران 21
بحرین 4
بخشهای 73,73,75
بخشودگی 93
بخشی 28
بخوبی 36
بخودی 21
بخورد 11
بدقولی 43
بدلیل 1
بدنامی 26
بدهی 26,28,36,36
بدون 20,34,34,36,36,36,4,77
بدین 24
برآورد 96,99
برابر 15,29,29,37,41,52,78
برات 40,40,40,40,40
برادرخوانده 52
براساس 10,100,36,4
براي 28
برای 100,11,14,23,23,24,25,26,26,27,3,3,3,3,32,32,32,32,32,32,33,34,34,35,35,36,36,38,38,4,4,43,45,47,47,49,51,53,55,75,76,76,77,78,78,92,93,93,95,96,96,96,96,96,96,96,97,97,99,99
براین 40
برتر 35,5,77,94,94
برتری 37,5,5
برجام 28
برجای 48
برخورد 92,95
برخی 24,95,95
بردار 94
برداری 94,94
برداشت 36
برداشته 32,76
بردم 3
بردند 33
بررسی 100,28,95
برزیده 57
برزیل 15
برساند 28
برسانند 76
برسد 31,37
برطرف 77,95
برنامه 10,18,20,20,32,34,75,99
برنده 35
بروند 94
برپا 46,54
برکنار 1,1
برکناری 1
برگزار 11,23,33,33,38,94,94,97
برگزاری 3,46,54,94
برگشت 23,25,28,40,40
برگه 2
بزرگ 21,27,28,28,35,43,94,94
بزرگتر 55
بزرگی 18,20
بزند 50
بسترسازی 93
بستری 100
بستن 51
بسته 38
بسزایی 36
بسیار 11,25,29,96
بسیاری 32,53,73,94,96,96
بسیج 95
بعدی 45
بفرستد 23
بفروشیم 20
بلاروس 4
بلاعزل 38
بلندی 55
بلکه 24,35,78
بماند 15
بمانم 96
بمانند 76
بنابر 20,26
بنابراین 20,20,22
بناهای 55
بنای 55
بندر 95
بندهای 34
بنکداران 26
بنکدارانی 26
بنگلادش 4
بنیاد 18,18
بهادار 2
بهار 20,78
بهبهان 98,98
بهتر 76,76
بهتری 49
بهداشت 100
بهداشتی 100,100,97
بهره 28,35,45
بهرهمند 93
بهشرح 18
بهمن 46,54,57
بهکارگیری 73
بودا 55
بوداپست 33
بودجه 18,18,18,18,18,18,18,20,20,20,20,20,28,28,28,28,28,32,34,34,36,36,36,36,36,36,36,36
بودجهای 18
بودم 96
بودن 18
بودند 44,47,55,55,78,95
بوده 18,20,22,24,39
بودیم 20
بورس 2,2,2,28,28,28
بورسی 22
بوفون 31
بولیوار 4
بکشد 53
بگذارد 39
بگوییم 20
بگیر 38,38
بگیرد 30
بگیرند 47,93,93
بیان 20,93,96,98
بیاورد 1
بیاورید 49
بیاید 24,32
بیرون 23
بیست 34,34,38
بیستم 1
بیش 95
بیشتر 25,28,35,49,77,77,96
بیشتری 24,76
بیمار 100,100,100,100,76
بیماران 78
بیمارستان 100,100
بیماری 76,76,76,78,78,97
بیماریای 76
بیمنت 92
بیمه 93,93,93,93,93,93,93,93,93,93
بینشان 35
بیننده 49
بینی 20,28,46,54
بیکاری 92
تأثیر 36,36
تأمین 36,36,36,36
تئاتر 97,97,97,97,97
تابستان 20,26,26,30,30,30,30,78
تابناک 1,10,11,15,19,21,23,25,27,29,3,31,33,35,37,38,39,46,46,5,54,54
تاثیر 24,24,24,24,98
تاثیرگذار 28
تاثیرگذاری 24
تاثیری 28
تاجیکستان 4
تاخته 23
تاخیر 99
تاریخ 38,76,94
تاریخی 55,55,55
تازگی 39
تامین 32,32,32,32,98,98
تاکای 4
تاکنون 100,32,36,98
تاکید 100,100,32
تاکیدات 32
تایلند 4
تایید 53
تباری 48
تبریز 1
تبریزی 57
تبصره 34
تجارت 10
تجاری 100
تجربه 25,36,73,73,95
تجمع 46,54,99
تجمعات 100
تجهیز 96
تحریم 32,36
تحصیلی 78
تحقق 14,20,28,36,36
تحقیر 29
تحلیل 30
تحولات 76
تحویل 51
تخصیص 92
تخلیه 24,24
تدارک 23,26
تدوین 49
ترابی 3
تراشتگن 27,27
تراکتور 1,1,1
تراکم 96,99
ترتیب 11,27,35,40
ترتیکاله 32
ترددهای 100
ترسیم 100
ترشتگن 27
ترغیب 96
ترکمنستان 4
ترکیب 31
ترکیه 4
تریلری 42
تزریق 28
تستش 15
تسریع 95
تسلیم 11
تسهیلات 34,38,38,38,38,38,38,38,38,38
تسهیلگران 93
تشدید 100
تشکر 20
تشکیل 24
تصاویر 48,48
تصمیم 1,24,94
تصویب 18
تعاون 38
تعجب 29
تعداد 31,38,40,40,40,97
تعزیرات 100
تعطیل 24
تعطیلبردار 78
تعطیلی 26,26
تعمیق 36
تعیین 4,77,94
تعیینکننده 78
تغییر 23,38,38,4,76,76
تفاوتش 46,54
تفاوتهای 46,54
تفرقه 44
تفریح 78
تفریحات 78
تفریحی 78
تفسیر 99
تقابل 19
تقدیر 50,93
تقدیم 32
تقویت 43,43
تلآویو 56
تلاش 58,96,96
تلاشهایش 50
تلاطم 24
تلنبار 92
تماشاگران 46,54
تمام 3,45,49,52,76,78,78
تمامکننده 3
تمامی 3,93,96,97,97
تمایل 30
تمرینش 49
تنخواه 20,20,20,36
تنخواهی 36
تندیس 55
تندیسهای 55
تنشهای 35
تنفس 38
تنها 1,100,25,35,45,78,92
تنوع 99
تنگه 4
تهران 33,40,40,40,40
تهیه 100,100
توان 47
توانست 36,36,37,45
توانستند 35
توانسته 1
توانستهاند 77
توانستیم 73
توجه 24,26,26,30,77,99
توجهی 92
توحیدی 57
تورم 10,20,30,30,30,30,36
تورمزای 30
تورمی 10,10,30,30,30
توزیع 100,100
توسط 19,23,25,32,41,48,5,97,98,99
توسعه 34,36,77,92,93,96
توسعهی 77
توصیه 78
توضیح 18,24
توطئه 52
توطئهای 52
تولید 32,36,49,97,97
تومان 10,20,20,20,20,20,20,20,22,22,22,22,22,28,28,28,28,28,36,38,38,40,40,40,40,40,40
تومانی 22,22,34,34,38,38,38,38
تکرار 18,94
تکریت 48,48
تکمیل 76
تکنولوژی 76
تکیه 36
تیرماه 38
تیره 21
تیمش 31,37
تیمهای 33,35
ثابت 31,4
ثانویه 28,28
جاذبههای 55
جاری 14,22,28,34,38,38,38,94
جالب 26
جامعه 76
جانشینی 1
جانوران 99,99
جایگزین 32
جبران 47
جدال 94
جداول 18
جدول 25
جدی 1
جدید 100,100,24,32,32,33,4,4,4,75,76,93,93,96
جراح 50
جراحی 50
جریان 28,77,95
جریمه 23,23,23,23,23,23,25
جزئیات 28,38
جشنواره 46,46,54,54,97,97,97,97,97,97,97,97,97
جلال 5
جلسه 38,52
جلسهای 52
جلوی 77
جماهیر 44,44
جمعآوری 77
جمعه 94
جمعیت 96,99,99,99
جمعیتی 95
جمله 78
جمهور 38
جمهوری 32,34,44,93
جنبه 24
جنوب 100,100,100,100,100
جنوبی 11,4,4,48
جنگی 35
جهاد 32,32,95
جهان 76,94
جهانی 11,43,45,47,76,76,77,77,77,77,93
جوان 73,94
جوانان 94,94
جیانلوئیجی 31
جیمی 53
حاتمی 57
حادثه 95,95
حاشیه 28
حاصل 36,39,47,78
حاضر 3,52,76,77
حافظ 57
حالا 25,76,78
حالی 20,21,30,39,40
حامیان 51
حباب 24,24
حبیب 57
حجتالاسلام 95
حداقل 32,76
حداکثر 34
حدود 24,28,28,36,40
حرکات 51
حرکت 51
حریف 21,23
حریفان 94
حزبالله 56,56,56
حساب 38,38,47
حساس 15,94,99
حسرت 35
حسین 38,48,52
حسینی 5,92
حسینیه 96
حضور 3,50,73,77,96
حضوری 76
حفاظت 99,99
حقیقت 76
حقیقی 30,57
حمایت 45,96
حمایتی 38
حمله 23,23,3,5,56
حوالی 23
حوزه 96
حکومت 44
حکومتی 100
حیات 99,99,99,99
حیوانات 99
خاتمه 27
خارج 21,24,27,47,52
خارجی 10
خاصی 28,96
خاطر 50,76
خاطرنشان 28,28
خالی 18
خانه 21,24,24,25,26,27,76
خانواده 18,93,93
خانوادههای 34
خانوار 38,38,38,38,38,93,93,93
خانوارهای 34,34,38
خانگی 39,39
خاوازی 32
خبرنگار 94,96
خبرچین 53
خبری 10
خداوند 96
خدمات 24,76
خدمت 20,92,96
خراسان 5
خرداد 10,38,38
خردادماه 32,38
خرمشهر 100,100,100,100,100,100,100,100,95
خروج 10,10,27
خرید 24,47
خزانه 20
خزانهداری 36
خسارات 47,95
خساراتی 95
خسارت 95
خشکبار 26,26,26,26,26
خصوص 26,36
خصوصی 20,78
خطای 25
خلاصه 92
خلاقیتی 42
خلیج 35,41
خمینی 95
خوار 26
خواستار 95
خواند 25
خواندن 52
خواهد 10,15,28,32,36,38,38,38,38,92,94,94,94,97,97,99
خواهند 97
خواهیم 10,32
خوبی 28
خودرو 34,5
خودروهایی 34
خودشان 77
خودمختار 44
خودنویس 51,51
خودکشی 45,45
خودکفایی 32
خوراک 32,32
خوراکی 98
خورد 19,21,23,27,29,4,4,41
خورده 11,24,40,40
خوزستان 100,100,100,100,100,32,92,92,92,92,93,93,93,93,94,94,94,94,95,95,95,95,96,97,97,97,98,98,98,99,99,99
خوزستانی 94,94
خوشبختانه 36,96
خیالیراحت 78
خیانت 53
خیران 96,96
خیرساز 96
خیره 39
خیلی 26,3,49
داخل 25
داخلی 53
دادن 18,51,75
دادند 26,32,56
داده 10,23,26,3,30,36,38,43,44,76,92,92,98
دادههایی 77
دارای 93
دارد 10,24,24,28,3,3,30,31,35,4,46,51,51,52,53,54,73,75,75,77,93,94,96
دارم 3
دارند 24,35,35,73,76,77,77,78,96,96,98
دارو 76
داریم 20,32
داستان 42
داشت 10,100,100,20,20,25,3,36,36,40,52,53,94,95,99,99
داشتم 96,96
داشتن 75
داشتند 95
داشته 21,24,24,28,30,30,35,35,95
داشتیم 24
دامنه 48
دانست 3,30
دانش 73,96,96
دانشآموزانی 96
دانشجویان 73,78
دانشکده 100,100
دانشگاه 73,73,94
دانشگاهی 73,73
دانلود 75
دانمارک 4
دانههای 32,32
داودی 57
داور 25
داوران 97
دایی 3,3
دبستان 96
دبیرخانه 97,97,97
دبیری 46,54,97
دجله 48,48,48
دختران 93,93
دخیا 23,23
دخیایی 23
درآبادان 100
درآمد 77,92
درآمدهای 36,36,36
درآورده 45
درام 4
درباره 10,18,24,26,3
دربازدیدهایی 96
دربرگرفت 76
دربند 56
درخشان 19
درخواست 38,75,75
درخواستهای 56
درصد 100,100,100,100,100,2,2,2,2,2,2,2,20,20,20,22,22,24,24,24,3,30,30,38,38,40,40,40,40,40,40,40,77,77,92
درصدی 10
درمان 100,100,76
درمانی 76,76,78
درهم 4
دروازه 23,23,23,23,25,31,31,37
دروازهشان 17
دروغ 20
درون 23
درویشیان 95,95
درگیر 26,44
دریافت 38,76,76
دسترسی 76
دسترسیهای 75
دستور 32,36
دستورالعمل 100
دستگاه 18,92
دستیابی 10
دشوار 41
دعوت 94
دفتر 98
دققه 5
دقیقه 25,25,37,39,5,5
دلار 10,10,20,4,4,4,4,4,4
دلارهای 35
دلایل 98
دلیخوش 78
دلیل 100,24,26,26,36,41,78,96,98,99
دمارا 50,50,50
دنبال 35,35,76,94
دنیا 48,76
دنیلو 23
دهستان 18
دهند 38,77
دهنده 30
دهیم 73
دوران 41,43,76,78,78
دوره 10,40,40,43,94,94
دوست 3,51
دوشنبه 5,95,95
دولت 20,28,28,28,28,32,34,34,34,36,36,36,36,38,43,43,43,47,50
دولتی 100,28,28,28,28
دولوپر 77
دولوپرهای 77,77
دومین 11,33
دوهفته 26
دویدن 49
دپارتمان 77
دچار 5,95
دکتر 10,100
دکتری 73
دیالو 23
دیدار 11,15,19,23,27,33,37,5,94,94,94,94
دیداری 27
دیدم 96
دیدن 26,95,96,97
دیدند 23
دیدنی 42
دیده 3,32
دیدهایم 53
دیروز 99
دیرکرد 92
دینار 4,4,4,4,4
دیگر 19,23,24,25,27,4,46,54,76,78,78,94
دیگری 21,75
ذاتی 92
رئال 21,21,25,25
رئیس 100,20,26,32,38
رئیسجمهور 32
رابطه 28,32
راحتی 23,23,76
راست 51,51
راستا 36
راستای 32,93
راعی 57
رافائل 17
رافینیا 23,23
رامهرمز 98
راند 4
راهکار 100,36,36,36
راهکارهاست 76
راهکارهای 76
راهکاری 36
راهی 25,76
ربایی 25
رجوع 100
رحمتی 28,28,28,5
رحیم 99
ردیف 18,18,18,18,18
ردیفهای 18,18,18
رساند 27
رساندند 33,5
رسانه 45,98
رسانهای 18
رسانههای 48
رسما 38
رسمی 36,38,4,4
رسول 57
رسید 18,2,21,22,23,23,27,43,5,5
رسیدن 35,35,45,51
رسیده 20,25
رسیدگی 18
رشتههای 73
رشفورد 23,23,23
رعایت 100,100,100,97,99
رفاه 38
رفتار 51
رفتند 37
رفته 39
رقابت 11,35
رقابتهای 23,33
رقمی 20,92
رقیبش 11
رهایی 48
رهبر 52
رهبری 32,32,52
رواج 76
روبل 4,4
روبهرو 36
روحانی 38
روزمره 49,78
روزهای 95
روزی 21,5
روستایی 93,93
روستاییان 93,93,93
روسیه 4,51
روشهای 99
روشهایی 36
روغنی 32,32
رونالد 27,27
رونالدو 19
روند 10,28,30,42,76,76,76
روندی 10
روپیه 4,4,4,4,4
رویداد 46,46,46,54,54,54
رژیم 41
رکود 43,43
رکورد 31
رکورددار 31
ریاست 93
ریال 2,34,34,4,4,4,4,4,4,4,4,4,4,4,4,4,4,4,4,4,4,4,4,4,4,4,4,4,4,4,4,4,4,4,4,4,4,92,96
ریالی 4
ریسکی 78
رینگیت 4
رییس 10,20,20,77,92,92,95
زئیر 49
زاده 100
زاویه 23
زراعی 32
زمان 38,45
زمانی 10,15,43,55
زمستان 1,26,26,78
زمین 21,21,23,24,25,76
زمینه 14,32,36,76
زمینهای 43,76
زمینهایی 43
زمینی 23,56
زنان 93,93,93,93,93,93,93,93
زنجیره 100
زندانیان 56
زندگی 48,49,76,76,78,78
زیادی 30,75,96
زیان 47
زیبا 37
زیباییهایش 78
زیدان 21
زیرا 99
زیست 98,99,99,99
زیستگاههای 99
زینب 93
سابق 11
ساخت 42,96,96,96,96,96,96,96
ساختمان 24
ساخته 49,55,96,96,96
سارس 76
سازمان 18,20,20,32,38,46,53,54,92,98,98
سازوکارهای 36
سازی 94,96,96
ساعت 100,100,19,23,33,5,51
سالانه 99
سالجاری 36,36,40,40
سالخوردهاش 5
سالم 95
سالنهای 46,54
ساله 30,34,34,38
سالهای 34,35,92,98
سالگی 48,93
سامانه 100,100,100,79
ساکت 1
ساکنین 44
سایت 97
سایر 18,24,24,24,51
ستاد 18,18,38,38
ستاره 35
ستدهای 2
ستوان 50
سختتر 99
سختی 25
سختیهای 41
سخنگوی 38
سدهای 98,98
سدهایی 98
سراسر 76,97
سرافراز 18
سرباز 56
سربازان 43
سرخپوشان 3
سردار 18,18,48
سرسخت 94
سرشماری 99,99,99,99,99,99,99,99,99,99,99,99,99
سرعت 23,24,45,95
سرلک 5
سرمایه 10,10,24,28,28,36
سرمربی 1,1,11,11,29,29
سرویس 76,77
سرویسهای 77
سرپایی 100
سرپرست 38,93,93,93,93,93
سرپرستان 38
سرکوب 41
سرگرم 42
سرگرمی 77
سریعی 23
سریلانکا 4
سعودی 4
سفته 24,24,24,40,40,40,40,40
سفرهای 78
سفرههای 32
سفید 23
سلامت 100,100,100,76
سلطان 48
سلمان 100
سلیمانی 18,18,18,18,18
سمتش 1,1
سناریو 32
سنگاپور 4
سنگین 11,29,29,41
سهام 20,22,22,22,22,28,28,28,28,28,28,28
سهرابی 97
سهشنبه 100
سوءاستفاده 18
سوئد 4
سوئیس 4
سواحل 43
سوارز 39,39
سوارس 15
سورگوم 32
سوریه 4
سوسیالیست 45
سولر 17
سومونی 4
سومین 25,36
سوپر 26
سوپرجام 33,33,37,37
سویا 21,32,32
سویای 33
سویل 21
سپاه 18,18,18,18
سپردههای 34
سپری 25
سکانسی 49
سیآیای 58
سیاست 36,44,51
سیاستمدار 45
سیاسی 18,35
سیال 30,30
سیانور 45
سیدکریم 92
سیستم 77
سیمئونه 27,27
سینا 94,94,94
سینما 46,54
سینمای 42
سینمایی 46,54
سیودومین 97,97,97
شاخص 2,2,2,2,2,2,2,24,30,99,99
شادگان 100,100,100,100,100,100,95,95,95,95,95
شامل 100,100,99
شانس 3,3,94
شاهد 21,24
شاهسواری 57
شاگردان 27,5
شاید 46,50,54,95
شایسته 3,92,94
شایستهای 93
شایعات 53
شبهات 18
شبکههای 77
شبیه 49
شتاب 24
شترمرغهای 43
شدند 100,100,100,26,26,47,5,95
شدهاند 78
شدید 27,36,36,41,47,95,95
شدیم 36
شرایط 41,76,97,98,99,99,99
شرقی 98
شروع 43,49,52,99
شرکت 28,28,49,94
شرکتهای 28,28,28,28,28,78
شعبانیه 41
شمار 29
شمال 48,98
شمایلی 53
شناخته 58
شناسایی 100,32,93,95,99
شناور 2
شنبه 22,31,4,95,97
شنید 78
شهادت 18
شهدای 18
شهرخودرو 5
شهرسازی 24,24
شهرستان 100,100,100,100,93,95
شهرستانهای 100,100,100,100,100
شهرهای 95,95
شهرکهای 96
شهری 48
شهریورماه 30,30,30
شهید 18,18,18,18
شواهدی 76
شوتی 37
شورای 18,18,30,32,95,95
شوروی 44,44
شوقی 96
شوند 24,32,34,35,93,97
شویم 10,10
شکراله 100
شکست 11,11,19,21,21,23,25,27,27,27,27,29,29,41,41,45,47,5,94
شکسته 24,24
شکلی 25
شیاد 50
شیادی 50
شیلات 98
شیوع 100,26,76,76,78,78,78,78
صاحب 27,34,34
صادق 56,96
صبحگاهی 49
صحبت 3
صحبتهای 20
صحیح 77
صخرهای 55
صدام 41,48,48,52,52
صدراعظم 45,45
صدرعاملی 57
صدور 76
صرفهجویی 36
صعود 94
صفحات 18
صلاح 48
صنایع 28
صندوق 93
صندوقهای 93
صنعت 32,73,73,94,94,94
صنعتی 47
صنفی 100,100,100
صورت 10,100,24,32,32,32,38,47,76,94,94,97,97,99
ضدحمله 25
ضربات 37
ضربه 25,25
ضرورت 78
ضعیف 1,1
طائرپور 57
طارمی 3
طاعون 76
طالقانی 100
طالقانیتحت 100
طباطبایی 46,54
طبیعی 99
طرحهای 98
طرحی 32
طریق 28,28,28,34
طلسم 27,27
طوری 24
طولانی 27,55,78,96
طیور 32
ظاهر 19
ظرافتهای 51
ظرفیت 93
عادی 76
عالی 32
عامل 34,93
عبادی 98
عبدالحمید 57
عبدالناصر 10
عجیب 27,27,29,29
عدالت 22,22,22,22
عدهای 18
عراق 4,41,41,41,41,48,52,52
عربستان 94
عربی 35,4
عرصه 23
عرضههای 28
عسگرپور 57
عشایر 93,93,93,93,93,93
عشایری 93,93,93,93
عطاری 26
عظیمی 76
علاقه 51
علامت 30
علاوه 25,36,40
علفخوار 99
علوم 100,100
علیرضا 1,94,94
علیه 36,52
علیپور 3
عمان 4
عمده 98
عملکرد 14,20,20,77
عملیات 36,56,58
عموم 18
عمومی 100,100,15
عنوان 1,14,18,18,3,30,30,43,45,46,50,50,50,54,78,93,99
عهده 46,52,54
عوارضش 76
عیسی 3
غارت 43
غبارآلود 48
غذایی 100,100
غرامت 47,47
غربی 43,48,48
غلبه 92
غیبت 3
غیرضروری 100
غیرقابل 14
غیره 50
غیرواقعی 14
فاتح 35
فاحش 23
فارس 35,41
فاسد 26
فاصله 100,30
فاضلاب 92
فاقد 34,34
فجیع 41
فرآوری 26
فراتر 35
فراموش 77
فرامیخواند 52
فرانتیانو 53,53,53
فرانسه 35
فرانسوی 47
فرانک 4
فراوانی 46,54
فردیناند 50
فرزند 34,34,34,45
فرزندآوری 34
فرستادند 47
فرشته 57
فرصت 27,35
فرغون 47
فرمولهای 42
فرناندز 23
فرنگی 94,94
فرهاد 57
فرهنگی 18,46,54
فروخت 28
فروخته 40,40,40
فروردین 38,38
فروش 28,28,28,28,28,36
فروشان 26,26,26
فروشند 26,26
فروشی 26
فروپاشی 44
فرید 57
فزاینده 30
فشار 32,32,36
فصلی 78
فضای 23
فعال 76,77,77
فعالان 30
فعالیت 50,79
فعالیتهایی 78
فعلی 49
فوتبال 15,29,29,33,37,39,5
فوتی 100
فورمن 49
فوروارد 3
فورواردهایش 3
فورواردی 3
فولاد 94,94
فیلم 46,46,49,54,54,97,97
فیلمساز 42
فیلمهای 42
فیلمهایی 53
فیلیپین 4
فینال 3,3,94
قائلم 3
قائم 57
قائمیان 57
قابل 26,30,38,92,95
قابلیت 75
قاسم 18,18,18,18
قاعده 76
قالب 28
قانون 18,34,36
قانونی 92
قبلا 28
قبله 48
قبلی 78
قبولی 95
قدرت 21,51,51,51
قدرتم 51
قدرتمند 35
قدردانی 97
قدمت 55
قدمی 23,32
قدیریان 57
قرار 100,24,25,26,26,31,31,32,36,93,93,94,95,96,97,98
قرارداد 35,35
قرضالحسنه 38
قرمز 2
قرنطینه 15
قرهباغ 44,44
قریشی 94
قزاقستان 4
قسمتی 51
قصوری 95
قضایی 100,38,92
قطری 35
قهرمان 3,33,37
قهرمانان 19,23,3,33,35,35
قهرمانی 3,3,3,3,3,33,35,94
قیام 41
قیمت 2,2,22,24,24,24,24,24,24,24,24,24,24,24,24,24,24,24,24,30,4,4,4
لاری 4
لازم 18,75
لالیگا 21,25,27,27,27
لالیگای 21
لایحه 18,18,34,34
لبنان 56,56,56
لبنانی 56
لبنیاتی 26
لحاظ 40,40,40,40,98
لحظه 45
لزوما 28
لندن 37
لوکاس 25
لوییس 15,39
لیبی 4
لیورپول 37,37
لیونل 35
لیکن 28,28
مادرید 21,21,25,25,27,39,39
ماده 18,34
مارس 41
مارسیال 23
مارون 98
مارک 27
مارکت 26
مارکی 47
مارکینیوش 23,23
مازیار 57
ماسک 100,100,100,100
مافیا 53,53,53
مافیای 53
مالدینی 31
مالزی 4
مالکان 35
مالیاتی 36
ماموریت 95
ماند 4
ماندن 76
مانده 48
مانند 26,32,32,51,75
ماهانه 38,38,77,77
ماهشهر 95
ماهه 14,20,38,40
ماهی 98,98,98,98
مایکل 42
مبارزه 52
مبتلا 100,15,15
مبلغ 28,34,38,38,40,40,40,40
مبلغی 40
مبنی 56
متأثر 78
متأسفانه 26
متاسفانه 26,3
متحده 4
متحمل 95
متخصص 76
متخلفان 92
متضرر 26
متعادل 36
متغیر 10
متغیرهای 30
متفقین 47
متناسب 30,92
متهم 52
متوالی 11,25,38
متکی 32
مثبت 100,100,20,20
مثلاً 49
مجارستان 33
مجاز 20,20
مجازی 97,97
مجاهد 96
مجبور 78
مجتبی 57,95
مجدد 25
مجرد 93,93
مجری 93
مجسمه 55
مجسمههای 55,55
مجلس 18,18,30,95,95
مجمع 92
مجموع 36,38,77
مجموعه 55
مجموعهای 55
مجوز 98,98
مجوزی 98
مجید 57,95
مجیدی 57
محافظت 75
محاکم 38
محدودیتهای 78
محروم 3,92,93
محسن 28
محسوب 31,42,42
محصولات 26
محقق 43
محمد 57
محمدحسین 57
محمدعلی 57
محمدمهدی 57
محمدی 5,57
محمودزاده 24,24
محمودی 57
محوطه 23,23,23,23,23,23,25
محکومیت 53
محیط 99,99,99
محیطی 98
مخازن 98,98
مخاطبان 97
مختلف 50,73,73,75,96
مخزن 98
مخفی 53
مخوف 53
مدارس 96
مدافع 23,5
مدافعان 23
مدتی 76
مدرسه 96,96,96,96,96,96,96,96,96,96
مدیر 50,77
مدیرآموزش 96
مدیران 1,93
مدیره 73
مدیرکل 98
مدیریت 99
مذکور 18,38
مراجع 100
مراجعات 76
مراجعه 93
مراکز 100,100,100,76
مربوط 18,97
مربی 27
مرتبط 28
مرحله 19,49,94,94,94,94,97,97,97
مرداد 58
مردم 100,100,18,20,26,32,41,45,78,92,95,95,95
مرزبندیهای 44
مرسوم 42
مرکز 20,30
مرکزی 10,20,20,20,20,34,36,4,4,40
مزایای 93,93
مسئول 41
مسئولین 32
مسائل 36
مسائلی 78
مسابقات 11,94,94,94
مسابقه 49
مساعدتهایی 43
مسافتهای 96
مسافران 79
مساله 99
مسالهای 28
مستثنی 76
مستقر 48
مستقل 44
مستقیم 99
مسلم 32
مسلمانان 48
مسموم 45
مسکن 24,24,24,24,24,24,24,24,34,34,34,34
مسکونی 96
مسیحیان 48
مسیر 76
مسیری 23
مشابه 18,40,40,40,40
مشاهده 42,96,99
مشاور 76
مشاوره 76
مشترک 18,18,73
مشتمل 28
مشمول 93,99
مشهد 5
مشهدی 52
مشکل 24,36,36,5,95,95
مشکلات 92,92,92,92,95,95,95
مشکلاتی 35,36
مشکوک 76
مصادف 43
مصارف 18,20,20,36
مصاف 94
مصالح 24
مصدومیت 25,27
مصرف 20,20,20,30
مطالب 97
مطبوعات 50
مطرح 53,92,94,98
مطمئنا 3,3
معادل 2,2,2,2,2,2,2,22,38,40,40,40,40
معادلات 76
معاملاتی 2
معامله 2
معانی 51
معاون 100,24,24,46,50,54,99
معاونت 93
معترضین 41,41
معتقدند 35
معدل 24
معدوم 26,26
معرفی 100,24,45,78,93,94,95,97,97
معزز 18
معظم 32,32
معلوم 50
معمولا 24,75,99
معیشتی 41
مغازه 26
مغذی 98
مغلوب 23
مفید 26,26
مقابل 11,11,23,27,27,27,31,37,5,94,94
مقابله 100,76
مقاطع 73
مقام 32,32,45
مقامی 57
مقایسه 40,40,40
مقداری 26
مقدس 96
ملتهای 29
ملکی 57
ممنوع 98
ممکن 25,25,49
منابع 18,20,20,20,20,28,36,53,98
منات 4,4
مناسب 78,93
مناسبت 93
مناطق 24,24,24,24,24,24,24,55,92,93,93,95,95,96,96
مناطقی 24,24,32
منبع 98
منتخب 97
منتشر 18
منتقدان 36
منتقل 20
منتهی 10
منجر 36
منزل 76
منصوری 94
منصوریان 1,1
منطقه 100,100,11,24,24,24,24,44,44,47,96,96,96,99
منفی 15,2,2,20,20,20,36,98
منوچهر 57,57
منچستر 23
منچسترسیتی 35,35
منچستریونایتد 23,23,23,23
مهاجرت 43
مهاجم 15,15,23,35
مهدی 46,5,54
مهرداد 57
مهرماه 40,40
مهم 19,23,30,30,36,46,50,54,76
مهمان 23,79
مهمی 36,53
مهندس 50
مهیا 97
مواجه 28,36
مواد 100,100,98
موارد 100,96
مواردی 78
موبایل 77,77,77,77
موثر 3,76
موثری 3
موجب 26,26
موجود 77
مورد 100,100,100,100,24,53,97
موضوع 30,34,35,36,95,95
موفق 19,25,27,31,36,36,39,50,96
موفقیت 3
موقعیت 25,27
مولا 99
مونتهگراپا 51
مونتگراپّا 51
مونیخ 33,33
مکلف 34
مککنی 19
میآورد 42
میآید 29
میان 33,33,77,77
میانمار 4
میانگین 100
میبینید 3
میتوان 30,78
میتواند 28,28,28,3,3,35,75
میتوانند 32,93,93,93,93
میتوانیم 20,99
میخواست 51
میخواهند 35
میدان 37,39
میدانستند 41
میدانی 95
میدانید 3
میدهد 14,30,32,34,36,39,40,40,40,77
میدهم 51
میدود 49,49
میرزایی 38
میرود 49,93
میرکریمی 57
میری 57
میریزند 76
میزان 20,20,32,34
میزبان 19,27,5
میشود 28,28,28,31,33,34,38,41,42,46,49,54,58,92,96,97,99,99,99,99,99
میشوند 34,52,99
میفروشیم 20
میلاد 5
میلادی 55,55,55
میلیارد 2,2,20,20,20,20,20,20,20,20,28,28,28,28,28,28,34,36,40,40,40,40,40,40,47,92
میلیون 2,2,2,2,2,22,22,22,22,32,34,34,38,38,38,38,38,38,40,40,40,40,40,40,76,77,77,77
میلیونی 34
مینماید 49
میهمان 11
میکرد 53,96
میکردند 36
میکشید 3
میکند 49,52,52
میکنم 3
میکنند 100,100,51,76,96
میکنید 3
میکنیم 10
میگفتم 3
میگیرد 97,99
ناتوانی 47
ناحیه 96,96,96,96,96,96
ناخوشایندی 26
ناراحت 29
ناراحتی 29
نارضایتی 43
نازی 45,45,45
ناسیونال 45
ناشی 100,95,95
ناصر 97
ناصری 95
نامه 45,57
نامگذاری 18
ناواس 23
ناگورنو 44
نایب 77
نباشد 10,28
نباید 38
نبوی 57
نتایج 1,1,29
نتوانست 28
نتوانستند 27
نتوانستیم 20
نتیجه 11,11,17,19,27,29,33,95,98
نجفی 57
نحوه 38
نخست 1,37,94
نخستین 27,27
ندادن 98
ندادند 95
نداده 98
ندارد 28,3,36,48,95,95
ندارند 78
نداشت 25,47
نداشتن 96
نداشتند 32
نداشته 24
ندید 1
ندیده 78
نرسانده 35
نرسیدن 95
نروژ 4
نزدیک 10
نسبت 20,28,30,30,34,4,4,40,40,40,99
نسخه 76,76
نشات 35
نشان 14,24,30,30,30,36,40,40,40
نشانگر 73
نشده 20,27,92,92,95,98
نشدهای 49
نشست 32,92,95
نصوریان 1
نظارت 100,46,54
نظام 34,38
نظامی 41
نظمی 41
نفتخیز 92
نفتی 28,35
نفراتی 3
نفسگیر 94
نقاطی 49
نقدی 38
نقدینگی 28,30,30,30,30
نقطه 32
نمادین 51,51
نماید 34,38
نمایشی 97,97,97,97
نمایند 18
نماینده 94,94,94,95,95
نمایندگان 92,94
نمودار 30
نمودارهای 100
نمودند 97
نمونه 78,78
نمیتوان 78
نمیدهم 10,10
نمیرود 92
نمیشد 3,47,78
نمیشود 42,42
نمیکند 28
نهاد 73
نهاده 32,32,32
نهادههای 32
نهایت 27,28
نهایتا 52
نهایتاً 26
نهایی 77,94,94,94,97
نهمین 97
نوامبر 77
نوبت 2
نوبخت 34
نوراللهی 5
نوسازی 96
نوسانات 30
نوید 57
نپال 4
نژاد 46,54,95
نکته 28
نکرد 20
نکردن 100
نکرده 78
نکنیم 77
نگرفته 32
نگهداری 26,30
نیاز 73,76,96
نیافته 92
نیافتهاند 35
نیرو 98,98
نیروهای 52,56,56,73
نیزاعتباری 92
نیست 24,38,50,76,76,78,99
نیستند 78,99
نیسی 96,96,96
نیمار 23,23,23,23
نیمایی 10,10
نیمه 2,23,24
نیوزیلند 4
نیوکمپ 19
نیکوکاران 96,96,96
هازارد 25,25
هایش 28
هایی 26
هجدهم 38,4
هجمه 36
هدایت 1,11,3
هدفشان 35
هدفمندسازی 38
هدفگذاری 10,10,10,10
هررا 23
هرچند 42,42
هزار 10,2,2,2,2,2,2,2,2,2,20,20,20,20,20,20,20,22,22,22,22,28,28,28,28,28,34,34,36,38,38,38,4,4,4,4,4,4,4,4,4,4,4,4,4,4,4,4,4,4,4,4,4,4,4,4,4,4,4,4,4,4,4,4
هزارمیلیارد 28
هزارهجات 55
هزینه 20,35,36,36,96
هستند 100,24,26,32,35,35,57,76,76,78,92,93,94,98
هستیم 24,36,97
هفته 1,100,19,22,23,5,95,95
همان 46,54
همانطور 96
هماهنگی 32,41,95
همایون 57
همتی 10,20
همدستان 52
همراه 36,45,46,54
همزمان 18,76,79
همسرش 45
همهگیری 76,78,99
همهگیریهای 76
همواره 76,78,78
همچنین 20,27,32,4,4,40,73,99
همکاران 26,73
همکاری 73,93,96,96
همگی 27
همیشه 79
همین 24
هنرمندانی 97
هنوز 10,95,95
هنگام 43,44,51
هنگامی 51
هوآوی 77
هواوی 77,77,77
هوای 78
هوشمند 75,77
هویت 50
هیئت 73,97
هیات 97
هیتلر 45,45,45
هیچوقت 43
هیچکدام 98,98
وابسته 32
واحد 100,100,100,2,2,2,2,2,2,2,2,2,2
واحده 18
واخواست 40
وادار 76
واران 17
وارد 23,34,36,44,56,95,95
واردات 10,32,32,32,34
واریز 20,38
واقع 50
واقعه 50
واقعی 22,24,53
والدو 50
والنسیا 17
واگذاری 28,28,28,28
وثیقه 42
وجود 20,28,3,35,35,36,36,75,95
وحوش 99
وخشکبار 26
ودیعه 34
ورزشگاه 33,37,5
ورزشی 1,11,15,19,21,23,25,27,29,3,31,33,35,37,39,5
ورشکستگی 26
ورود 32,96
وزارت 100,24,24,45,98,98
وزرات 38
وزنه 94,94,94
وزنی 2
وزیر 24,32,45
وسیعی 36,46,54
وصیت 45
وضعیت 24,99
وظیفه 92
وعده 56
وفادار 45
وقتهای 33
وقتی 50
ومبلی 37
ونزوئلا 4
وهشت 100
وکالت 38,38
وکیل 50
ویران 47
ویروس 100,15,26,26,99
ویژه 10,93,98,98,98,98
پائولو 31
پاداش 43
پارسافخر 93,93
پارسال 99
پاری 23,23,23,23,23,35,35
پاریسی 23
پاسخ 18
پاسداران 18,18,18
پاندمی 76
پانورامایی 49
پاول 45
پاچکو 25
پاکستان 4
پایان 10,33,38,38,5,97,97
پایانی 19
پایتخت 21,24,24,24,24,24,33
پایدار 95
پایه 30
پاییز 30,78
پاییزه 99
پایین 24
پتانسیل 3
پدرخوانده 53,53
پذیرش 28
پرتغالی 11
پرداخت 34,34,38,38,47,47,93,95
پرداخته 30,95
پرداختی 20
پررنگی 77
پرستاره 1
پرستویی 57
پرسش 32
پرسپولیس 3,3,3,3,3,3,3,5,5,5,5
پرهیز 100,78
پروتکل 97,99
پروتکلهای 100
پرورش 32,96,98,98,98
پروری 98
پرونده 38
پروپاگاندا 45
پرویز 57
پرگل 5
پریرا 23
پزشک 50,76,76
پزشکان 76
پزشکی 100,100,50,76,76
پزوی 4
پستانداران 99
پسیانی 57
پشتیبانی 34
پلتفرم 77
پلمب 100
پلیاستور 77
پنالتی 17,25,37
پنجشنبه 33
پنجم 23
پوتین 51,51,51,51
پورتفوی 22
پوشان 23
پوشش 77,93,93,93,93
پوشکاش 33
پولی 30,36,36,36,47
پوند 4
پژوهشهای 30
پیامک 38
پیاپی 56
پیدا 20,3,50
پیروزی 1,21,25,27,3,94,94,94
پیروی 51
پیشبینی 10,28,36
پیشران 24
پیشرفت 18
پیشنهاد 98
پیشگیری 95
پیشین 46,54
پیوند 73
پیچیده 95
پیکه 27
پیگیری 92,95,95
پیگیریهای 50
چراغ 34
چشمگیر 24
چندان 23
چندین 50
چنین 47,51
چهار 100,24,24
چهارشنبه 11,95,99
چهارم 5,97
چهارپایان 99,99
چهرههای 53
چگونه 78
چینی 77,77
ژانویه 77
ژانگ 77
ژاپن 4
ژرمن 23,23,23,23,23,23,35,35
ژوئیه 56
کادر 94,94
کادرفنی 3
کاراسکو 27,27
کاربر 77,77
کاربران 75,76,76,76
کارشناس 28
کارشناسان 26,32,99
کارشناسی 73
کارلوس 11,11
کارمندان 100
کارون 98
کارکنان 78
کارگزاریهای 93
کاری 55,78
کاریز 21
کاسته 24,76
کاشت 32
کالاهایی 10
کالج 50
کامران 57
کاملینا 32
کانادا 4
کاهش 2,2,2,22,22,24,24,24,24,24,24,30,32,36,4,4,40,40,99
کاهشی 10
کاپیتان 5
کثیر 3
کدام 76
کدامند 36
کردستان 48
کردم 96
کردن 36,36,76
کردند 100,100,26,32,38,43,47,48,56,77,97
کردنش 48
کرده 14,20,21,23,24,25,27,3,33,36,42,46,48,48,50,52,52,54,76,98,99
کردهاید 75
کردید 36
کردیم 20,32,32
کرملین 51
کرنر 25
کروتونه 31
کرون 4,4
کرونا 100,100,15,26,26,26,26,38,76,76,76,78,78,78,78,78,78,99
کرونایی 38
کسانی 95
کسری 20,28,36,36,36,36,36,36
کشاورزان 43,43
کشاورزی 20,32,32,43,43
کشتی 94,94,94
کشور 10,18,32,34,35,36,36,77,92,94,98,99
کشورمان 94
کشید 78
کـاهش 40
کلاس 96
کلاسه 96
کلاسیکو 27
کلان 18,35
کلانتر 50
کلمبیا 11,11
کلیدی 35,46,54
کلیه 93
کمال 57
کمبود 96,96
کمتر 20,20,36,78
کمتری 24,78
کمنقص 42
کنار 36,48,51,55,96
کناره 48
کنارههای 55
کنترل 45,47
کنجاله 32
کنجد 32
کنده 55
کنند 100,100,27,35,43,76,76,93,93,94
کننده 30,38,42,98
کنندهای 39
کنگوی 49
کنید 75
کنیم 20,20,28,36,78
کهنه 31
کوتاه 76,92
کودتای 58
کورتوا 25
کومان 27,27
کوهپایههای 48
کووید 100,100,15,97
کوچکتر 55
کویت 4
کیات 4
کیفی 98
کیفیت 98
کیلومتری 98,98
گالری 75
گذاری 100,23,24
گذاشت 27
گذاشته 56
گذشت 23,26
گذشته 100,100,100,24,26,35,4,78,92,94,95,95
گذشتگی 23
گرانبهایی 36
گرانقدر 18
گرانی 20
گرجستان 4
گردش 28
گردشگری 55
گرفت 25,36
گرفتن 10
گرفتند 100,77
گرفته 10,11,26,30,30,31,34,35,38,56
گروه 20,26,26,77,95,97,97
گروههایی 77,99
گروهی 19,56
گزارش 1,10,100,11,15,19,20,21,23,25,27,29,3,31,33,35,36,37,38,39,40,46,48,5,54,93,95,98,99
گزارشی 30
گزینه 1,75
گسترده 46,54
گسترش 93
گفته 41,77,95,98,99,99
گفتههای 77
گفتگو 78
گفتگوی 10
گلزنی 17
گلزنیاش 5
گلهای 5
گمان 92
گمانه 53
گمراوی 96,96,96
گمنام 48
گناه 18
گندم 43
گوبلز 45,45,45
گوشتخوار 99,99
گوشی 75
گونه 46,54,99,99
گوگل 77
گیاهان 32,32
گیران 94
گیرد 94
گیرندگان 38
گیری 24
یارانه 34,38,38,38,38,38
یافت 22,30,4,40,95
یافته 22,30,97,99
یانیک 27
یحیی 3,5
یعنی 28,28,28,28,3
یلالی 100,100,100
یلتسین 51,51
یلدا 26,26
یوان 4
یورو 4
یوزف 45
یوسفی 95
یونایتد 23
یوونتوس 19,31
یووه 19,31
یکساله 10
یکسری 10
یکشنبه 94,96
یکصد 4,4,4,4,4,4,4,4
