+ 69
10 64,80,80
11 64,64
1399 80
15 80
2020 64
3 74
40 59
5 63
70 67
88 59,59
96 60
Ahmad 58
Ajax 55
Allow) 74
Authorization 74
Bamiyan 52
Buddhas 52
Conference 64
Deny) 74
Developer 64
Doulos 56
EMUI 64,64,64
Emotion 64
HDC 64
Hack) 74
Huawei 64
LCD 70
LED 70
Le 56
Massoud 58
Mate 59
Minimum 74
Operation 55
Pro 59
Shah 58
UI 64
Weibo 64
cooling 60
of 52
tower 60
آب 60,67
آبادان 3,3
آبزی 67
آبسرد 80
آبسردکن‌ 80
آتی 68
آتیلا 54
آثار 38,81,81,81,81,81,81
آخرین 6
آذر 35,80
آریا 61
آریایی 81,81
آزادی 5,5,53,68
آزمایش 75
آزمایشگاهی 70,75
آس 8
آسیب 71,71
آشنا 67
آشنایی 60,60,60
آشوبگران 55
آشپزخانه 70
آشکارترین 70
آغاز 62,80
آفریقای 35
آلمان 6
آلن 55
آلودگی 71
آمادگی 81
آمار 34,36
آمارهای 66
آمده 66,71
آمریکا 35,38,50,66
آمریکای 4
آن 34,35,37,37,37,49,51,57,59,60,60,64,66,67,69,7,70,70,70,71,71,71,73,73,74
آنان 70,71
آنجا 9
آندوسکوپی 69
آنفولانزاها 75
آنلاین 73,75,78,78,78
آنها 59,70,70,70,70,70,71,71,71,74
آنهاست 70
آنچه 56,79
آن‌ها 36,39,49,49,49,50,52
آژاکس 55
آکواریوم 67,67,67,67
آینده 57,57,57,7
ابتدای 9
ابتلا 75
ابراهیم 54
ابزاری 70
ابهر 72
اتفاق 56,64
اتلتیکو 34,34,34
اتلتیکومادرید 8
اتمام 81
اتوبوس 67
اثبات 66
اثر 39,56,81
اجازه 2,74
اجتماعی 37,64,72,72
اجرا 74
اجراهای 81
اجرایی 72
احترام 61
احتمال 75
احتمالا 57
احساس 50
احمد 58,58
احمدزاده 54
احمدشاه 58
احمدی 54
اختصاصی 62
اختیار 62,78
ادارات 60
اداری 80
ادامه 4,66,68,69,80
ادعا 75
ارائه 6,74
اراده 66
ارتش 53,58
ارتقا 57
اردلان 54
ارز 35,35,35,35
ارزانی 79
ارزشمند 50
ارزشیابی 51
ارزش‌گذاری 35
ارزیابی 63,63
ارسال 81
ارشد 49,50,72
ارقام 57,57
اروپا 6,6
اروگوئه 8
اروگوئه‌ای 34,8
از 2,3,3,33,34,34,34,35,36,36,36,36,36,37,38,48,48,48,49,49,50,50,50,50,50,51,52,52,53,53,53,55,56,56,57,57,57,57,58,58,58,58,59,59,59,59,6,6,60,60,60,62,62,62,63,63,63,63,63,64,64,64,64,64,64,65,65,66,66,66,66,67,67,67,67,67,69,69,69,7,7,7,7,70,70,70,70,70,70,70,70,70,70,70,70,70,70,70,70,70,70,71,71,71,71,71,71,71,71,71,71,71,72,72,72,73,73,73,73,74,74,74,74,74,75,75,75,75,75,75,75,75,75,76,78,78,78,78,78,8,8,80,81,81,81,81,81,81,9,9
اساس 35,63,81
اساسنامه 68,68
اسبق 58
است 1,3,34,34,36,36,36,38,38,48,49,50,51,51,52,56,59,59,61,62,62,64,64,64,64,66,67,67,67,68,68,69,69,69,7,7,70,70,70,70,70,70,70,70,70,70,70,70,70,71,71,71,71,71,71,71,72,72,73,74,74,75,75,75,75,75,78,79,79,79,8,8,8,80
استارتاپ 63
استان 37,37,67,78,81,81,81
استاندارد 59
استخوان‌ها 71
استرالیا 35
استرالیایی 39
استفاده 48,60,62,64,70,70,70,70,71,74,74,75,78
استقبال 59
استقلال 62
اسرائیل 53,53,53,53
اسرائیلی 53
اسعدیان 54
اسلامی 68
اسناد 36
اسنپ 75,75,75,78,78,78
اسپانیا 6,6
اسیر 53
اشتباهی 56
اشغال 58
اصلی 52,71,73
اصلی‌ترین 70
اصولا 70
اضافه 75,75,75
اضافه‌وزن 71
اطلاع 67
اطلاعات 65,74,74,74
اطمینان 73,75
اظهار 57
اظهارات 68
اعتباری 63,63,63
اعترافات 50
اعدام 49
اعضای 49,49,50
اعلام 2,35,35,35,49,63,64,68,72,8,81
افت 35
افتاد 37
افتاده 56,64
افراد 71,71,73,75,75
افرادی 75,75
افزاری 76
افزایش 35,36,36,36,5,57,57,57,60,62,72,75,9
افزایش‌های 57
افزود 3,33,72,81,81
افزون 35
افغانستان 52,58,58,58
اف‌بی‌آی 50
اقتصادی 37,65,65,79
اقدام 73,81
اقدامات 66
اقداماتی 48
التحصیلان 63
التهاب 69
المللی 61
الهامی 1
الکترونیکی 62,70
الی 63,63,81
اما 3,39,51,58,66
امارات 35
امتیاز 6
امتیازات 34
امروز 35,35,70,79,81
امروزه 60,70,71,71
امسال 36
امضاکنندگان 54
امنیتی 49,74,74,74
امور 72,72
امکان 59,71,71,71,71,75,81
امیدوارم 68,72
امیدواریم 79
انبوه 62
انتخاب 65,68,73,81
انتخابات 68,68,68,68,68,68,68
انتخابی 4
انتفاضه 37
انتقاداتی 57
انتقال 48,48,53
انجام 55,69,70,71
انجمن 79
انحنا 59
انحنای 59,59
اند 7
اندازه 59
اندازه‌گیری 70,70,70
اندام 71
انرژی 62,70
انریکه 6
انسان 75
انسانی 72
انسان‌ها 71
انسداد 69,69
انواع 35,60,61,67,70,70,70,70,70,70,71,71,73,75
انگلیس 35
اهداف 60
اهمیت 60
او 48,48,50,50,55,55,56,58,58,68,8
اواخر 79
اوج 39,55
اول 36,36,36,57,81,9
اولد 62,62,62
اولویت 75
اولین 55,72,72,75
اویارزابال 6
اپلیکیشن 75,75,75,78
اکبر 54
اکشن 38
اکنون 74
اکوسیستم 76
اگر 62,7
ای 61
ایتالیایی 50
ایجاد 55,69
ایدز 75
ایده 63,63,63
ایران 37,51,55,55,58,67,67,78
ایرانیان 55
ایرج 54
ایستاده 52
ایستکول 80,80,80,80
ایسنا 36
ایفا 66
ایمو) 39
این 33,35,36,36,37,38,39,48,48,48,49,5,50,51,51,52,52,52,53,54,55,55,56,56,56,56,57,58,59,59,59,6,6,6,62,62,62,63,63,63,63,63,64,64,64,64,65,66,67,67,67,67,68,68,7,7,7,72,72,72,72,72,73,73,73,74,74,75,75,75,75,75,75,78,78,79,79,79,79,80,80,80,81
اینترنت 65
اینترنتی 70,78
اینطور 60
اینکه 2,50,80
این‌حال 74
با 1,1,2,35,36,36,36,38,48,49,5,51,51,53,55,55,56,57,57,57,57,57,57,57,57,58,58,59,59,6,6,6,60,60,60,60,61,62,63,63,63,64,67,67,67,67,67,69,7,7,7,70,70,70,71,72,72,72,73,73,73,73,73,73,73,74,75,75,75,75,79,79,79,80,81
بابا 67
باخت 6
بار 51,9,9
بارسلونا 34,8
بارسلونایی 34
باز 63
بازار 5,59,62,62,62,73,9
بازارهای 61
بازاری 59
بازبینی 81
بازتفسیر 56
بازداشت 55
بازدید 65,72
بازسازی 71
بازماندند 6
بازمی‌گردد 51
بازمی‌گشت 52
بازنشسته 68
بازنشسته‌ها 68
بازنشستگان 68
بازگشایی 9
بازی 6,6,6
بازیکن 34
بازی‌های 34,34
باشد 62,66,70
باشم» 56
باشگاه 71,71
باشگاهی 71,71
باشگاه‌ها 71
باشگاه‌هاست 71
باشگاه‌های 71,71
باشید 67
باشیم 57,68,72,75,79,79
باعث 37,40,60
باقی 71
بالاترین 73
بالای 72
بالایی 57
بالغ 36,60
بامداد 4
بامیان 52,52
بانک 2,35,35,35,36,79
بانکی 63
باکیفیت 61
باید 57,57,60,66,68,75,8
ببرد 68
ببندد 48
ببینید 65
بتوان 62
بتوانند 55,75,75
بحرین 35
بخش 73,76
بخشی 57
بخش‌ها 72
بخش‌های 72,72,74
بد 66
بدانجا 56
بدانید 66
بدقولی 39
بدنه 70,70
بدون 35,65,70
بدیهی‌ترین 70
بر 35,35,36,5,51,53,6,60,62,62,63,69,75,78,81
برابر 37,49,5,8
برات 36,36,36,36,36
برادرخوانده 49
براساس 35,68,80
برای 35,35,48,50,52,55,55,58,59,59,59,61,62,62,63,64,65,66,66,66,67,67,68,7,7,70,70,71,71,71,71,71,71,71,74,74,74,74,75,75,78,79,79,80,81,81
براین 36
برتری‌های 70,70
برج 60,60,60
برخوردار 67
برخی 55,58,66
برداشته 75
بردن 71
بردهای 70
بررسی 63,72
برزیده 54
برزیل 8
برسانند 75
برسد 64
برق 70,72
برنامه 57,74
برند 61,61,70
برهم 56
برودتی 60
بروز 73
بروید 65
برپا 51
برگ 36,36
برگزار 68,72
برگزاری 51,68,68
برگشت 36,36
بزرگ 60,62,67,70,70,78
بزرگتر 52,59
بزرگی 74
بستری 3
بستن 48
بسته 33,61
بسیار 66,70
بسیاری 50,60,64,67,7,70,70,70,70,71,72,73
بشر 75
بشنوید 55
بشوند 73
بشکه 57,57
بعث 37,49
بعد 58,6,6,63,81,9
بـه 36
بلموندو 56
بلندی 52
بلکه 70
بلیت 78
بلیط 67
بماند 8
بمانند 75
بنابراین 62
بنای 52
بنا‌های 52
بندی 61
بنگلادش 35
به 1,3,3,34,34,34,35,35,35,36,36,36,36,36,36,37,37,37,39,39,39,4,48,48,48,49,49,5,5,5,5,5,5,50,51,51,51,52,52,53,53,55,55,55,56,56,56,57,57,57,57,57,57,57,58,58,59,59,59,59,59,6,6,6,6,61,61,61,62,62,62,62,62,63,63,63,63,64,64,64,64,65,65,65,65,65,66,66,66,66,66,67,67,67,67,67,67,68,68,68,68,68,69,70,70,70,70,70,70,70,70,70,71,71,71,71,71,72,72,72,73,73,73,73,73,73,73,73,74,74,74,75,75,75,75,75,75,75,75,75,75,75,76,78,79,79,79,79,8,8,8,8,80,80,81,81,81,81,81,81,81
بهار 5,5
بهاروند 68,68
بهای 5
بهتر 75,75
بهترین 70,70
بهداشتی 81
بهره 63,71,73
بهره‌برداری 71
بهره‌گیری 70
بهمن 51,54
بهینه‌سازی‌های 64
بهینه‌ی 62
به‌روزرسانی 64
به‌زودی 72
به‌کارگیری 72
بود 1,37,39,50,50,51,53,55,55,56,57,57,57,57,57,58,6,64,66,7,74,75,79,79,79,81,81
بودا 52
بودجه 57,57,57,57,57,57,57,57,57,57,7,7
بودجه‌های 57
بودند 52,52
بوده 34,60,67,74
بورس 57
بولیوار 35
بویایی 69
بپیوندند 63
بکر 67
بکشد 50,69
بکند 73
بکنند 73,73,73
بک‌هایی 56
بگذارد 34
بگیر 33,33
بگیرند 62
بی 37,57,9
بیان 60
بیانگر 57
بیرون 71
بیست 33
بیش 62,69,71,76,78,78
بیشتر 60,70,71
بیشتری 75
بیش‌تر 67
بیمار 3,3,3,3,75
بیمارستان 3,60
بیماری 75,75,75,81
بیماری‌ای 75
بین 49,55,59,61,63
بیننده‌ای 67
بینی 51,57,69,69,69,69,69
تئاتر 81,81,81
تئودور 55
تا 2,39,55,56,6,62,63,63,63,63,63,73,74,75,75,75,8,80,80,9,9
تابناک 1,34,4,6,68,79,8
تابناک» 51
تابناک»؛ 51
تاجیکستان 35
تاریخ 33,75
تاریخی 52,52,52
تاریکی 71
تازگی 34
تاسیس 73
تامین 62,79
تاورها 60
تاکای 35
تاکسی 78
تاکنون 66,74
تایید 50,68
تبریزی 54
تبعیت 66
تبلیغ 73
تبلیغی 70
تجارت 70
تجاری 80
تجربه 72,72,74
تجلی 61
تجمع 51
تجهیزات 66,66,70,70
تحرکات 58
تحرکاتی 58
تحریک 55
تحقق 7
تحقیرآمیزی 6
تحولات 75
تخصصی 63,73,73
تخفیف‌های 80,80
تدابیر 79
تدارک 79
ترازو 70,70,70
ترازوهای 70,70
ترازوی 70,70,70,70,70,70,70,70,70,70,70,70,70,70,70,70,70,70
تراکتور 1
ترتیب 36
تردمیل 71,71,71,71,71,71,71
ترشحات 69,69
ترکمنستان 35
ترکیه 35
تریلری 38
ترین 51,73
تستش 8
تسهیلات 33,33,33,63,63,63,63
تشخیص 69
تشریح 63
تشکیل 70
تصفیه‌ 80
تصمیم 62
تصور 70,70
تصویر 56,62
تعاون 72,72,72
تعاونمعاون 72
تعاونی 72
تعداد 36,36,36,59,64,64,74,81
تعریف 69
تعیین 35
تعیین‌کرده 66
تغییر 35,75,75
تغییرات 64
تفاوت 7,70
تفاوتش 51
تفاوت‌های 51
تفرقه 40
تفریح 67
تفریحات 67
تقریبا 64
تقویت 39
تقی 54
تلاش 55,59
تلخ 9
تلویحی 68
تلویزیون‌هایی 62
تل‌آویو 53
تماشا 56
تماشاگران 51
تمام 49,5,56,61,66,71,75
تمامی 63,63,81,81,81
تمایل 73
تمرین‌های 71
تن 56
تناسب 71
تندیس 52,52
تندیس‌های 52
تنظیم 65
تنفس 63
تنها 64
تنوع 73
تهران 36,36,36,36,67
تهویه 60
تو 48
تواند 73
توانست 64,64
توانسته 1,61,66,66
توانستیم 72
توانید 65
توجه 59,67,70,71
توجهی 74
توجه‌ای 66
توحیدی 54
تور 67,67
تورس 6
تورم 2
توریستی 67
توزیع 61
توزین 70
توسط 37,62,62,63,74,81
توسعه 66,76
توسعه‌دهندگان 64
توطئه 49
توطئه‌ای 49
تولید 59,62,62,70,72,72,81,81,9
تولیدات 9
تولیدکنندگان 9
تومان 36,36,36,36,36,36,5,5,5,5,5,5,5,5,57,57,57,57,57,57,57,7,79
تومانی 33,63
تکراری 59
تکمیل 63,75
تکنولوژی 75
تکنولوژی‌های 70
تیم 34,34,4,63,72,8
ثابت 35
ثبت 34,81,81
ثمر 6
جا 34
جاذبه 65,65
جاذبه‌های 52,67
جاری 57,57,7,7,79,9,9
جام 1,4
جامعه 61,75
جامه 56
جاهایی 65
جای 67,70,79
جبار 57
جدا 34
جدید 3,35,35,59,64,72,74,74,75
جدیدترین 59,70
جریان 58,58,64
جزئیات 55,63
جزو 38
جزیره 67,67,67,67
جزیره‌های 67
جزییات 63
جستجو 65
جسمانی 71
جشنواره 51,51,80,80,80,80,80,80,81,81,81,81,81,81,81
جغرافیایی 71
جلب 59
جلسه 49
جلسه‌ای 49
جمع 34
جمعیت 55
جمله 58
جنوب 3,3
جنوبی 35,4
جنگ 37
جنگ‌های 58
جهاد 79
جهان 66,75
جهانی 4,64,75,75,76
جهت 75
جهش 79
جو 79
جوان 72
جوانان 63
جیمی 50
حاتمی 54
حاد 69
حاشیه 59
حاصل 34,57,7,7,7
حاضر 49,75
حافظ 54
حال 62,79,8
حالا 75,78
حالت 59
حالی 34,36,64,79
حامی 63
حامیان 48
حبیب 54
حتی 60,79
حجت‌الاسلام 72
حجم 60
حد 71,74
حداقل 75,9
حداکثر 63
حدود 36,9
حذفی 1
حرفه‌ای 55
حرکات 48
حرکت 48
حریم 74,74
حزب 49
حزب‌الله 53,53,53
حس 69
حساب 33,57,9
حساس 8
حسن 54,72
حسگر 70
حسگرهای 70
حسین 49
حضور 68,68,72,72,72
حضوری 75
حفظ 74,74
حقیقت 75
حقیقی 54
حمایت 58,72
حمایتی 33
حمله 53
حوزه 63
حوزه‌‌های 72
حکومت 40,55
حیدر 68
حین 65
خارج 49
خاص 61,67,74
خاطر 75
خالص 7,7
خانه 71,71,71,71,75
خانه‌ها 71
خانوار 33,33,33
خانوار‌های 33
خانگی 34,34,70,71,71,80,9
خاوازی 79
خاک 53,53
خبر 72
خبرهای 72
خبرچین 50
خدمات 71,73,73,73,75,78,78
خدماتی 73
خدمت‌رسانی 78
خرداد 33
خردادماه 33
خرمدره 72
خرمشهر 3
خروج 2
خرید 59,59,59,70,70,71,78,78
خریداران 60,80
خریدوفروش 70
خستگی 65
خصوص 72
خصوصی 74,74
خطر 74
خلاقیتی 38
خلق 38
خلیج 37
خلیج‌فارس 67
خنک 60,60,60,60
خواندن 49
خواهد 57,63,63,7,8,80,80,81,81
خواهند 63,74
خوب 8
خوبی 68,72,74,74
خود 34,39,48,49,49,56,58,59,59,59,6,63,66,67,67,70,70,75,75,75,78,9
خودرو 72,72,72,72,72,78
خودشان 73,73
خودنویس 48
خوراکی‌های 71
خورد 35,35,37
خورده 36,36,74
خوزستان 3,3,81,81
خوشبختانه 72
خیانت 50
خیره 34
خیره‌کننده 66
خیره‌کننده‌ای 67
خیلی 65
داخلی 50,58
داد 68,75,8
دادن 55,70,74
دادند 53,9
داده 39,67,75,79
دارای 61
دارد 2,35,48,48,49,49,50,51,59,60,61,67,67,70,70,72,72,73,74,74,74,76
دارند 59,62,62,63,67,72,72,73,73,75
دارو 75
دارویی 69
دارید 65
داشت 36,49,50,57,57,58,80
داشتن 74
داشته 62,66,68
دالس 55
دانست 62,68
دانش 70,72
دانشجویان 63,72
دانشگاه 72,72
دانشگاهی 72,72
دانلود 74
دانمارک 35
دانه 79
داودی 54
دبیرخانه 81,81
دبیری 51
در 2,3,3,3,3,3,33,33,33,34,34,34,35,36,36,36,36,36,36,36,36,36,36,36,36,36,37,37,37,37,37,38,38,39,4,48,48,49,49,49,5,50,50,50,50,51,51,52,52,52,52,52,52,52,53,53,55,55,55,56,57,57,57,57,57,57,57,57,58,58,58,58,58,59,59,59,6,6,6,60,60,60,60,61,62,62,62,62,62,62,62,62,63,63,63,63,63,64,64,64,64,64,64,64,65,65,65,65,65,66,66,66,66,67,67,67,68,68,68,68,68,68,68,7,7,7,70,70,70,70,70,70,70,70,70,70,70,70,70,70,70,71,71,71,71,71,71,71,71,71,71,71,72,72,72,72,72,72,72,73,73,73,73,73,73,74,74,74,75,75,75,75,75,75,75,75,75,75,75,75,75,75,75,75,78,78,78,78,79,79,79,79,79,79,79,8,80,80,80,80,80,80,81,81,81,81,81,9
درآمدی 57
درآمد‌های 57,7,7,7
درایور 62,62,62,62,62,62
درباره 67,68,79
دربردارنده 73
دربرگرفت 75
دربند 53
درجه 59
درجه‌ای 59
درخواست 63,63,74,74,78
درخواست‌های 53
درد 69
درز 74
درصد 33,36,36,36,36,36,36,36,36,36,57,57,60,62,63,63,9
درصدی 2,57,57,57,7,7
درمان 3,69,75
درمانی 75,75,80
دره 52
درهم 35,6
درک 50
دریافت 33,63,75,75,80
دریافتی 63,63
دریایی 67
دست 34,37,48,6,64,66,69,8
دسترس 71
دسترسی 74,75
دسترسی‌های 74
دسته‌های 80
دستکش 61,61
دستگاهی 71,71
دشوار 37,71
دغدغه 70
دغدغه‌ی 63
دفاع 58
دقت 70,70,70
دقیقه 34
دقیق‌ترین 70
دلار 2,35,35,35,35,35,35,57
دلایلی 66
دلیل 37,59,70,70
دنبال 61,73,75
دنیا 64,70,70,71,71,71,75
دنیای 73,73,73
ده 35
دهد 57,59,62,65,69
دهن 68
دهند 65
دهیم 72
دو 35,37,52,53,59,70,70,70,70,70,71,71,72,74
دوازده 69,69
دور 6,70,75
دوران 37,70,75
دوره 36,36,63
دوست 48,56
دولت 39,55,57,7,72
دولتی 57
دوم 33
دوی 70
دویدن 71,71,71
دکتر 3,72
دکتری 72
دی 81
دیجیتال 70,70,70,70,70,70,70,70,70,70,70,70,70
دیجیتال; 70
دیجیتالی 70,70,70,70,70,70,70,70
دید 59,65
دیدار 6,8
دیدن 81
دیدنی 38,67,67
دیده‌ایم 50
دینار 35,35,35
دیگر 35,51,55,62,67,70,71,71,71,71,75
دیگری 61,70,74,78
ذخیره‌ 74
ذهن 70
ذکر 62
رئیس 55,72,79
را 2,33,33,34,35,36,36,36,37,39,39,48,48,49,49,49,50,50,50,53,53,55,55,55,55,55,56,56,57,57,58,59,59,59,6,6,61,61,62,62,62,62,62,62,62,63,63,63,63,65,65,65,65,66,66,66,67,67,68,68,68,69,7,7,7,7,71,71,71,71,71,72,72,73,73,73,73,73,73,73,74,74,74,75,75,75,75,75,75,75,75,78,78,79,79,8,80,9,9
رابط 64,64,64
راحتی 73,73,75
راست 48,48
راستین 61
راعی 54
راند 35
راه 70,70,71,71,75,81
راهنمای 71
راهکارهاست 75
راهکارهای 75
راهی 6,75
راه‌انداز 62
راه‌اندازی 63
راه‌کارهای 74
راینوساینوزیت 69,69,69
ربع 5
رخ 75
رد 53,57,74
رزرو 67,78
رساندند 6
رسما 33
رسمی 35,35,64,68
رسول 54
رسید 39,80
رسیدن 6,71,79
رسیده 64
رشته‌های 72
رشد 57,57,57,57,57,7,7,7,9
رضا 54
رعایت 81
رغبت 59
رفاه 72,72
رفاهی 80
رفت 9
رفتار 48
رفتن 69,71
رفته 34
رقم 7,7
رقمی 7
رهبر 49
رهبری 49,55,58
رواج 70,75
روایت 9
روبرو 73,73
روبل 35
روبه‌روست 71
روحیه 72
رودری 6
روز 33,35,35,5,57,57,64,65,65,71
روزه 65
روزولت 55,55,55
روسیه 35,48
روش 65
روند 2,38,65,72,75,75,75
رونمایی 7
روپیه 35,35,35,35
رویداد 51,51
رویدادها 51
رژیم 37
رکود 39
رکورد 64
ریال 35,35,35,35,35,35,35,35,35,35,35,35,35,35,35,35,35,35,35,35,35,35,35,35,35,35,35,35,35,35,35,35,35,35,35,63,63,80,80
ریالی 35
ریخته 6
رییس 2
رییسه 68,68,68
زا 71
زاده 3
زباله 61,61
زبان 55
زدن 56
زمانی 39,52,64,66,71,8
زمین 75
زمینه 66,7,71,72,75
زمینه‌ای 75
زمینی 53
زمین‌های 39
زنجیره 61
زندانیان 53
زندگی 70,71,71,74,75,75
زنی‌ها 50
زیادی 73,74
زیباترین 67
زیباشناسی 59
زیبایی 67
زیربنایی 64
زیرساخت‌های 66
ساخت 70,70,72
ساختمان 60
ساخته 52,62,70,71,71,71,71
سارس 75
ساز 50
سازمان 50,51
سازنده‌ای 70
ساعت 48,48
ساعت‌های 71
سال 36,36,36,36,49,52,52,56,57,57,57,57,57,64,7,7,7,7,73,73,78,79,9,9
سالجاری 36,36
سالن‌های 51
ساله 63,67
سال‌های 70
سامانه 67
سایت 73,73,79,81
سایر 48
سخت 66,73
سختی‌های 37
سر 34
سراسر 61,66,75,78,81
سرباز 53
سرعت 70,70,70,70
سرما 71
سرمایه 2
سرمایه‌گذاری 63,63
سرنگون 55
سرنگونی 55
سرویس 75,76
سرپایی 3
سرپرست 33,68,68
سرپرستان 33
سرکوب 37
سریلانکا 35
سعودی 35
سفارش 78
سفته 36,36,36,36,36
سفر 65,65,65,67
سفره 61,61
سفرهای 65
سقف 63,63
سلامت 75
سلامتی 71
سلطانیه 72
سلمان 3
سمت 39
سنتی 65
سنجش 70,70,70
سنگاپور 35
سنگین 37
سه 3,35,53,65,65,9,9
سهام 57
سهم 62
سوئد 35
سوئیس 35
سواحل 39
سوارز 34,34
سوارس 8
سود 63
سوریه 35
سوم 49
سومونی 35
سوپراپلیکیشن 78
سوپرمارکت 78
سوی 35,53,71,81
سویاست 79
سویل 6
سپتامبر 64
سپرد 58
سپس 75
سکان 68
سکه 5,5,5
سیاست 40,48
سیاسی‌اش 58
سیستم 60,62
سینما 51
سینمای 38
سینمایی 51
سینوس 69
سینوپرت) 69
سی‌آی‌ای 55,55
سی‌ودومین 81,81
شائبه 68
شادگان 3
شامل 3
شاه 55,58,58
شاهد 57,79,79
شاهسواری 54
شاگردان 6,6
شاید 51,62
شایعات 50
شب 71
شباز 71
شبانه 71,71
شبکه 64
شتابدهنده 63
شترمرغ‌های 39
شجاعی 72
شخصی 74,74
شد 1,3,33,35,35,35,36,36,36,36,5,5,5,5,50,55,55,57,63,63,64,64,66,68,7,72,75,75
شدن 53
شدند 3,58,6
شده 34,34,37,39,52,52,57,62,64,68,70,70,71,8,8,80
شده‌اند 70
شده‌ایم 56
شدید 37
شدیدی 57
شرایط 37,66,75,81
شرایطی 71
شرح 55
شروع 39,49,73
شرکت 66,68,72
شرکتی 73
شرکت‌های 62,62,72
شرکت‌کنندگان 63
ششم 52,6
ششمین 78
شعبانیه 37
شلوغی 70
شما 65,65,71,74
شمایلی 50
شناخت 67
شناخته 55
شناسایی 3
شنبه 35,68,81
شهر 36,36,36,6,65,67,78
شهرستان‌های 3
شهری 65
شهریورماه 79
شواهدی 75
شود 1,62,69,69,72,73,75,8
شودکمپانی 61
شورای 68,68
شوروی 40,58,58
شوند 6,66,67,81
شکراله 3
شکست 37,37,6
شکل 75
شگفت‌انگیزی 80
شیوع 75,75
صاحبان 63
صادرات 57,7,7,7,7,7
صادراتی 61
صادق 53
صبح 68
صخره‌ای 52
صد 73
صدام 37,49,49
صدرعاملی 54
صدور 75
صفحه 73
صفحه‌نمایش 59,59,59
صفر 6,73
صمت 79
صنایع 60
صنعت 60,66,70,72,72,72,72,73
صنعتی 60,70
صنفی 79
صورت 3,64,68,68,69,69,74,75,79,79,79,81,81
صورتی 74
ضعف 74
ضمانت 63
ضمن 80,81
طائرپور 54
طاعون 75
طالبان 58
طالقانی 3
طباطبایی 51
طبق 36
طبیعی 67
طراحان 60
طراحی 59
طراحی‌های 59,59
طرح 5,63,63,63,72,80
طرف 59,71,75
طرفداران 55
طلا 5,5
طلای 5
طوری 56,65
طول 69,75
طولانی 52
طی 57,63,75,79
طیف 51
ظاهری 64
ظرافت‌های 48
عادت 79
عادی 75
عالم 70
عامل 71
عبارت 62
عبارتند 70,70
عبدالحمید 54
عبور 64
عجیب 7
عدد 64
عدم 37
عراق 35,37,37,37,37,37,49,49
عربی 35,58
عرصه 73
عرصه‌های 66
عرضه 61,73
عرضه‌ی 64
عسگرپور 54
عضو 57
عظیم 66
عظیمی 75
علائم 69,69,69
علائمی 69
علاقه 48,67
علاقه‌مندان 71,71
علاوه 36,5,78
علایمی 69
علم 72
علمی 63
علی 54,67,72
علیه 49,55
عمان 35
عمدتا 69
عمده‌ای 58
عمل 62,63
عملا 6,71
عملکرد 66,7,72
عملیات 53,55,55,55
عمومی 57,68,8
عنوان 51,62,63,66,69,7,70
عهده 49,51,62,62
عوارضش 75
عوامل 69
عیار 5
غارت 39
غذا 78
غرب 3,3
غربی 39
غریب 7
غیردیجیتال 70
غیرضروری 57
غیرقابل 7
غیره 60,78
غیرواقعی 7
فاخر 61
فارس 37
فارغ 63
فجر 51,51
فجیع 37
فدراسون 68
فدراسیون 68,68,68,68
فرامی‌خواند 49
فرانتیانو 50,50,50
فرانک 35
فراهم 59,71,71,71,71
فراوان 64
فراوانی 51
فردشان 59
فردوسی 63
فرشته 54
فرصت 55
فرض 74
فرم 63
فرماندهان 58
فرمول‌های 38
فرهاد 54,54
فرهنگی 51
فروخته 36,36,36,5
فروش 57,57,71,80,80
فروشگاه 61,70,70,70,71
فروشگاهی 70
فروشگاه‌های 70
فرید 54
فریزر 61,61,80
فست 71
فشار 69
فشرده 70
فصل 1
فعال 71,75,76
فعالیت 55,72,78
فعالیت‌های 71,71
فعالیت‌هایی 71
فقط 50,68
فلاح 72,72
فلز 70
فلش 56
فناوری 62
فنی 72
فوتبال 34,68,68,68,68,68,68,68,8
فوتی 3
فودهاست 71
فیلم 51,51,81,81
فیلمساز 38
فیلمی 56
فیلم‌های 38
فیلم‌هایی 50
فیلیپین 35
قائم 54
قائمیان 54
قابل 66,74
قابلیت 74,74
قاعده 75
قالب 63
قانون 57,57
قبل 35,36,36,36,36,36,36,62,65,65
قبلاً 56
قدرت 48,58,58
قدرتم 48
قدردانی 81
قدم 75
قدمت 52
قدیریان 54
قدیم 5
قدیمی 65,70,70
قرار 55,60,65,67,7,74,78,81
قرن 52
قرنطینه 8
قسمت 70,70
قسمتی 48
قسمت‌های 70
قصد 49,50,67,73
قطر 35,4
قطعات 62
قطعاً 7
قطعه 72
قطعه‌سازی 72
قلمروی 56
قهرمان 1
قوانین 68
قیام 37
قیمت 35,35,35,5,5,57,61,67,73,79,79,79,79,79,79,9
قیمت‌ها 9
لازم 55,62,74
لایحه 7
لبنان 53,53,53,53
لبنانی 53
لبه‌های 59
لحاظ 36,36,36,36,64
لزوماً 56
لو 6
لوازم 9
لودسل 70,70
لوکس 61
لوییس 34,8
لیتر 67
لیر 35,35
لیگ 6,6
ما 67,72,72,72,72,73,74,74
ماتادور‌ها 6
مادرید 34,34
مارس 37
مازیار 54
مافیا 50,50,50
مافیای 50
مالیاتی 57
مان 38
ماند 35
ماندن 75
مانع 66
مانند 48,69,74,74,78
ماه 35,36,36,36,36,36,36,51,63,64,64,64,81
ماهانه 76
ماهه 36,7,9
ماهیچه‌ها 71
ماهی‌های 67
مایکل 38
مبادله 5
مبارزه 49
مبتلا 3,8,8
مبتنی 69
مبدل 60
مبلغ 36,36,36,36
مبلغی 36
مبنی 53
متحدان 66
متحده 35
متحمل 6
متخصص 75
متر 52
متقاضیان 63
متنوع 78,80
متهم 49
متوقف 9
متین 73,73,73,73,73,73
مثبت 3
مثقال 5
مثل 62,62
مجازی 81,81
مجاهدین 58,58,58
مجاور 65
مجتبی 54
مجذوب 67
مجسمه 52
مجسمه‌های 52,52
مجلس 57,68,7,72
مجمع 68
مجموع 33,62
مجموعه 52
مجموعه‌ای 52
مجید 54
مجیدی 54
محاسبات 57
محافظت 74
محدود 74,80
محدودیت‌ها 66
محسوب 38,69
محصول 72
محصولات 70,73,80
محصولی 73,80
محض 59
محقق 39
محل 52
محمد 54
محمدجعفر 72
محمدحسین 54
محمدعلی 54
محمدمهدی 54
محمدی 54
محمودی 54
محکومیت 50
محیطی 71
مخابراتی 66,66,66
مخاطب 9
مخاطبان 81
مخاطی 69
مختلف 60,60,66,71,72,72,74
مخفی 50
مخوف 50
مدت 56,64,80
مدتی 58,75
مدد 70
مدل 63,70,80
مدیر 76
مدیران 72
مدیره 72,72
مدیریت 62,62
مذکور 33
مراجعات 75
مراجعه 67
مراکز 75
مربوط 81
مرحله 6,6,6,60,63,81,81,81
مرداد 55
مردم 37,55,70,71,71,71,72
مرز 53,64
مرسوم 38
مرغ 79,79,79,79,79
مرغداران 79,79
مرغی 79
مرکز 73,73
مرکزی 2,35,35,36,62,79
مرکزیت 60
مزمن 69
مسئله 74
مسئول 37
مسئولان 79
مسائل 71
مسابقات 4,6
مسافران 65,67
مسافرانی 67
مسافرت 65
مستثنی 75
مسعود 58,58,58
مسیر 56,75
مسیرها 65
مشابه 36,36,36,36,59
مشاور 75
مشاوره 75,78
مشترک 72
مشخص 56,63,64,7
مشغولند 70
مشغولیت 71
مشمول 80
مشهد 65,65
مشهدی 49
مشکل 73
مشکلاتی 74
مشکوک 75
مصاحبه‌ای 56,79
مصدق 55,55
مصرف 61,62
مصنوعی 67
مصوب 68
مطالب 81
مطرح 50
معادل 33,36,36,36,36
معادلات 75
معامله 5,5
معانی 48
معاون 51,72
معتبر 67
معترضین 37,37
معرفی 64,64,66,70,81
معمول 59
معمولا 74
معیار 68
معیشتی 37
مقابل 6
مقابله 75
مقاطع 72
مقامی 54
مقایسه 36,36,36,57,57,7,7
مقدار 62
ملاک 65,68
ملت‌های 6,6
ملل 63,63,63
ملویل 56
ملکی 54
ملی 4,51,51,72,72,8
ممنوعیت 68
ممنوعیتی 68
ممکن 69,70,79
من 48
منابع 50,57
منات 35
مناسب 61
مناطق 52
منتخب 80,81
منتظر 79
منتور 63
منجر 71
منحصر 59
منزل 75
منطقه 4
منظور 72
منفی 8
منوچهر 54,54
مهاجرت 39
مهاجم 8,8
مهدی 51
مهرداد 54
مهرماه 36,36
مهم 67,70,71
مهمترین 60
مهمی 50,66,74
مهم‌ترین 51,59,62,67,70,70,70,70,75
مهندسی 72
مهیا 81
مواجه 57
موارد 63
موبایل 64,76
موثر 71,75
موجود 79
موراتا 6
مورد 3,50,62,7,70,73,74,81
موسسه 63,63,63
موضوع 64,68
موظفیم 68
موفق 34,55
موقعیت 67
مچ 48,48
مکان 65
مکانیکی 70,70,70
می 60,61,61,65,65,65,65,65,69,69,73,73,81
میانمار 35
میت 59
میدان 34
میدهیم 73
میرکریمی 54
میری 54
میزان 57,65,79
میزبان 6
میعانات 7,7
میلادی 52,52,52
میلیارد 36,36,36,36,36,36,57,57,57,57,57,63,63,7
میلیون 33,33,36,36,36,36,36,36,5,5,5,5,5,5,5,57,63,64,64,64,64,76,78,80,80
میلیون‌ها 75
می‌آورد 38
می‌برند 70
می‌توان 62
می‌تواند 59,62,74
می‌توانند 63,80
می‌توانید 55
می‌توانیم 72
می‌جنگید 58
می‌دانستند 37
می‌دهد 34,36,36,36,56,63,66,7,78
می‌دهم 48
می‌رسد 62,68
می‌روند 67,70
می‌ریزند 75
می‌شنویم 72
می‌شود 37,51,55,57,59,71,71
می‌شوند 49,62,71
می‌کرد 50
می‌کند 49,49,56,56,59,63,67,71,78
می‌کنند 48,56,59,62,63,64,67,75
می‌کنیم 2,74
می‌گیرد 81
نارضایتی 39
نازل 73
ناشی 3
ناصر 81
نام 49,49,53,55,70,70,71,71,74,81,81
نامرئی 59
ناممکن 70
نامنظم 6
نامه 54,63
نانومتری 62
نایب 79
نبودن 70
نبوی 54
نتایج 66
نتوانستند 66
نتیجه 6
نجفی 54
نخبگان 63
ندارد 68
ندارم 56
نرخ 35,35,35,35,35,35,63,63
نرم 76
نرم‌افزار 72
نروژ 35
نزدیک 2
نسبت 35,35,36,36,36,5,70,70
نسخه 64,75,75
نسخه‌ی 64,64
نشان 36,36,36,56,59,69,7
نشانگر 72
نشان‌دهنده 74
نشد 3,39
نشدن 79
نشده‌اند 66
نشستی 72
نشود 74
نصب 74,78
نظارت 51
نظامی 37,58
نظر 59,68,7,80
نظمی 37
نظیر 67
نفت 57,57,7,7,7
نفر 3,63,64,64,75
نفوذ 55,61
نقاط 67,67
نقد 7,81
نقدی 80,80
نقش 50,58,66
نقشه 65
نقطه 55
نقل 8
نمادین 48,48
نماند 58
نمایش 62
نمایشگر 62,62,62,62,70,70
نمایشگرها 62
نمایشگرهای 62
نمایشی 81,81,81,81
نمایند 60
نماینده 72
نمایندگان 7
نمود 63
نمودن 63
نمودند 81
نموده 63
نمونه 72,72
نمی‌دهم 2
نمی‌شود 38
نمی‌گذارد 71
نهاد 72
نهاده 79
نهایتا 49
نهایی 81
نوآوری 73
نوع 51,70,70,70,71,71,73
نوعی 70
نوه 55
نوید 54
نویسنده 56
نپال 35
نژاد 51
نگاه 56,57
نگرانی 79
نگرفته 74
نگهبان 68
نیا 81,81
نیاز 72,73,73,75
نیازش 62
نیروهای 72
نیرو‌های 49,53,53
نیز 3,35,35,36,48,5,5,5,57
نیست 66,75,75
نیم 64
نیمایی 2
نیم‌سکه 5
نیوزیلند 35
ها 34,60,68,73,73,80
های 60,61,61,65,65,69,70,73,81,81
هایش 65
هایپرجیم 71
هایپرمارکت 70
هتل 67,78
هجدهم 35
هدایت 56,58,58,68
هدف 61,76
هدف‌هایی 66
هدیه 63,80,80
هر 35,35,35,35,5,5,56,63,67,67,68,70,70,70,70,70,71,73,73,75,79,79,79,9
هرمزگان 67
هرچند 38,38
هرچه 60
هرگز 56
هزار 33,33,35,35,35,35,35,35,35,35,35,35,35,35,35,35,35,35,35,35,35,35,35,35,35,35,35,35,35,35,35,35,5,5,5,5,5,5,5,5,57,57,57,57,57,57,67,7,79
هزاره‌جات 52
هزینه 65
هستند 3,54,59,61,73,75,75,80
هستیم 79,81
هشدار 79
هفت 36,36,36,7
هفته 6,69,69
هم 34,59,62,70,70,70,71,72,74,75,75,75,75,75
همان 51,57,62
هماهنگی 37
همایون 54
همت 79
همدستان 49
همراه 51,57,67,69
همراهی 63
همزمان 75
همسایه 61
همه 67,70,71,71,71,73,73
همه‌ 67
همه‌گیری 75
همه‌گیری‌های 75
همواره 75
همچنین 35,35,36,5,55,57,72,78
همکاران 72
همکاری 72
همیشه 59,65
همین 70
هند 35
هنرمندانی 81
هنوز 65
هنگام 39,59,69
هنگامی 69
هنگ‌ 35
هوآوی 59,59,62,62,62,64,64,64,66,66,66,66,66,74,76
هوا 71,80
هواوی 66,74,76
هواپیما 67,78
هوشمند 59,62,74,74,74
هومی‌شود 59
هک‌شدن» 74
هیئت 72,72,81
هیات 68,68,68
هیچ 75
هیچ‌وقت 39
و 3,33,33,33,33,35,35,35,35,35,35,35,35,35,35,35,35,35,35,35,35,35,35,35,35,35,35,35,35,35,35,35,35,35,35,35,36,36,36,36,36,36,36,36,36,36,36,36,36,36,36,36,36,37,37,37,37,37,37,38,39,40,48,49,49,49,49,5,5,5,5,5,5,5,5,5,50,50,50,50,50,50,51,51,51,52,52,53,53,53,54,55,55,55,55,55,56,57,57,57,57,57,58,58,58,58,58,59,6,6,6,6,6,6,60,60,60,61,61,61,61,61,62,62,62,63,63,63,63,63,63,64,64,64,64,64,65,65,66,66,67,67,67,67,67,67,67,68,68,68,69,69,69,7,7,7,7,7,7,70,70,70,70,70,70,70,70,70,70,70,70,70,70,70,70,70,70,70,70,70,70,71,71,71,71,71,71,71,71,71,71,71,71,71,71,71,71,71,71,71,71,71,71,71,71,71,71,72,72,72,72,72,72,72,72,72,72,72,72,72,72,72,72,73,73,73,73,73,73,73,73,74,74,74,74,74,75,75,75,75,75,75,75,75,75,75,78,78,79,79,79,8,8,8,80,80,80,81,81,81,9,9
واخواست 36
وادار 75
وارد 53,58,62
واردات 79
واسطه 66
واقع 56
واقعی 50
وام 63,63,63
واگذار 73
وبا 75
وثیقه» 38
وجود 68,70,72,73,74
وحشتناکی 79
وحشیانه 58
ورزشکاران 71
ورزشی 1,34,4,6,68,71,71,71,71,8
ورزش‌دوستان 71
ورزش‌ها 71
ورود 59,73,73
وزارت 72,72,79
وزن 70,70,70,70,70,70
وزن‌کشی 70
وزیر 58,79
وسیعی 51
وسیله‌های 71
وضع 66
وظایف 60
وظیفه 62
وظیفه‌ی 62
وعده 53
وعده‌ها 79
وقت 55
ولاغیر 68
ولی 37
ونزوئلا 35
وهشت 3
وی 72,81,81
ویدیو 55
ویروس 8
ویژه 59,80
ویژگی 61
ویژگی‌های 74
ویژگی‌هایی 59
پارانازال 69
پاسخ 68
پاندمی‌ها) 75
پانیذ 61,61,61
پاکستان 35,58
پایان 63,81,81
پایانی 6
پاییز 79
پاییزی 80,80,80,80
پدرخوانده 50,50
پر 79
پرداخت 55,63,63
پردازند 65
پرستویی 54
پرطرفدار 71
پرناک 61,61
پرو 59
پروتکل 81
پرونده 33
پرویز 54
پرچمدار 59
پرکاربرد 71
پرکالری 71
پرگل 6
پزشک 75,75
پزشکان 75
پزشکی 70,75,75,78
پزوی 35
پس 50,53,63,64,75,75
پسند 73
پسندان 73
پسیانی 54
پشت 34
پلاست 61
پلاستیک 70
پلتفرم 72,72
پلکانی 80
پنج 3
پنل 62,62
پنل‌های 62,62
پوتین 48,48,48
پور 54
پول 55
پولیپ 69,69
پوند 35
پویش 63
پیاده‌روی 71,71
پیاپی 53
پیدا 64
پیر 56,56
پیروزی 6
پیروی 48
پیش 38,51,57,58,68,9
پیشبرد 66
پیشتازان 66
پیشتازی 66
پیشین 51
پیش‌بینی 2
پیگیری 72
چاره‌اندیشی 74
چالش 79
چاپ 73,73,73,73,73,73,73,73
چرا 59,79
چرب 71
چشم 56
چشمگیری 62
چشم‌نوازی 67
چند 62,71
چنین 48
چه 65,65
چهار 3,5,5
چهارم 81
چهره‌های 50
چون 50
چک 65
چکاد 72
چکاد» 72
چیز 67
چینی 62,62
چیپ 62,62
چیپ‌های 62,62,62
ژان 56,56
ژاپن 35
ژرمن‌ها 6
ژوئیه 53
کابل 58
کار 50,63,66,70,72,72
کارآفرینی 63
کاربر 64,64,76,78
کاربران 59,59,59,59,64,74,74,74,74,75,75,75
کاربرانش 78
کاربرانی 64
کاربردی 71
کاربری 60,64,64,64,80
کارت 80,80
کارخانه‌های 70,70
کارشناسان 63,7
کارشناسی 63
کارگردان 56
کاری 52,60
کاسته 75
کاظم 79
کافی 78,79
کالاها 70
کالای 61,61
کانادا 35
کانون 79
کاهش 35,35,36,36,57,69,79
کاهشی 2
کتاب 57,9
کجی 68
کدام 70,75
کرد 35,50,50,58,60,64,64,66,68,8
کردن 70,75
کردند 33,39,53,6,81
کرده 38,49,49,51,55,73,75,9
کرده‌اند 74
کرده‌اید 74
کرده‌ایم 56
کرملین 48
کرمیت 55,55
کره 75
کرون 35,35,35
کرونا 3,33,75,75,75,8
کس 68,73
کسانی 63
کسب 63
کسب‌وکار 63,63
کسری 57,57
کشاورزان 39,39
کشاورزی 79
کشت 39,39
کشف 49
کشور 2,57,57,60,61,78,79,79
کشورهای 61
کشوری 55
کشور‌های 58
کـاهش 36
کل 2,57,57
کلاه 56
کلماتش 56
کلی 76
کلیات 57
کلیدی 51
کلیه 63
کم 59,71
کمبودها 73
کمتر 64,69
کمپین 63,63,63
کمک 75
کمک‌ها 39
کمی 59
کمیسیون 57
کن 80
کنار 52,63
کناره‌های 52
کنترلی 62
کنجاله 79
کند 48,49,55,59,59,61,61,62,64,66,74
کنده 52
کنفرانس 64,64
کنند 55,62,75,75,80
کننده 60,60,60,61
کننده‌ای 34,59
کنندگان 63
کنونی 70,70
کنگ 35
کنید 65,65,65,67,74
کنیم 68
که 2,3,34,34,34,35,35,36,36,36,36,36,36,37,48,49,49,50,50,51,51,52,55,55,56,56,57,58,59,59,59,59,59,60,60,60,61,62,63,64,64,64,64,65,65,66,66,66,67,67,67,67,68,69,69,69,69,7,70,70,70,71,71,71,71,73,73,73,74,74,74,74,74,75,75,75,79,79,79,8,81
کوتاه 75
کودتای 55
کولینگ 60
کووید 3,81
کوچک 67,70,78
کوچکتر 52
کویت 35
کیات 35
کیسه 61
کیش 67,67,67
گاز 7,7
گازی 7,7
گالری 74
گام 75,75
گجت‌های 62
گذاشته 53
گذراندن 63
گذشت 64
گذشته 1,35,5,64
گرا 56
گرامی 60
گرانی 9
گرداند 63
گردش 65
گردشگری 65
گردیده 60
گرفتند 58
گرفته 53,62,74,80
گرم 5
گرمی 5
گره 74
گروه 81
گروهی 53,58
گزارش 3,36,51,6,63,68
گسترده 51
گسترده‌ای 71
گسترده‌تری 59
گفت 79,81
گفته 37,56,76
گفتگو 79
گل 34
گوشی 74
گوشی‌ 59
گوشی‌های 62
گوشی‌هایی 64
گونه‌های 67
گیرد 60
گیری 73
یا 63,69,70,70,71,74,75
یابد 79
یارانه 33,33
یافت 35,36
یافتند 6
یافته 57,57,57,81
یخچال 80
ین 35
یورو 35
یک 33,5,5,50,55,63,65,65,75,79,9
یکبارمصرف 61,61,61
یکصد 35,35,35,35,35,35
یکی 50,71,75
۱ 63
۱۰ 64,64,9
۱۰۹ 35
۱۱ 35,35,35,5,6
۱۱۱ 35
۱۱۵۰۰ 57
۱۱۶ 35
۱۲ 35,35,36,5,53,63
۱۳ 35,36
۱۳۷ 35,36,36
۱۳۹ 35
۱۳۹۹ 36
۱۴ 3
۱۴۰۰ 57
۱۵ 36
۱۷ 3
۱۷۰ 78
۱۷۶ 35
۱۸ 5,63
۱۸۷ 35
۱۹ 3,36
۱۹۶۳ 56
۱۹۷۹ 58
۱۹۹ 57
۱۹۹۲ 58
۲ 35,35,36,57,63,63
۲۰ 57
۲۰۰ 35
۲۰۰۶ 53
۲۰۲۲ 4
۲۰۶ 35
۲۱ 33
۲۱۶ 35
۲۲ 33,35
۲۳۱ 35
۲۴۳۵ 57
۲۵ 33
۲۵۵ 35
۲۶ 35,36
۲۸ 55,62
۲۸۴ 35
۲۹ 35
۳ 35,35,36,57,76
۳۰۰ 5
۳۰۶ 34
۳۱ 35,35
۳۲ 35,35
۳۵ 35,52
۳۷۱ 35
۳۷۷ 35
۳۸ 6
۳۹۰ 36,36
۳۹۳ 33,35
۴ 34,35,35,63
۴۰ 35,36,79
۴۰۰ 36,36
۴۱۹ 35
۴۲ 35
۴۳ 57
۴۳۷ 35
۴۵ 36
۴۶۰۰ 36
۴۷ 35,35
۵ 35,35,36,36,36
۵۰ 35
۵۰۰ 63
۵۲۰ 36
۵۲۶ 35
۵۳۹ 35
۵۵۳ 35
۵۶ 36
۵۶۹ 35
