"افزایش 94
"رتبه 85
221 83
275 83
320 83
333 83
54 83
978 83
98 84
AFC 90
؛ 90
آب 93,96,96,96,96,99
آبادان 86,96
آبادانی 11
آبفای 99
آبگرفتگی 82,93,96,96,96,96,96,96,96
آثار 98,98,98,98,98,98
آخر 84
آخر" 85
آخرین 41
آداب 87
آذربایجان 40,40
آذرماه 87,95
آرام 44
آرش 81,98
آریایی 98,98
آزاد 95
آستانه 87
آسمان 86
آسیا 90,90
آشفتگی 85
آشیل 85
آغاز 10,88,92,92,95
آلایندگی 82,82,93,93
آلمان 41,41,41,41,43,43,43,43,43
آلمانی 41
آماده 95
آمادگی 89,98
آمار 87,91
آمد 84
آمده 90
آموزان 97
آموزش 89
آموزشی 97,97,97
آن 40,42,43,82,82,9,90,93,93,96,96,96
آنکه 41
آن‌ها 41,90
آورد 43
آورند 94
آوریل 41
آینده 86,91,91
ابتدای 95
ابتلای 90
ابر 86
ابرتورم 43
ابری 86
ابوالفضل 95
ابول 87,87,87
اتمام 98
اثر 98
اثرات 85
اجازه 2
اجتماعی 94,94,94,94,94
اجرا 94,99
اجراهای 98
اجرای 9,99
احتمال 2,90
احتمالی 90
احداث 89
اختصاص 83,85
اختصاصی 84
اختیار 95
اخیر 82,84,93,96,96,97,97
اداره 88,94,97
اداره‌کل 91,91,94,94,94
اداری 96
ادامه 10,82,82,83,87,92,93,93,97
ارائه 84
اراده‌ای 96
ارایه 96
ارتباط 85,85,85
ارث 97
اردوهای 95
اردوی 95
ارزش 85
ارزشیابی 42
ارسال 11,98
ارمنستان 40
ارمنی 40
اروپایی 43
از 10,2,40,41,41,41,41,41,41,42,43,43,43,82,82,82,83,83,84,84,84,84,85,85,85,85,86,87,87,87,87,88,88,88,89,89,9,90,90,90,90,91,91,91,91,92,92,92,92,93,93,93,93,94,94,94,94,94,94,95,95,95,95,95,96,96,96,96,96,96,96,96,97,97,98,98,98,98,98,98,99
اساس 84,85,98,99
اساسی 84,96,96
است 11,11,11,42,42,82,82,82,82,82,83,83,83,84,84,84,84,85,85,85,85,85,85,85,87,87,87,88,89,89,90,91,91,91,92,93,93,93,93,93,93,93,94,94,95,95,96,96,97,97,97,97,97,97,99
استان 81,82,82,82,82,82,82,82,83,83,83,84,84,85,85,85,85,86,86,87,88,88,88,91,91,91,91,92,93,93,93,93,93,93,93,93,93,93,94,95,96,98,98,98,98
استاندار 84,84,89,89,91,91
استانداردها 99
استانداری 84,84,84,84,85,85,85,85,85,85,85,85,85,85,91,94,94,94
استانداری‌ها 84
استانداری‌های 84
استانی 92
استان‌های 88
استراتژیک 85
استفاده 91,94
استیناف 90
اسلامی 11,11,11,11,82,88,93,96,96
اسکناس 43,43
اشاره 82,82,9,92,93,93,94,96,96,96
اشتباه 10
اشغال 43
اصلا 90
اصلی 87
اطلاع‌رسانی 94
اظهار 83,86,91,92,94,95,96
اظهارات 85
اظهارداشت 82,93
اعتبار 83
اعتبارات 82,82,85,85,93,93,94
اعتباری 89
اعتبار۲ 82,93
اعتراض‌های 90
اعلام 11,40,83,84,87,98
اعمال 87,87,92
اغلب 86
افراد 94,94
افرادی 94
افزایش 9,91,91,94
افزود 2,82,82,83,86,87,91,91,92,93,93,93,94,95,96,97,97,98,98
افشین 88,89
افکار 84
اقتصادی 2
اقدام 43,9,92,92,94,98
اقدامات 94
الاسلام 82,82,93,93,96
البته 41,82,93
البرز 88
الزام 92
المللی 81,98
النصر 90
الهامی 1
الهلال 90
الی 98
ام 41
اما 10,10,42,84,88,88,95
امام 96
امتیاز 85
امر 97
امروز 83,91,96,98
امسال 87
امنیت 92,92
امواج 86
امور 94,94,94
امکان 98
امکانات 89,96
امید 97
امیدواریم 82,93
انباشته 93,93
انتخاب 98
انتشار 87
انتصابات 85
انتظار 86,94
انتظامی 92,92,92,92,92
انتقاد 84
انتقادات 88
انتقال 92
انتقام 95
انجام 89,91,96
اند 95
انعکاس 85
انقلاب 11,11
انقلابی 85
انگاری 87
انگیزه 97
اهالی 85
اهتمام 91
اهمیت 97
اهواز 86,96,96,96,97,97,97,97
او 41,41,41
اواسط 86
اوایل 96,96
اورژانس 91
اول 43,98
اولویت 2,94,94
اولویت‌ها 82,93
اکثر 40
اکسین 95,95
اکوادور 4
ای 84
ایبِنا 2
ایجابی 92
ایجاد 85
ایذه 91,95,95
ایران 4,42,90,95
ایرانی 90
ایرنا 95,97
ایروبیک 89
ایستگاه‌های 92
ایسنا 86,91,92,94
ایفا 91
ایمنی 91,91,91
این 10,10,11,4,40,40,40,42,42,43,82,82,83,83,83,83,83,84,84,84,85,85,85,85,85,85,85,86,87,88,88,88,89,89,89,89,9,90,90,90,91,91,91,92,92,92,92,92,93,93,93,94,94,94,94,94,95,95,95,96,96,96,97,97,97,97,97,97,97,97,97,97,98,99
اینکه 90
این‌بار 10
این‌حال 10
با 10,11,11,11,4,4,40,40,41,42,42,43,43,82,82,82,82,82,83,83,83,83,85,85,85,85,86,86,86,86,86,89,89,9,9,90,91,91,92,92,92,92,92,92,92,93,93,93,93,93,93,94,94,94,94,94,94,94,94,95,95,95,96,96,96,96,96,97,97,97,97,97,98,99
بادی 89,89
بار 42,87,88,88
باران 96,96
بارش 96,96
بارش‌های 86
بارها 96
باز 10
بازار 95,95
بازبینی 98
بازدید 96
بازرسی 82,82,92,93,93
بازمی‌گردد 42
بازنشستگی 94
بازنشستگی) 94,94
بازنمایی 85
بازی 10,4,89,90
بازیکنان 90
بازی‌های 90
باشد 96
باشند 40,88
باشیم 87
باعث 40,43,88,90
باقی 97
بالا 97
بالادست 99
بالانس 89
بالغ 82,89,93,96
بانوان 89,94,94
باید 82,85,85,87,93,95,95,96,97
ببرد 41
بتوان 93
بتوانم 97
بخش 82,82,82,9,91,93,93,93,93,96
بخشودگی 94
بخشی 82,82,85,93,93
بخورد 4
بدنسازی 89,89
بدهیم 87
بدوی 90
بر 10,10,4,42,44,82,84,84,85,85,89,9,92,92,93,93,96,96,97,98,99
برآورد 97
برانگیز 85
برای 4,41,43,43,82,83,85,85,86,9,90,91,92,93,94,94,96,97,97,97,97,97,97,97,98,98
برتر 95,95
برخورد 10,93,96
برخی 82,84,84,84,9,93,96,96
بردار 95
برداری 95,95
برداشت 82,93
بررسی 96
بررسی‌ها 87
برسد 82,93
برطرف 96
برق 86
برنامه 11,2,82,82,93,93
بروند 95
برپا 42
برکت 83,83,83,83,83
برگزار 81,91,95,95,98
برگزاری 42,95
برگشتی 10
بزرگ 95,95
بزرگراه‌های 91,91
بزرگی 85
بزنگاه 84
بسترسازی 94
بسیار 97
بسیاری 85,95,97,97
بسیج 96
بعد 10,41,87,90,98
بعدی 41
بعضی 9
بلکه 85
بمانم 97
بمانیم 87
بندر 96
بندی 82,84,93
بنزما 10
بنیاد 11,11,83,83,83
به 1,10,10,10,10,10,10,10,10,11,11,11,11,11,2,2,2,40,41,41,41,41,41,42,42,42,43,43,43,43,81,81,82,82,82,82,82,82,82,83,83,83,83,84,84,84,84,84,85,85,85,85,85,86,87,87,87,87,87,87,87,87,88,88,88,88,88,88,88,88,89,89,9,9,90,90,90,90,90,90,91,91,91,92,92,92,92,92,92,93,93,93,93,93,93,93,94,94,94,94,94,94,94,94,94,94,95,95,95,95,95,96,96,96,96,96,96,96,96,96,97,97,97,98,98,98,98,98,98,98,98,98,99
به­شرح 11
بهتر 85
بهتری 91
بهداشتی 87,87,92,98
بهره 41
بهره‌برداری 83,83
بهره‌مند 94
بهسازی 91
بهمن 42
بهمن‌ماه 88
به‌ 99
به‌دنبال 10
بوجود 84
بود 10,11,4,40,41,41,41,41,41,42,43,86,92,98,98,99
بودجه 11,11,11,11,11,11,82,85,93
بودم 97
بودند 10,40,43,86,92,96
بوده 84,91
بگیرد 10
بگیرند 43,94,94
بگیریم 92
بی 85,91
بیان 94,97
بیاورد 1
بیش 83,85,95
بیشتر 84,90,91,97
بیشترین 96
بیماران 87
بیمارستان‌ها 87
بیماری 87,98
بیمه 94,94,94,94,94,94,94,94,94,94
بین 40,81,85,86,95,98
بینی 42
بیکاری 93
بی‌منت 93
تئاتر 81,81,98,98,98,98,98
تا 10,4,41,41,43,83,86,86,86,86,87,91,91,91,91,94,96
تابناک 10,2,90
تابناک» 42
تابناک»؛ 42
تاثیر 99
تاثیرگذار 91
تاریخ 95
تازه 88
تامین 99
تاکید 84,9
تبدیل 10
تبع 90
تجربه 96
تجمع 42
تجهیز 97
تجهیزات 89,92
تحت 94,94
تخصیص 82,82,82,93,93,93
تداوم 87
تراکم 97
ترتیب 86
تردد 92
ترغیب 97
ترمیم 91
ترین 42,85
تسریع 96
تسلیم 4
تسهیل‌گران 94
تصادفات 91
تصمیم 82,93,95
تصویب 11
تعامل 85
تعداد 83,83,91,98
تعطیلی 87
تعیین 82,93,95
تغییر 88,88
تغییرات 86
تفاوتش 42
تفاوت‌های 42
تقابل 85
تقدیر 94
تقدیم 83
تلاش 85,85,91,92,97,97
تلفات 91
تلنبار 93
تماشاگران 42
تمام 41,92,92
تمامی 84,88,94,97,98,98,98
تمرکز 92
تن 90
تنها 10,41,82,93
تهران 82,93
تهیه 92
توان 43,82,93
توانست 41
توجه 82,91,93
توجهی 82,93
تورمی 2
توسط 10,88,98
توسعه 82,91,93,94,97
توضیح 11
تولید 98,98
توپ 10
توییتی 87
تکذیب 88
تکرار 10,11,90,95
تکریت 44
تیرک 10
تیم 10,4,85,90,90,90,90,95,95,95,95,95,95,95,95,95,95
ثبت 98,98
ثمر 10
جاده‌ها 91,91
جاری 9,90,91,95
جامپ 89
جانشین 88
جای 85
جبران 43
جدال 95
جداول 11
جدی 84,84,88
جدید 88,88,94,94,97
جدیدترین 87
جدیدی 90
جذب 41,97
جرحی 91,91
جریان 96
جریان‌های 85
جست 85
جسمانی 89
جشنواره 42,42,81,81,98,98,98,98,98,98,98,98,98
جلب 97,97
جلسات 92
جماهیر 40,40
جمعه 9,95
جمعی 89
جمعیت 97
جمعیتی 96
جمهور 9
جمهوری 40,94
جنجال 85
جنوبی 44
جنگ 40,41,41,43
جهاد 96
جهان 95
جهانی 41,43,94
جهت 95,97
جو 85
جوان 95
جوانان 88,88,88,88,88,88,89,95,95,95
جُست 85
حاج 11,11,11
حاد 96
حادثه 96,96
حاصل 43
حاضر 90
حال 11
حالا 90
حتی 82,93
حجت 82,82,93,93,96
حجت‌الاسلام 96
حداکثری 92
حدود 92,92
حدی 43
حذف 90
حریفان 95
حزب 41
حساب 43
حساس 95
حسب 93
حسن 82,93
حسینی 93
حسینیه 97
حضور 84,89,91,92,97
حفظ 92
حق 82,82,93,93,94,94
حل 82,93,96
حمایت 41,84,97
حواشی 85
حوزه 85,89,92,97
حیدری 88,89
حیدری» 88,88
خارج 43
خاصی 97
خاطر 90
خانه‌ها 82,93
خانواده 94,94
خانوادگی 87
خانوار 94,94,94
خانگی 9
خبر 83,91,92
خبرنگار 95,97
خبرگزاری 85,85
خبری 2,90
خداوند 97
خدمت 93,97
خرد 94
خرداد 85,9
خرمشهر 96
خروج 2
خروجی 92
خرید 43
خسارات 43
خساراتی 96
خسارات‌ها 96
خسارت 96
خطای 10,85
خطر 87,90
خطه 91
خفاش‌ها 10
خلاصه 93
خمینی 96
خنکترین 86
خواستار 10,88,96
خواهد 83,86,88,89,93,95,95,95,98,98
خواهند 81,98
خوب 10,84,87
خود 40,40,40,41,41,43,85,88,93,94,94,95,95,97,97
خودمختار 40
خودکشی 41,41
خوزستان 81,82,82,82,83,83,83,84,84,84,84,84,85,85,85,85,85,86,86,86,87,87,88,88,88,88,88,89,91,91,91,91,91,91,92,92,92,93,93,93,93,93,93,94,94,94,94,94,95,95,95,95,96,96,96,96,97,98,98,98,99
خوزستانی 95,95
خوشبختانه 91,97
خیابانی 9
خیرآباد 91
خیران 97,97
خیرساز 97
داد 83,9,91,92,92,97
داده 40,82,82,83,85,90,93,93
دار 90
دارای 94
دارد 42,82,93,94,95,97
دارند 97,97
داشت 83,86,95,96
داشتم 97,97
داشتند 89,96
داشته 84,85,88,96
داشته‌ایم 91,92
داشتیم 92
دامن 82,93
دامنه 44
دانش 97,97
دانشگاه 95
دانش‌آموزان 83
دانش‌آموزانی 97
داور 10,10
داوران 81,98
دبستان 97
دبیرخانه 81,98,98,98
دبیری 42,81,98
دجله 44
دختران 94,94
در 10,10,10,11,11,11,11,11,11,2,2,4,4,41,41,41,42,42,43,44,44,82,82,82,82,82,82,82,82,82,82,82,83,83,83,83,84,84,84,84,84,85,85,85,85,85,85,85,85,85,85,85,85,86,86,86,86,86,87,87,87,87,87,87,87,88,88,88,88,89,89,9,9,9,90,90,90,90,91,91,91,91,91,91,91,91,91,91,92,92,92,92,92,92,92,92,93,93,93,93,93,93,93,93,93,93,93,93,93,93,94,94,94,94,94,94,95,95,95,95,95,95,95,95,95,95,95,96,96,96,96,96,96,96,96,97,97,97,97,97,97,97,97,97,97,97,97,97,97,97,97,98,98,98,98,98,99,99,99,99
درآمد 82,93
درآورده 41
درباره 11,2,9
دربازدیدهایی 97
درج 11
درجه 86,86
درحالی 85
درس 83,83,97
درصد 82,93
درنتیجه 87
دروازه 10,10
دروازه‌شان 10
دروضعیت 87
درون‌سازمانی 92
درویشیان 82,82,93,93,96,96
درک 92
درگیر 40,92
در۲سال 97
دست 10,43,90,94
دسته 82,93
دستورالعمل‌های 92
دستگاه 85,85,93
دستگاه‌های 89
دستیابی 2
دعوت 95
دغدغه‌ها 82,93
دفتر 99
دقیق 9
دقیقه 10,10
دلیل 85,97
دمای 86
دنبال 95
دنباله 90
دنیا 89
دهد 84
دهدز 86
دهستان­ها 11
دو 11,11,88,91,92,92
دور 87
دوره 95,95
دورهمی 87
دوشنبه 96,96
دولت 43,84
دوم 41
دومین 4
دچار 96
دکتر 2,87
دی 95,98
دیدار 95,95,95,95,95
دیدم 97
دیدن 96,97,98
دیرکرد 82,93
دیگر 42,83,84,89,95
ذاتی 93
ذوق 97
رئال 10,10
رئیس 9
را 10,10,10,10,2,40,41,41,43,43,82,82,84,85,85,85,85,85,88,88,92,93,93,93,94,94,94,95,95,96,96,96,96,97,97,97,97,97
راستا 92
راستای 92,94
رافائل 10
رامهرمز 91
راه 91,91,97,97,98
راهداری 91
راه‌های 91,91
رای 81,90,98
رتبه 85
رد 90
رده 84,84
ردیف 11,11,11,11,82,93
ردیف­های 11,11,11
رزمی 89
رساند 10
رسانه 85,85
رسانه‌ای 11,84
رسانه‌ها 41,99
رسانه‌های 90
رسمی 85,85
رسید 11,83
رسیدن 41
رسیده 83
رسیدگی 11
رشته‌های 89
رشد 86
رعایت 87,87,91,92,98
رعد 86
رغم 84
رفت 10
رفتن 88,90
رقابت‌ها 4,90
رقم 4
رقمی 82,93
رقیبش 4
رقیق 86
ره) 96
رو 43
روابط 85,85,85
روحانی 9
رود 89
رور 43
روز 41,82,87,89,9,93,94,95,95,96
روزانه 92
روزهای 87,96
روستایی 83,94
روستاییان 94,94,94
روش 4
روند 87
روی 43
رویداد 42,42
رویدادها 42
ریاست 88,94
ریال 82,82,83,89,93,93,97
رییس 82,82,93,93,93,96
زمان 41,92
زمستانه 87
زمینه 91,91,92
زنان 94,94,94,94,94,94,94,94
زنجیره 92
زودی 88,88,88
زیادی 87,97
زیان 43
زیر 11,85
زیربنایی 83
زیرساخت 91
زینب 89,94
سئوالات 84
سابق 4
ساخت 83,83,97,97,97,97,97,97,97
ساخته 97,97,97
ساز 97
سازمان 11,42,82,82,93,93
سازنده 85,85,85
سازی 95,97,97
ساعت 86
سال 11,11,11,11,41,41,84,85,85,85,87,88,9,91,91,91,91,94,94,94,95,96,97,99
سالانه 85
سالم 96
سالن 89,89,89,89,89
سالن‌های 42
سالگی 94
سال‌های 84,93
ساماندهی 9
سانتیگراد 86,86
ساکت 1
ساکنین 40
سایت 98
سایر 11
سبزه‌زاری 86
ستاد 11,92,92
سد 99
سدها 99
سدهای 99
سر 90,97
سراسر 98
سراغ 90
سرافراز 11
سرخپوشان 90
سرد 87
سردار 11,92
سرسخت 95
سرعت 41,96
سرمایه 2
سرمربی 4,4
سرپرست 9,94,94,94,94,94
سرکش 10
سریع 9
سطح 82,93
سعودی 90
سعی 92
سفیدپوشان 10
سلامت 92,92,92
سلامتی 87
سلب 85
سلبی 92
سلطانی 88
سلیمانی 11,11,11,11
سنوات 82,93
سنگین 4
سه 93,96,97
سهرابی 81,98
سهل 87
سهم 97
سوسیالیست 41
سولر 10,10
سوی 84,96,98
سُکانداری 85
سپاه 11,11
سی 41,81,98
سیاست‌مدار 41
سیاسی 84
سیانور 41
سیدمحمد 92
سیدکریم 93
سینا 95,95,95
سینما 42
سینمایی 42
سی‌ودومین 81,98,98,98
شاخص‌های 84
شادگان 96,96,96,96,96
شامل 89
شانس 95
شاید 42,96
شایسته 93,95
شایسته‌ای 94
شایسته‌سالاری 85
شایعه 88,88,88
شبانه‌روز 86
شبانه‌روزی 91
شبهات 11
شخص 88
شخصیت‌ها 85
شد 10,10,10,10,10,4,40,40,41,43,81,88,89,90,90,91,92,95,95,95,96,96,96,96,96,96,97,98
شدن 91,91
شدند 43,96
شده 11,11,82,83,84,89,91,92,93,93,93,94,95,95,96,97,97,99
شده‌اند 84
شدید 43,96,96
شدیدی 88
شرایط 88,91,92,98
شرب 99
شرط 94
شرق 86,90
شرکت 91,95
شریعتی 85,89,91,91
شش 41
ششم 82,93
شعار 92
شفاف 85
شمار 89
شماره 88
شمال 44,86
شمردن 87
شناسایی 94,96
شنبه 96,98
شهادت 11
شهرسازی 91
شهرستان 96
شهرستان‌ها 94
شهرها 92
شهرهای 96,96
شهرک‌های 97
شهری 44,87
شهید 11,11,11
شوت 10
شود 10,40,40,82,82,87,90,93,93,95,97,97
شورای 11,11,82,88,93,96,96
شوروی 40,40,40
شوقی 97
شوند 88,94,98
شویم 2
شک 85
شکایت 90
شکست 4,41,43,95
شیوع 92,92
صادق 97
صاف 86
صالحی 92,92
صبح 86
صدراعظم 41,41
صدرنشینی 90
صعود 95
صفحات 11
صمت 9
صندوق 94
صندوق‌های 94
صنعت 95,95,95
صنعتی 43
صنفی 92,92
صورت 43,85,85,91,95,95,98,98
صیانت 92
ضدعفونی 92
ضربه 10
ضرورت 9
ضعف 85,85
ضعیف 86
ضمن 98
طباطبایی 42
طرح 11,82,93,94,94,94,94,94,96,99
طرح‌های 99
طرف 96
طور 92
طولانی 97
طی 97
طیف 42
ظرفیت 82,93
ظرفیت‌ها 94
عاجل 9
عامل 94
عبادی 99
عبدالناصر 2
عبور 86
عدم 85,85
عراق 44
عربستان 90,90,95
عربستانی 90
عزم 96
عشایر 94,94,94,94,94
عشایر" 94
عشایری 94,94,94,94
علائم 91
علت 85
علم 97
علیرضا 95,95
عمرانی 83
عمل 94
عملکرد 84,88
عموم 11
عمومی 84,84,85,85,85
عنوان 1,11,11,41,42,88,94
عهده 42,85
غبارآلود 44
غرامت 43,43
غربی 44
غلامرضا 85,89,91
غلبه 93
غیزانه 91
ـ 42,42
فاضلاب 93
فجر 42,42,81,98
فر 88
فرانسوی 10
فرانسوی‌ها 43
فراوانی 42
فرزند 41
فرستادند 43
فرصت 85
فرغون 43
فرمانده 92,92
فرنگی 95,95
فرهاد 87
فرهنگی 11,42,89
فروشگاه 89
فروپاشی 40
فصل 90,95
فعالان 84,84
فعالی 92
فعالیت 88
فقر 93
فنی 95,95
فهرست 84
فهرستی 84
فوتبال 10,90
فوتی 91
فوتی‌ها 91
فولاد 95,95
فیتنس 89,89
فیلم 42,42,98,98
فینال 90,95
فیوژن 89
قابل 82,82,82,93,93,93,96
قاسم 11,11,11
قانع 84
قانون 11,82,93
قانونی 93
قبل 4,91,95
قبولی 96
قدردانی 98
قرار 84,84,85,87,94,94,95,96,97,98
قرص 43
قرمز 87
قره‌باغ 40,40
قریشی 95
قصوری 96
قضا 96
قضایی 93
قفس 99
قهرمانان 90
قهرمانی 90,95
قوه 96
قیمت 9
قیمت‌ها 9
لازم 11,92
لالیگا 10
لایحه 11,11
لحاظ 99
لحظه 41,90
لوازم 9
لوکاس 10
لیگ 90,95,95
ماجرای 90
ماجرایی 90
ماحصل 85
مادربزرگ‌ها 87
مادرید 10,10
ماده 11
مارکی 43
مازندران 88
ماساژ 89
ماسک 92
ماموریت 96
ماه 42,9,95,98
ماهشهر 96
ماهه 91
ماهی 99,99
مبادی 92
مبتلا 87
متحمل 96
متخلفان 93
متر 89
متعهد 83
متفقین 43
متمرکز 92
متناسب 93
متوالی 4
مثبت 85
مجازی 98,98
مجاهد 97
مجتبی 96
مجرد 94,94
مجری 94
مجلس 11,11,82,88,93,96,96
مجمع 82,93,93
مجموع 83
مجموعه 84,89,89,89
مجهز 89
مجید 96
محدودیت‌ها 87,87
محدودیت‌های 92
محروم 82,83,93,94
محل 95
محمد 83,86
محور 91,91
مخازن 99
مخاطبان 98
مختلف 84,85,85,97
مدارس 83,83,97
مدت 85,86,91,93,97
مدت‌ها 88
مدرس 9
مدرسه 83,83,83,83,97,97,97,97,97,97,97,97,97,97,97,97
مدعی 90
مدیرآموزش 97
مدیران 94
مدیرکل 86,88,88,88,88,89,89,99
مدیریت 85
مدیریتی 85
مذکور 11
مراجع 82,93
مراجعات 87
مراجعه 94
مراسم 89
مراقب 87
مراقبت‌های 87
مربع 89
مربوط 11,98
مرتبط 82,93
مرحله 90,95,95,95,95,98,98,98
مردان 88
مردم 41,82,82,82,87,91,93,93,93,93,96,96,96
مرز‌بندی‌های 40
مزایای 94,94
مسابقات 95,95,95
مساحت 89
مسافت‌های 97
مساوی 10
مستقل 40
مستمر 92
مستند 90
مستندسازی 85
مسعود 88
مسموم 41
مسکونی 97
مسیر 91
مشابه 11,91
مشارکت‌ها 87
مشاهده 97
مشترک 11,82,93
مشمول 94
مشهود 85
مشکل 96,96
مشکلات 82,82,82,82,84,93,93,93,93,93,93,93,93,96,96,96
مصارف 11
مصاف 10,95
مصوبات 92
مطابق 87
مطالب 98
مطرح 82,93,95
مطلوب 82,93
معاون 42,89
معاونت 83,85,94
معرفی 41,81,88,94,95,96,98,98
معضل 82,93
مغلوب 10
مقابل 4,95,95
مقابله 92
مقام 41
مقدس 97
مقررات 91
مقرهای 92
ملزوم 92
ملی 4,42,42,82,93,95,95,95,95,95
من 97,97
منابع 11,90
مناسب 94
مناسبت 94
مناطق 82,82,83,83,86,86,93,93,94,94,96,96,97,97
منتخب 98
منتشر 11
منصوب 88
منصوری 95
منطقه 40,40,43,90,97,97,97
منظور 92
منظوره 89
منوط 87
مه 86
مهاجم 10
مهجوری 83
مهدی 42
مهرماه 91
مهم 84,88,92
مهمی 82,93
مهم‌ترین 42
مهیا 98
مواد 92
موارد 91,91,97
موثری 85
موجب 10,87
مورد 82,82,84,85,93,93,98
موضوع 87,92,92,96,96
موضوعات 84
موضوع‌های 82,93
موفق 97
موفقیت 91
موقع 84
مُبرهن 85
مُبهم 85
مُفرط 85
مکان 89
می 82,82,89,93,93,95,95,95,97,98
میان 88
میانگین 92
میدانی 84,96
میزان 91,91
میزبان 10,10
میزبانش 10
میلیارد 43,82,82,83,89,93,93
میهمان 4
می‌توانند 94,94,94,94
می‌دهد 90
می‌رسد 88
می‌رسید 88
می‌رود 94
می‌شد 88
می‌شود 42,81,82,86,88,88,90,93,97,98
می‌کرد 97
می‌کند 91
می‌کنند 97
می‌گویند 90
می‌گیرد 98
ناامید 10
ناتوانی 43
ناجا 92
ناحیه 97,97,97,97,97,97,97
نازی 41,41,41
ناسیونال 41
ناشی 96,96
ناصر 98
ناصری 96
نام 1,98,98
نامه 41
نام‌گذاری 92
نان 43
ناپایدار 86
ناگورنو 40
نباشد 2
نباید 87
نتوانست 10
نتوانسته 84
نتیجه 10,4,82,93,96
نخبگان 84
نخست 10,92,95
ندادند 96
ندارد 87,96,96
ندارند 85
نداشت 43
نداشتن 97
نرسیدن 96
نزدیک 84
نزدیکان 88
نزولی 87
نسبت 83,88,91
نشان 9,90
نشان‌دهنده 91
نشدند 10
نشده 82,82,93,93,96
نشست 82,91,93,93,96
نصب 91
نظارت 42,9
نظر 88,91,97
نفت 82,93
نفتخیز 82,93
نفر 92,96
نفس 88
نفسگیر 95
نفع 10,10
نقاط 86
نقد 85,98
نقش 91
نقطه 92
نقل 2,91,94
نمایشی 98,98,98,98
نماینده 95,95,95,96,96
نمایندگان 82,82,84,88,93,93,93,95
نمره 84
نمودند 98
نمی‌دهم 2
نمی‌رود 93
نمی‌شد 43
نه 40,85,85
نهایی 95,95,95,98
نهم 10
نهمین 81,98
نوسازی 97
نوسان 86
نوع 42
نژاد 42,96
نژادیان 87,87,87
نگرانی 84,90
نگرانی‌های 82,93
نگهداری 89
نیا 98,98
نیاز 82,82,93,93,97
نیافتن 82,93
نیافته 82,93
نیرو 99
نیروی 92,92
نیز 11,82,88,91,93,93,93,96,96,96,96,97,97
نیزاعتباری 82,93
نیست 90
نیسی 97,97,97
نیم 94
نیوجرسی 91
نیکوکاران 97,97,97
ها 84,85,85,85,85,85
های 84,85,85,85,85,85,85,87,95,95,95,95,96,98,98
هایی 82,93
هدایت 4
هدف 40,99
هدفگذاری 2
هدیه 87
هر 88,90,92
هرچند 84
هزار 89,92,92
هزینه 97
هستند 82,92,93,93,94,95
هستیم 98
هفته 10,92,92,96,96
هم 82,87,87,93,97
هم­زمان 11
همان 42
همانطور 97
هماهنگی 96
همتی 2
همراه 41,42,86
همسرش 41
همه 82,93
همواره 84,84,85
همچنین 84,89,91,91,91,91,92
همچون 91
همکاری 87,94,97,97
هنرمندانی 98
هنوز 96,96
هنگام 40
هوازی 89
هواشناسی 86
هیات 98
هیتلر 41,41
هیچ 85,87
و 10,10,11,11,11,11,11,11,2,40,40,40,41,41,42,42,43,43,43,43,44,44,82,82,82,82,82,82,82,82,82,83,83,83,83,83,83,84,84,84,84,84,84,84,85,85,85,85,85,85,85,85,85,85,85,85,86,86,86,86,86,86,87,87,87,87,87,87,88,88,88,88,88,88,88,88,88,89,89,89,89,89,89,9,9,9,9,90,90,90,90,91,91,91,91,91,91,91,91,91,91,91,91,91,91,92,92,92,92,92,92,92,92,92,92,92,92,92,92,93,93,93,93,93,93,93,93,93,93,93,93,93,93,93,93,93,94,94,94,94,94,94,94,94,94,94,94,94,94,94,94,94,95,95,95,95,95,95,95,95,95,96,96,96,96,96,96,96,96,96,96,96,96,96,96,96,96,96,97,97,97,97,97,97,97,97,97,97,97,98,98,98,99
واحد 92
واحده 11
واحدهای 92
واران 10
وارد 10,10,40,92,96,96
واردات 2
واسکس 10
والنسیا 10,10,10
واکنش 9
وجود 82,86,90,93,96
ورزش 88,88,88,88,88,88,88,88,88,89,89
ورزشکار 89
ورزشی 10,89,89,89,89,89,90
ورود 87,97
ورودی 92
وزارت 41,82,84,84,9,93,99
وزنه 95,95,95
وزیر 41,88,88,88
وسایل 91
وسیعی 42
وصیت 41
وضعیت 85,85
وظیفه 93
وفادار 41
وقت 84
وقفه‌ای 91
ولی 88,96,96
وی 82,83,86,87,88,91,92,93,93,94,94,95,96,96,97,97,98,98
ویران 43
ویروس 87,87,92
ویژه 2,85,85,94,99
ویژه‌ای 91
ویژگی‌های 84
پارسافخر 89,94
پاسخ 84
پاسداران 11,11
پاشنه 85
پامپ 89
پاول 41
پای 82,93
پایان 98,98
پایدار 96
پدربزرگ‌ها 87
پراکنده 86
پرتغالی 4
پرخطر 92
پرداخت 43,43,94,96
پرداخته 96
پرستاره 90
پرسپولیس 90,90
پروتکل 98
پرورش 97,99
پرورش‌ 99
پروپاگاندا 41
پروژه‌ها 85
پس 10,41,41,43,88,93
پست‌های 92
پشت 90
پلمب 92
پلیس 91,92,92
پنالتی 10,10
پنج 10
پنجشنبه 86
پور 95
پوشش 94,94
پولی 43
پیاپی 90
پیدا 91
پیروزی 95,95,95
پیش 42,82,88,93,99
پیشرفت 11
پیشگیرانه 91,91
پیشگیری 96
پیشین 42
پیش‌بینی 83,86
پیچیده 96
پیک 87
پیگیری 82,82,84,92,93,93,96,96
چالش‌های 84
چاپ 43
چشمگیر 91
چند 89,90
چه 90,90
چهار 89,91
چهارخطه 91
چهارشنبه 86,93,96
چهارم 98
چون 97
کادر 95,95
کار 40,43,91,91,92,92
کارهایی 91
کارون 99
کارکنان 92
کارگزاری‌های 94
کافی‌شاپ 89
کالاهایی 2
کانون‌های 87
کانگو 89
کاهش 87,92
کاهش‌ها 91
کرد 10,10,10,10,41,41,85,85,86,87,87,88,88,9,91,92,93,93,94,96,96,97,97
کردستان 44
کردم 97
کردند 43,91,98
کرده 42,84,85
کرده‌اند 84
کردیم 92
کرونا 87,90,92,92
کروناویروس 92
کریم 10
کسانی 96
کسب 85,85
کشتی 95,95,95
کشور 82,82,84,85,85,88,93,93,95
کشورمان 95
کل 82,82,88,93,93,97
کلاس 83,83,97
کلاسه 97
کلان 11
کلمبیا 4
کلیه 94
کم 90
کمبودها 97,97
کمپ 95
کمک 87,97,97,97
کمی 86
کمیسیون 91
کنار 87,97
کناره 44
کنترل 41
کنترلی 92
کند 95,96
کنفدراسیون 90
کنم 97,97
کنند 94,94
کننده 84
کنونی 84
که 10,11,4,43,82,82,82,82,82,83,84,85,90,91,92,93,93,93,93,93,95,96,96,96,96,96,96,97,97,97,97,97,97,97,98
کودک 89
کووید 98
کوی 97
گاردریل‌ها 91
گتوند 86
گذشته 82,85,86,96
گرفته 85,91
گرمترین 86
گروه 90,96
گزارش 2,85,90,90,99
گفت 86,93,96,97
گفته 87,87,96
گل 10
گمراوی 97
گو 97
گوبلز 41,41
گیران 95
یا 86,97
یافت 96
ین 89
یک 10,10,92
یکشنبه 97
یکی 87
یک‌بار 10
۱ 86
۱۰۶ 92
۱۵۳۷ 85
۲ 10,86,86
