آبرسانی 18,18
آرامی 16,46,46
آرشیو 46
آزاد 18,36,46
آزادسازی 41
آزاری 38
آزمایش 42,42,42
آزمایشهای 42
آزمون 44,44
آستان 41
آسیا 41
آشامیدن 1
آشامیدنی 1
آشنایی 18
آشپزی 44
آشکار 44,44
آفتاب 36,36,36,39
آفتابگیر 36,36
آفتابی 36
آفریقای 15
آلبانی 36
آلومینیوم 8
آماده 44
آماری 44
آمده 40,6
آمریکا 18,18,18,36,40,42
آمنیوسنتز 42,42
آموزش 42,43
آموزشی 35,35
آنان 42,43,43
آنتی 39
آنگاه 36
آورد 44
آوردن 16
آوریل 38,38
آگاهی 38
آیتم 16,36,37,38,39,40,41,42,43,44,45,46
آیندهٔ 18
ابتدا 39,42
ابتلا 37,37
ابتلای 42
ابداع 46
ابری 36
ابزار 41,41
ابلاغ 43
اتریش 36
اتیلن 36
اجازهٔ 18
اجباری 13,16,3,36,37,38,39,4,40,41,42,43,44,45,46
اجتماعی 43,43
اجرا 43
اجرام 36
اجرای 35,43,43
اجرایی 43
اجزای 8
احاطه 8
احتمال 37,37,42,42,42,42,42
احتمالاً 46
احتیاج 16
احتیاجات 16
احدی 46,46
احساس 8
احشا 44
اختلال 43,6
اختلالات 35,35,43,6
اختیار 18
اختیاری 13,16,36,37,38,39,4,40,41,42,43,44,45,46
اخلاقی 42
اخیر 13,13,16,16,36,36,37,37,38,38,39,39,4,4,40,40,41,41,42,42,43,43,44,44,45,45,46,46
ادامه 46,46
ادبی 46
ادرار 18,18,18,6,6,6
ادراری 6
ادعا 39,46,46
اذیت 43,43
ارائه 35,35,35,42
ارامش 16
ارایهٔ 16,41
ارتباط 6
ارتباطی 42,43
ارتز 8,8
ارتودنتیست 46
ارتودنسی 46,46,46
ارثی 42,42,42,42
ارجاع 16,41,41,42,42,42,46
ارجاعات 39,46,46
اردیبهشت 43,43,43,43
ارزش 16
ارزیابی 35,35,35
ارسال 8
ارغوانی 38
اروپا 18,18,18
اروپایی 40
ارگانیسم 16
ازای 46
ازتمامی 16
ازجمله 39
ازخوردن 16
ازدواج 42,42,42,42,42
ازنظر 39
ازین 42
اساس 42
استاندارد 18,18,18,18,40,41,41,8,8
استحکام 8,8
استخدام 35
استراحت 18
استرالیا 36
استعداد 43
استعدادهای 43
استفاده 16,16,16,18,18,36,36,36,37,38,39,39,39,39,39,39,39,40,41,41,41,41,42,43,43,44,44,45,46,46,46,46,46,46,46,46,46,46,46,46,46,46,46,46,46,46,46,46,46,46,46,46,46,46,46,8,8,8,8,8,8,8,8
استفادهٔ 18
استقلال 43
اسفند 43
اسفنکتر 6
اسلام 41
اسلامی 18,43,43
اسنو 40
اسکلت 8
اسکن 44
اسید 44,44,44
اشاره 39,45,46
اشتغال 35
اشتهای 16
اشخاصی 43
اشعه 36,36
اشکالات 46
اصابت 46
اصطلاح 39
اصلاح 1
اصلی 13,16,36,37,38,39,4,40,41,41,42,43,44,45,46
اصیل 44
اضافه 18
اطلاع 42
اطلاعات 13,16,36,37,38,39,4,40,41,42,43,44,45,46,8,8
اعتماد 16,46
اعصاب 13
اعضای 42,43,8
اعلام 18
اغلب 44
افتادن 44
افراد 16,35,40,41,42,42,42,43,43,43,43,43,43,43,43,43,43,43,8,8
افرادی 42
افزایش 18,18,18,35,37,41,46
افزوده 8
اقتصادی 43
اقدام 42,46
اقدامات 43,43
اقشار 8
الاستیک 8
التهابی 38,38
العلاج 16
العمود 44
الماس 41
المياه 36
الهضم 16
الومینیوم 8
الکترواکتیو 8
الکترونیکی 18,42,8,8
الکتریک 8
الکتریکی 41,41,41,8,8
الگو 15,15,15,18,18,36,36,40,40,40,41,42,42,43,43,43,44,44,46,8,8
الگوی 18,18,18,18,18,18,18,18,18,18,18,18,46,46,8,8
الیاف 8,8,8
امروز 8
امروزه 44,8
امساک 16
املا 16
امواج 8
امکان 13,16,16,36,37,38,39,40,41,42,43,44,45,46,46
امکانات 18
امیرهوشنگ 40
انبار 43,43,43
انتخاب 46
انتشارات 42
انتظار 18
انتظامی 35
انتقال 46,8
انجام 13,16,36,37,38,39,4,40,41,42,42,42,42,42,42,42,42,42,42,43,44,44,44,44,45,46
انجلس 18
انجمادی 18
انجمن 42
اندازه 41,46
اندام 8,8,8,8,8,8,8,8,8,8,8,8,8,8
اندکی 44
اندیشه 42
انرژی 36
انسان 39,39,39,8,8,8,8
انسانی 39,42,42
انشا 16
انعطاف 8
انواع 16,18,39,39,41,44,44,44,46,46,46,46,8
انگشت 46,46,46
انگشتان 46,46,46,46,46,46,46
انگلیس 36
اهداف 45
اوایل 44,46
اولیه 8
اوکراین 38
اکتبر 38,38,40,41,41,41,41
اکثر 35
اکسیژن 36,44
اکنون 42
اگرچه 18,18
ایالات 35,35,40,40,42,42
ایجاد 16,41,42,43,44,44,44,8,8,8
ایدئال 39
ایران 15,41,42,42,43
ایرانی 16,44
ایفا 8
اینترنشنال 18
اینصورت 44
اینکار 46
اینکس 18
اینکه 46
باردار 42,42
بارداری 42,42,42,42,42,42,44,44,44,44
باره 41
باروری 40
بازار 18
بازبینی 39,39
بازودار 41
باستانی 41
باشد 16,16,16,16,36,41,41,43,46,46,8,8,8,8,8,8,8
باشند 16,8
باشیم 8
باعث 16,16,16,16,16,16,43
باغبانی 41,41
بافت 44,44,8,8,8,8,8
بافته 8
باقی 44,46
بالا 18,18,36,39,42,44,44,46,46,8
بالایی 16,8
بالطاقة 36
بالینی 42,42,42
باهم 16,16
باکتری 36
باید 16,16,36,41,41,41,43,43,43,44,44,46,46,46,8,8
بایستی 41
ببینید 39
بتواند 8,8
بتوانند 43,8,8
بتون 41
بتونه 41
بخاطر 44
بخواهید 46
بخواهیم 8
بدست 16
بدنِ 39
بدور 46
بدون 39,39,39,41,44,46,46,46,46,46,46
برآورد 40
برابر 36,38,41,43,44
برانگیختگی 13,13
برای 13,15,16,16,16,16,16,18,18,18,18,18,35,35,36,36,37,37,37,38,38,39,39,39,39,39,39,4,40,40,41,41,41,41,41,41,41,41,41,42,42,42,42,42,42,42,42,42,42,42,42,42,43,43,43,43,43,43,43,43,43,43,44,44,44,44,44,45,45,46,46,46,46,46,46,46,46,46,46,46,46,6,8,8,8,8,8
برحسب 41,41
برخورد 42
برخوردار 16
برخورداری 43
برخی 39,39,39,41
برداشتن 46
بررسی 18,18,18,18,18,18,18,18,18,18,18,39,42,42,42,42,42
برسد 8
برطرف 44
برقی 41
برمصرف 16
برنامه 46
برنج 16
بروز 16,42,42,42,42,42,42,42,42
بروی 44
برچسب 16,46
برگزار 38
بریج 46,46,46
بریده 46
بریستول 39
بزرگ 18,46
بزرگداشت 38
بزرگی 41,43
بزنید 46
بسازید 1,13,16,36,37,38,39,4,40,41,42,43,44,45,46
بستر 16
بسته 18,36,42
بسیار 16,18,39,41,41,44,8,8,8
بسیاری 35,36,8,8
بشری 40
بشقابی 18
بطری 36,36,36,36
بعدی 42
بعضی 16,16,39,39
بعلاوه 46
بعمل 44
بلافاصله 39
بلعیده 16
بلغم 41
بلند 8
بلکه 37,43,8
بندی 8
بنفش 38
بهبود 16,35,41
بهتر 16,41,41,44,46
بهداشت 36,36,40,40,40,41,41,41,41,41,46
بهداشتی 18,18,18,35,40,44
بودن 18,37,37,41,44,46,46,8
بودند 18,42
بودنِ 18
بوده 44,8,8,8
بوراس 8
بوسیله 40
بپیچید 46,46
بکار 36,46
بگذارید 46
بگیرند 8
بیاید 46
بیتنا 8
بیده 18
بیش 18
بیشتر 15,16,18,35,36,36,37,37,37,38,38,39,39,40,40,41,41,41,42,42,43,43,44,44,44,45,45,46,46,8
بیشتری 46,8,8,8
بیمار 8
بیماران 38,42,46
بیمارانِ 39
بیماری 13,16,36,37,37,37,37,37,38,42,42,42,42,42,42,42,42,42,42,42,42,44,8
بیماریزا 36
بیماریهای 37,46
بینایی 43,45
تأثیر 16
تأثیرات 16
تأثیرگذار 43
تأسیس 35
تأمین 16,16,39
تازه 8
تازهشیر 16
تازهٔ 39
تازگی 8
تالاسمی 42
تانکی 41
تبخیر 36
تبدیل 36
تبلیغ 40
تترافتالات 36
تجاری 15,35,36,37,38,39,40,41,42,43,44,45
تجاوز 38,38
تجهیزات 8
تجویز 44
تحقیرآمیز 43,8
تحقیقات 41,42
تحلیل 46
تحمل 8,8
تحولی 8
تحکین 41
تخریب 6
تخصص 39,39,39
تخصصی 35,42,43,44
تخلیه 18,18
تخلیهٔ 6
تخمین 42
تداخلات 16
تدریج 35
تراشه 8
تراکم 8
ترشی 16
ترکیب 16
تریچر 44
تسلط 46,46
تسهیل 16
تشخیص 42,42,44,44,44,46,46
تشکیل 41,43,43,43,43,46
تشکیلاتی 43
تصادفی 13,16,36,37,38,39,4,40,40,41,42,43,44,45,46
تصاویر 13,16,36,36,37,38,39,4,40,41,42,43,44,45,46
تصمیم 42
تصویب 43,43,43,43
تضمین 43
تضمینی 36
تطابق 42
تعامل 35,45
تعاملی 18
تعبیه 41
تعداد 40,40,41,8
تعریف 42
تعصب 38,38
تعویض 46,8
تعیین 42,45
تغذیه 13,13,16
تغیرات 8
تغییر 36,8,8,8
تغییرات 13,16,36,37,38,39,4,40,41,42,43,44,45,46
تغییراتی 16
تفلون 46
تقریبی 46
تقسیم 39,40
تقویت 41
تلاش 42
تلفن 15,35,36,37,38,39,40,41,42,43,44,45
تلنباری 18
تمام 46
تمیز 46,46,46,46,46,46,46,46,46,46,46
تناسلی 42
تندرستی 16
تنها 18,18,41,43
تنهایی 41,41,41,41
تهیه 16,43
توأم 43
توارث 42
توازن 43,43
توالت 18,18,18,18,18,18,18,18,18,18,18,18,18,18,18,18,18,18,18
توالتِ 18
توالتی 18,18
توان 36,36,43,46,8,8,8
توانایی 41,8,8
توانبخشی 35,35
تواند 16
توانند 8
توانید 46
توتو 18,18,18,18,18
توجه 16,39,39,39,39,39,39,39,41,8
توجهی 43
توره 45
توسط 18,18,36,38,38,38,38,38,38,39,40,44,8
توسعه 36,40,40,40,40,43
توصیه 16,42,42
توضیح 42
تولد 42,44
تولید 16,18,36,8,8,8,8
تولیدکننده 18
تولیدکنندهٔ 18
تولیدیِ 18
تکامل 44
تکثیر 46,46,46
تکرار 42
تیره 44
تیهو 16
ثابت 36
جاری 8
جامد 39
جامع 43,43,43,43,46
جامعه 40,43,43,8
جانبازان 35
جانبی 15
جانوران 39,39
جایگاه 35
جایگزین 41,41
جایی 8
جبران 8
جداَخودداری 16
جدید 42,8
جراحی 44
جریان 6,8,8
جزئیات 15,35,36,37,38,39,40,41,42,43,44,45
جستارهای 43,8
جسمی 43,45,45
جفتی 8
جلوگیری 16,46
جمعی 13
جمعیت 40
جمله 41
جمهور 43
جمهوری 43
جنسی 13,13,38,38,40,42
جنسیت 43
جنسیتی 18
جنسیِ 39
جنوب 15
جنین 42,42,43,44,44,44,44
جنینی 44
جهات 42
جهان 15,15,15,18
جهانی 18,18,18,36,40
جوامع 43
جوانان 37
جوزفین 40,40
جوشکاری 41
جویده 16
حاصل 16,40
حافظه 41
حالت 46,8
حامل 44
حتماً 46
حداقل 36
حدود 18,18,18,40,40,40,41,41,41,44
حرارت 36
حرارتی 41
حرکات 8
حرکت 13,13,13,41,41,41,46,46,46,8,8,8
حرکتی 41
حساب 1,13,13,13,16,16,36,36,37,37,37,38,38,39,39,39,4,4,40,40,41,41,41,42,42,43,43,44,44,44,45,45,45,46,46
حساس 44
حفاظت 38
حفره 44,44
حقوق 16,43,43,43,43,43,43,43,43,43,43,8
حلقه 46,46,46,46
حمام 18
حمایت 38,38,38,43,43,43,43,43,43,43,43,43
حکمای 16
حیاتی 16,41
حیوانات 39
خارج 18,18,18,18,39,46,46
خارجی 18,18,18,44,44
خاصی 41,8,8,8
خاصیت 39,8,8
خاطر 39,44
خانم 42
خانواده 42,42,42,42,42,42,42
خاکستری 38
خبری 8
خدمات 35,35,35,43
خراطی 41
خروج 40
خرید 36,36,8
خشکاندنِ 39
خصوص 16,36,37,38,39,40,41,42,42,42,43,43,44,45,46
خصوصی 35,35
خطای 40
خلاء 18,18
خلاصه 18
خلاّق 43
خمیدگی 8,8
خمیر 41,41,46
خمیری 39
خواب 13,13,13,16,41
خواهد 16,16,16,16,46,46,46,8,8
خواهشمندیم 46
خواهند 8
خوبی 16,46,46
خودشان 39
خودکار 18
خودیار 43
خوراک 16,16
خوراکی 40
خوردن 13,16,16,16,16,16,16
خورشت 16
خورشیدی 36,36,36,36,36,36,36,36,36,36,36,36,36,36,36,36,36,36,36,36,36,36
خورند 44
خوری 16
خوکچهٔ 39
خوکی 18
خویشاوند 42
خویشاوندان 42
خویشاوندی 42
دائمی 16,46
داخل 18,41
داخلی 38
دادن 42,46
داده 16,36,36,37,38,39,40,41,41,42,42,43,43,44,44,45,46
دارای 15,16,16,16,18,35,35,39,39,39,39,41,41,41,41,42,42,42,42,43,43,43,43,43,43,43,43,43,44,44,45,45,45,46,46,46,46,8
دارد 13,16,18,18,18,36,37,38,39,4,40,41,42,42,43,43,44,45,46,46,46,8
دارند 39,42,42,42,43,46
دارنده 41
دارید 46
داشت 18,42
داشتن 36,46
داشته 16,43,46,46,8,8,8,8,8,8
دانست 37
دانش 15
دانشمندان 8
دانشنامه 16
دانشنامهٔ 16,16,36,36,37,37,38,38,39,39,40,40,41,41,42,42,43,43,44,44,45,45,46,46
دانشگاه 38,38,8,8
دانمارک 36
دایره 39
دتروسور 6
دخانیات 38
درآمد 35
درآمدی 43
درباره 46
دربارهٔ 15,15,16,18,18,18,18,35,36,36,37,38,38,39,39,40,40,40,41,41,42,42,43,43,43,43,44,44,45,46,8,8
درجات 44
درحال 39
درخواست 39
درست 41
درستی 16,46
درصد 44
درمان 46
درمانی 35
درون 44,8
درگذشتند 40
درگیر 42
دریافت 8,8
درین 42
دسامبر 15,38,43,44
دسترس 15,18,35,36,37,38,39,40,41,42,43,44,45,46,8
دسترسی 43,43,46,46
دستمال 18,18,18,18
دسته 39,41,41,8
دستهٔ 41
دستگاه 39,42,44,44,44,44,44
دستی 18,41,41
دعوت 13,16,36,37,38,39,4,40,41,42,43,44,45,46
دفاتر 35
دفتر 43,44,8
دلار 18,18,40
دلایل 18,18,18,39,44
دلیل 39,39,39,39,44,6
دمای 36
دندان 41,41,41,41,41,41,46,46,46,46,46,46,46,46,46,46,46,46,46,46,46,46,46,46,46,46,46,46,46,46,46,46,46,46,46,46,46,46,46,46,46,46,46,46,46,46,46,46,46,46,46,46,46,46,46,46,46,46
دندانهای 46
دندانهایی 46
دندانپزشک 46,46,46,46,46
دندانپزشکان 46
دندانپزشکی 46
دندانی 41,46,46,46,46,46,46
دنیا 40
دهان 41,41,41,41,41,41,41,46,46
دهانشویه 41,46
دهانه 36
دهنده 41
دوباره 46
دوران 42,44
دورانی 44
دوسر 41
دوشاخه 44
دولت 43
دومین 18
دچار 13,13,43,44
دکتر 46,46
دگرباش 43
دگرباشان 43,43
دیابت 44
دیجیتالی 8,8
دیده 39,39,42,45
دینی 38
دیواره 46,46,46
دیگر 1,13,16,16,18,18,3,36,37,38,38,39,39,40,40,41,41,41,42,43,43,43,44,44,44,44,45,46,46,46,6,8,8,8
دیگران 45
دیگری 41,42,46
ذاتی 16
ذخیره 44,8
ذهنی 43,43
رئیس 43
رابطه 38,38,38
رابین 46
راحتی 41,8
رادیکال 36
رادیکالهیای 36
راست 44
راهنمای 18
راهنمایی 46,46,46
راهکارهای 42
رسانا 8
رسانده 1
رسانی 6
رسمی 43
رسمیت 36,36
رسوبی 41
رسید 43
رسیدن 40,41
رسیده 16
رشته 41,46
رشدی 35,45,45,8
رعایت 16,41,41,46
رفتار 13,13,13,13,40
رفتن 16
رفته 8,8,8
رفلکس 6,6
رقابت 18
رنگارنگ 16
روانپزشکی 13
روانی 13,13,43
روبان 38,38
روحانی 43
روزانه 18,46
روزنامه 43,46,46
روزهای 44
روستانشینان 39
روشهای 36
روشی 36,8
روند 6,6
رویدادهای 13,16,36,37,38,39,4,40,41,42,43,44,45,46
رویه 41
ریسک 37,37,37,37,42
زایمان 13,13
زبان 16,18,35,41,41,41,43,43,44,44,44,45,45,8
زبری 41
زمان 13,13,16,41,44,46,8
زمانی 18
زمینه 35,46
زناشویی 43
زنان 18,18,42,42
زنده 40,42
زندگی 18,42,43,45,8
زوجین 42,42,42
زوجینی 42
زیاد 16,41,44
زیادی 43,8,8
زیان 40
زیرا 46
زیرپوستی 44,44,44
زیست 38
سابقه 42,42
ساخت 13,16,36,37,38,39,4,40,41,42,43,44,45,46,8,8,8
ساختن 39
ساخته 8
سادگی 46
سازمان 15,35,36,36,36,37,38,39,40,41,42,43,44,45
سازگاری 8
ساعت 15,35,36,36,37,38,39,40,41,42,43,44,45
ساعته 44
سالاد 16
سالم 8
سالمندان 35
سالگی 40,45
سالیانه 35
سامانه 1,1,13,13,13,16,16,16,3,36,36,36,36,36,36,36,37,37,37,38,38,38,39,39,39,4,4,40,40,40,41,41,41,42,42,42,43,43,43,44,44,44,45,45,45,46,46,46
سانتیمتر 36,41,46
سایبورگ 8
سایت 41,41,8
سایر 35
سبابه 46
ستون 44,44,44
سرباز 35
سرخک 37
سرعت 41,46
سرنویس 16
سرویس 18,18
سرپایی 18,18,18
سریع 13,13,13,16,16,41,41
سریعتر 36
سطلی 18
سطوح 41,41,46,46,46,46,46
سعید 42
سفارشات 41
سفره 16
سفید 44
سلامت 16,16,16,40,40,42,43
سلامتی 16
سموم 44
سنباده 41,41
سنتی 15,15,15,15,18
سنسورهای 41
سنگین 16,41,8
سوءهاضمه 16,16
سوئد 8
سواک 41
سوخت 39,39,39
سوزان 18
سولاب 18
سونوگرافی 42
سوپر 18
سپتامبر 18,45
سیار 18
سیاه 38
سیری 16
سیستم 44,44,44
سیستمیک 42
سیفونه 18
سینه 38
شاخص 40,40
شامل 16,35,42,42,43,44,45
شاید 46
شایع 46
شبکه 42,42,8
شترگلویی 41
شخصیت 38,38
شدند 42
شدید 16,39,44
شدیداً 36
شرایط 42
شروع 46
شرکت 18,18,18,18,18,18
شستشوی 41
شلغم 44
شمار 43,44
شمرده 41
شمسی 43
شمشیر 8
شناخته 36,36
شناس 35
شناسان 35,35,35,35,35
شنوایی 35,35,35,35,35,35,35,35,41
شواهدی 46
شورای 42,43,43,43,43,43,43,43,8
شوند 46,8
شوید 1,13,13,16,16,3,36,36,37,37,38,38,39,39,4,4,40,40,41,41,42,42,43,43,44,44,45,45,46,46
شکاف 44
شکلی 39
شکمی 44
شیمیایی 18
شیوه 41,46
صبور 18
صحیح 16,41,41,41,46
صدری 44
صدماتی 44
صفجه 16,36,37,38,40,41,42,43,44,45,46
صفحه 13,13,15,16,16,16,35,36,36,36,36,36,37,37,37,37,38,38,38,38,38,39,39,39,39,39,4,4,40,40,40,40,41,41,41,41,41,41,42,42,42,42,43,43,43,43,43,44,44,44,44,44,44,45,45,45,45,45,45,46,46,46,46,46
صفحهٔ 1,13,13,16,16,3,36,36,37,37,37,38,38,38,39,39,39,4,4,40,40,41,41,41,42,42,43,43,43,44,44,44,45,45,45,46,46,46,46
صلاحدید 42
صنایع 16
صندلی 18
صنعت 8
صنعتی 38,41
صوتی 35,43
صورت 13,16,16,36,37,38,39,40,41,42,42,43,44,44,44,45,46,46,46,46,46,46,6,8,8
صورتی 38,46,46
ضامن 16
ضایعه 43
ضخامت 42
ضدعفونی 36,36,36,36
ضدعفونیسازی_خورشیدی_آب 36
ضربه 46
ضروری 16,16
ضریب 42
ضعیف 18
طبقه 8
طبیعی 16,16,41,44,8,8,8,8,8,8,8
طراحی 8
طریقه 46
طلایی 38
طوری 8,8,8,8
طولانی 16
عارضه 44
عامل 16,16,37,44
عامل_ریسک_ 37
عبارت 13,16,36,37,38,39,40,41,42,43,44,45,46
عبارتند 35,46
عبور 46,6
عربی 41
عرضه 18,42
عروقی 37
عصبی 44,44,44,6,6
عضلانی 44,44,44
عضله 6
عضویت 43
عظیم 8
عفونی 36,46
علامتی 15,35,36,37,38,39,40,41,42,43,44,45
علاوه 36,42
علمي 46
علمی 35,43
علیه 38,38,38,38,38,43,43
عمدتاً 8
عملکرد 40,40,41,8,8,8
عمودی 41
عموماً 38,8,8
عمومی 16,16,16,18,40,43
عنوان 16,43,43,8,8
عوارض 15
عوامل 36,37,44
عیوب 44,44
غازی 38
غذائی 41
غذاخوردن 16
غذاهای 16
غذاهایی 44
غذای 16
غذایی 16,16
غربالگری 42,42,42,44,44
غربی 18,18
غیرارادی 6
غیرانتفاعی 15,35,36,37,38,39,40,41,42,43,44,45
غیرفعال 36,36,36
غیرهوشمند 8
فارسی 35,41,8
فارمر 18
فاصله 16,46
فاضلاب 18,18
فاقد 39,39,39
فاکتور 37
فایبروزیس 45
فراهم 46
فراگیری 18
فرایند 42,42
فردی 8
فرزند 42
فرزندی 42
فرستاده 42
فرصت 43
فرهنگ 43,43,43,44
فرهنگستان 35,43,44,8
فرهنگی 39,43
فروش 18,18,18,18,18,18,18,18,18,18,18
فشار 41
فشاری 41
فشردگی 8
فعال 36,8,8
فعالیت 16,35,35
فقرات 44
فلاش 18
فلزات 8
فلزی 8
فلوراید 41,41
فناوری 15,18,18,18,8
فهرست 46
فهرست_روبانهای_آگاهیدهنده 38
فواصل 46
فواید 41
فوراً 44
فوریه 38,41,8
فوریهٔ 38
فولات 44
فولاد 8
فولیک 44,44,44
فکری 16,43
فیبرهای 6
فیزیولوژیک 16
فیزیکی 8
قابل 1,16,16,16,16,18,3,36,36,37,37,38,39,40,40,41,41,42,42,42,43,43,44,44,44,44,45,46,46,8,8
قابلیت 8,8
قانون 43,43,43
قانونی 43,43
قدرت 41
قرار 16,36,36,36,39,46,46,46,8,8
قرارا 46
قرمز 36
قسمت 41,46,8
قطعات 42,8,8
قطعه 8
قطعی 46
قلبی 37
قوانین 43
قیمت 8
لازم 42,42
لامینا 44
لایحه 43,43
لباسی 8
لحاظ 43
لزوماً 37
لطفاً 16,16,39,41,46,46
لوله 44,44,44,44,44
لکهای 16
لیزری 41
لینشوپینگ 8
مؤثر 44,44,46
مؤثری 44
مادر 42,44
مادرزاد 44
مادرزادی 42,42,42,44,44,44,44,44,44,44,44,44
ماده 39,8
مادهٔ 43
مادون 36
مادّه 39
مارس 18,35,38,38,42
ماست 16,16
ماقبل 15
مالیدن 41
مانده 36
ماندگی 44
مانند 16,39,39,45,8,8
ماهانهٔ 18
ماههٔ 44
ماهیجه 8
ماهیچه 8,8,8,8,8,8,8,8,8
مبارزه 38,38,38
مبارزین 38,38
مبتلا 35,38,39,42,42,42,42,43
مبتنی 36,36
مبدأ 39
متحده 40,40,40
متخصص 39,39,39,39,39,39,39,42,42
متخصصین 35
مترآن 46
متصل 16,36,37,38,39,40,41,42,43,44,45,46
متعاقب 42
متعلق 15,35,36,37,38,39,40,41,42,43,44,45
متغییری 37
متفاوت 39,43,43,43,44
متفاوتی 18
متنوعی 35
مثال 16,37,8
مثانه 6,6,6
مثبت 44
مثلا 16,16
مجاور 46,46,46,46,46
مجبور 16
مجدد 42,42
مجلس 43,43,43,43,43
مجمعه 41
مجموعه 35,8
محاسن 46
محتوای 16,36,37,38,39,40,41,42,43,44,45,46
محتویات 1,16,16,3,36,37,38,39,40,41,42,43,44,45,46,6,6
محسوب 8,8
محصولات 41,46
محلول 36
محلی 36
محیط 38
مخالفان 38
مختلف 41,42,43,46,46,46,46
مختلفی 41,46
مخزن 16,36,37,38,39,40,41,42,43,44,45,46
مخصوص 39,46,46
مدارس 35,35,38
مداوم 46,8
مدتی 46
مدرن 18
مدفوع 18,18,39,39,39,39,39,39,39,39,39,39,44
مدیریت 41
مراجعه 42,46,46
مراحل 42,42
مراقب 46
مراقبت 46
مراکز 35,35,35,35,35,35,6
مراکزی 35
مربوط 35,43
مرتبط 18,18,18,35,38,38,40,43,8
مرحله 42,42,42
مردد 18
مردم 43
مرور 8
مرکبات 44
مرکز 43,43,43
مرکزی 35
مرگومیر_کودکان 40
مزارع 39
مزایا 42
مزیال 46,46
مزیت 46
مسأله 16
مسئله 42,45
مسائل 42
مسافرتی 18
مسایل 43
مستعد 16
مستقل 35
مستقیم 36
مستقیماً 39,42
مستمر 43
مستند 43,8
مسواک 41,41,41,41,41,41,41,41,41,41,41,41,41,41,41,41,41,41,41,41,41,41,41,41,46,46,46,46,46,46,46
مسواکهای 46,46
مسواکی 41
مسیر 43,43
مشابه 35,8
مشارکت 43,43,43,43
مشاهده 15,18,18,36,40,40,41,42,43,43,44,46,8
مشاور 42
مشاوره 42,42,42,42,42,42,42,42,42,42,42,42
مشاوره_ژنتیک 42
مشخص 46
مشخصه 40,40
مشورت 46
مشکل 18,39,39,42,46,8
مشکلات 42,43
مشکوک 46,46
مصرف 1,16,16,16,16,36,38,41,44,44,44,46,46
مصنوعی 8,8,8,8,8,8,8,8,8,8,8,8,8,8,8,8,8
مصوب 35,43,8
مصوّب 43,44,44,44
مطالب 16,41,43
مطبوع 36
مطرح 43,43
مطلع 42
مطمئنید 46
معادل 18
معبر 6
معتادان 43,43
معتبر 39,46,46
معتدل 16
معتقد 16
معده 16
معرض 36
معروف 42
معلول 43,43
معلولان 18,43,43,43,43,43
معلولیت 43
معلولین 35,43
معماری 18
معمولی 41,46,8
معنی 41
معیارهای 42
مفصل 44
مفهوم 41
مقابل 46
مقاله 16,16,16,16,39,39,41,41,46,46,46,46
مقاوم 46,8,8
مقاومت 6,8
مقاومی 8
مقداری 39
مقدماتی 35
مقعد 18
ملات 41
ملایم 39
ممکن 16,41,46
منابع 1,1,39,43,44,45,46,46
مناسب 35,42,43,46,46,46
مناسبی 8
منافع 43
منبع 16,18
منجر 44,46,46
منحصر 8
مندلی 44
منظور 41,43,43
منقبض 6
مهره 44
مهرهشکاف 44
مهریار 40
مهمی 8
موئی 41,41
مواد 16,39,39,40,41,41,43,43,44,46
موادغذائی 46
موادی 8
موارد 42,42,44,45
موازی 8
موتور 8,8
موتوری 41
موجب 43,43
موجود 18,39,42,43,46,8
موجودات 39
موجودند 46
موجودی 39
مورد 16,38,39,39,42,43
موردنیاز 39
موضوع 46
موضوعی 44,45
موفق 8
موفقیت 45
موقتاً 46
موقع 46,46
مونث 13
موهای 41,41
مویی 41,41
مکانیکی 8,8,8
مکرر 42
مکشی 36,36
مکمل 46
میان 39
میانه 46
میانی 46
میتواند 16
میزان 18,39,40,42
میسر 16
میلادی 18
میلیارد 40
میلیون 18,40,40,40
میوه 16
میکرو 8
میکروبی 40
ناباروری 42
نابود 44
نابینایان 43
ناتوان 8
ناتوانی 45
ناتوانی_رشدی 45
ناحیه 46,46
نارس 16
نازک 8
ناشنوایان 35
ناشی 42
ناقص 44
ناقض 46
ناقل 40
نامی 39
ناگهانی 46
نایز 18
نایلون 46
نایلونی 41,41,46
نبودن 6
نجات 40
نجام 8
نخ_دندان 46
نخاع 44,44,6,6
نخست 8
نخود 44
نخوریم 16
نداشته 8
ندان 46
نرمی 41
نزدیک 18,18,40
نزند 46
نسبت 40,42,43,46,46
نسخه 16,36,37,38,39,40,41,42,43,44,45,46
نشان 36,37,39,39,40,40,41,46
نشانی 13,13,16,36,37,38,39,39,4,40,41,41,42,43,44,44,45,45,46
نشود 16
نشیمنگاه 18
نظافت 41
نظام 42
نقاط 40
نقایص 44
نمود 45
نمودار 39
نمونه 8
نهایت 35
نواحی 46,46
نوار 13,16,36,37,38,39,40,41,42,43,44,45,46,46,8
نوارعصب 8
نوارهای 43
نوامبر 18,36,38,38,41,44
نوزادان 44
نوسانات 41
نوشتارهای 41
نوشتن 46,46
نویز 41
نویسندگان 18,18,18,18,18,18,18
نژاد 43
نکات 16
نکته 41,46,46,46
نگران 42
نیاز 16,39,41,46,46
نیازمند 16,16,16,39,39,39,39,39,39,39,39,39,41,41,46,46,46
نیازهای 16,43
نیازی 8,8
نیرو 8
نیروی 8,8,8
نیست 13,16,16,3,36,37,38,39,39,4,40,41,42,43,44,45,46,46
نیمه 39
نیمی 40
نیویورک 18
هادی 18
هاضمه 16
هجری 43
هرتز 41
هردو 16,16
هرروز 16
هرساله 18,18
هرچند 13,16,36,37,38,39,4,40,41,42,43,44,45,46
هرچه 8
هرکدام 41
هزار 40,40,40
هزاره 40
هزینه 18
هزینهٔ 18
هستند 16,16,35,37,41,42,42,43,46,46,8,8
هشتم 43
هفته 42
همان 40
همانطوری 36
همانند 8,8
همبستگی 37
همراه 37,41,41,43,43,44,46
همزمان 16,16
همهٔ 13,13,16,16,36,36,37,37,38,38,39,39,4,40,40,41,41,42,42,43,43,44,44,44,45,45,46,46
همچنین 16,35,37,41,42,8,8
همگانی 40
همیشه 46
همین 13,16,36,37,38,39,39,40,41,42,43,44,44,45,46,46
هندی 39
هنری 43
هنگام 16
هوابرش 41
هواپیما 18
هوشمند 18,8,8
هیتند 42
هیدروژل 8
وآمریکا 18
واحد 18
وادب 35
وارد 1,13,13,13,16,16,16,18,18,18,18,18,18,18,18,18,18,18,18,3,36,36,36,37,37,37,38,38,38,39,39,39,4,4,40,40,40,41,41,41,42,42,42,43,43,43,44,44,44,45,45,45,46,46,46,46
واشاره 46
واشلت 18,18,18,18,18,18,18,18,18,18,18,18
والدین 42
واژه 41
واژگان 41,41,41,43,44,44,44,45,45,8
وایمپلنت 46
وبگاه 18
وتخم 16
وجود 1,1,1,1,1,1,1,1,13,13,13,13,13,13,13,13,15,15,15,15,15,15,15,15,15,15,15,15,15,16,16,16,18,18,18,18,18,18,18,18,18,18,18,18,18,18,18,18,18,18,18,18,18,18,18,18,18,18,18,18,18,18,18,18,18,18,18,18,18,18,18,36,36,36,36,36,36,36,36,36,36,36,36,36,36,36,36,36,36,36,36,36,36,36,36,36,36,36,36,36,37,38,38,38,38,38,38,38,38,38,38,38,38,38,38,38,39,40,40,40,40,40,40,40,40,40,40,40,40,40,40,40,40,40,40,40,40,40,40,40,40,40,40,40,40,40,40,40,40,40,40,40,40,40,40,40,40,40,40,40,41,41,41,41,41,41,41,41,41,41,41,41,41,41,41,41,41,41,41,41,42,42,42,42,42,42,42,42,42,42,42,42,43,43,43,43,43,43,43,43,43,43,43,43,43,43,43,43,43,43,43,43,43,43,43,43,43,43,43,43,43,43,43,43,43,43,43,43,43,43,43,43,43,43,43,43,43,43,43,43,43,43,44,44,44,44,44,44,44,44,44,44,44,44,44,45,45,45,46,46,46,46,46,6,6,8,8,8,8,8
وجودی 39
ودیستال 46
ورزشی 16
وزیر 46
وسایل 18,41,46,46
وطعم 46
وعده 16
وقتی 46
ونمی 46
ووسایل 46
وپائین 46
وپایین 46
وکلا 35
وگرنه 42,42,42
ویتامینی 44
ویرایش 15,15,15,18,18,35,36,36,37,38,39,40,40,40,41,41,42,42,43,43,43,44,44,45,46,8
ویرجینیا 38
ویژه 16,36,37,38,39,40,41,42,43,43,44,45,46
ویکی 13,16,36,37,38,39,4,40,41,42,43,44,45,46
پارامتر 39,39,39,39,8
پاره 46
پارچه 8,8,8
پاسخگوی 43
پاکیزگی 41,41,41
پایان 41,44
پایدار 16,36,37,38,39,40,41,42,43,44,45,46
پایداری 8
پایه 13,15,15,36,36,40,40,42,43,43,43
پایین 18,46
پایینِ 18
پروانش 38
پرورش 45,45
پريودنتولوژي 46
پزشک 18,42,42
پزشکان 35
پزشکی 15,35,35,39,41,42
پسندیده 16,16
پسین 44
پشکل 39
پلاستیکی 36
پلاک 46
پلیمر 8,8,8,8
پلیمرهای 8
پنجاه 44
پنهان 44,44,44
پوست 42,44,44,44
پوسته 8
پوستی 16
پوسیدگی 46,46
پوشش 8
پوششی 8
پوشیدن 8
پوشیدنی 8,8
پولی 18
پيامهاي 46
پیام 46,6,6
پیامبر 41
پیخال 39,39
پیدا 18,39,45,46,46
پیرامون 1,13,13,16,16,16,3,36,36,36,37,37,37,38,38,38,39,39,39,4,4,40,40,40,41,41,41,42,42,42,43,43,43,44,44,44,45,45,45,46,46,46
پیروی 46
پیشرفته 8,8
پیشگیری 40,40,40,42,42,42,46
پیشین 16,36,37,38,39,40,41,42,43,44,44,45,46
پیوند 13,13,15,16,16,16,16,18,35,35,35,36,36,37,37,37,38,38,39,39,39,4,40,40,41,41,41,41,42,42,42,43,43,43,43,43,44,44,44,45,45,45,46,46,46,46,8
پیوندهای 1,16,3,36,38,39,40,41,42,43,44,45,46
پیچاندن 46
چارپایه 18
چرخانده 46
چرخش 46
چنانچه 36
چندانی 18
چندین 16,16,16,36,44,8
چنین 43
چهار 42
چهارم 8
چهارمین 40
چهارگانه 42
چوبی 41
چگونه 18
چگونگی 16,36,37,38,39,40,41,42,43,44,45,46
چیدمان 16
چیست 18
ژانویه 18,46
ژانویهٔ 43
ژاپن 18,18,18,18,18,18,18,18,18,18,8
ژاپنی 18,18
ژنتیک 42,42,42,42,42,42,42,42,42,42,42,42,42,42,42,42,42,42,42,42,42
ژنتیکی 42,42,42
ژوئن 18,18,18,38,38,38
ژوئیه 18,18,38
کارآمدی 43
کارایی 41
کاربرد 41,42,42
کاربردی 39
کاربری 1,13,13,16,16,36,36,37,37,38,38,39,39,4,4,40,40,41,41,42,42,43,43,44,44,45,45,46,46
کارشناسان 42
کاشتِ 39
کاغذ 18,18
کافی 41,41,41,41,41,46
کامل 16,16,16,41,46,6
کاملا 16
کاملاً 36,44
کانادا 36,38
کانون 36
کاهش 40,40,41,43,44,46
کتابخانه 43
کدام 42,42,8
کدامیک 46,46
کدهای 44
کردن 1,13,16,16,18,36,36,37,38,39,39,39,40,41,41,42,43,44,44,45,46,46,46,46,46,46,46,46,6,8
کرده 16,36,36,46,46,46,8
کسانی 35,42,42
کشاورزی 39
کشسانی 8,8,8
کششی 6
کشور 18,36,36,39,39
کشورهای 18,18,43,43
کشید 16,41
کشیدن 46,46,46
کشیده 46,46,8
کشیدگی 8,8,8
کفایت 42
کلاف 41,41
کلمات 46
کلیه 41,41,42
کلیپل 44,44
کمتر 1,40,40,40,46
کمیاب 18
کنار 39,46,46,8
کناره 46
کناری 13,16,36,37,38,39,40,41,42,43,44,45,46
کنترل 40,40,40,40,43,6,8
کنند 35,42,8,8,8
کنوانسیون 43,43
کنید 16,18,18,18,18,18,18,18,18,18,18,46,46,46
کوتاه 16
کودهای 39
کودک 40,40,40
کودکان 16,38,40,40,40,45
کوشش 16
کوچک 46
کوچکی 41,46,46
کَتَم 39,39
کیفی 43
کیفیت 35
گاهی 16,46
گذاشته 46,46
گذشت 36
گذشته 8
گرایش 39
گرجستان 36
گردد 16,43,46
گردشند 42
گردن 42
گردند 16
گرسنگی 16
گرفتن 42,46
گرفته 36,36,41,42,42,46,46
گرما 36,44
گرمایی 36,36,36,36
گروه 43,43
گروهی 8
گرچه 13,16,3,36,37,38,39,4,40,41,42,43,44,45,46
گستردگی 8
گفته 37,39,42,43,45
گفتگو 46
گندم 16
گوارش 16,39
گوسفند 16,39
گوشت 16,16,16
گوناگون 42,42,42
گویند 44
گیاهان 15
گیرد 46
گیره 46
یابند 43
یادکرد 16,36,37,38,39,40,41,42,43,44,45,46
یاشیل 46,46
یافت 44
یافتند 8
یشمی 38
یعنی 44,46
یونانی 15
یکبار 46,46
یکدیگر 8,8
یکپارچه 36
