آبوت 49,49,49
آثار 4,53
آرام 50
آرشیوهای 50
آستانه 4
آشغال 51
آشنایی 16
آشپزی 49
آغاز 52
آفتاب 49
آلایش 51
آمار 49,52,52
آمارهای 49
آماری 9
آمریکا 16,19,50,50,50,50,50,50,50,50,50,50,50,50,50,50,50,50,50,50,50,50,50,50,50,50,50,50,50,50,50,50,50,50,50,50,50,50,50,50,50,50,50,50,50,50,50,50,50,50,50,50,50,50,50,50,50,50,50,50,50,50,50,50,50,50,50,50,50,50,50,50,50,50,50,52,52,52,52
آمریکایی 50,52,52,52
آمریکاییان 52,52
آموخته 16
آموزش 50,50,50,50,50,50,52,52,52,52,52,52,52,52,52,52,52,53
آموزشی 16,16
آنالیز 53
آنان 49,49,49,51
آنجا 52,53
آنهایی 52
آنوفل 20
آنچه 53
آوری 50
آوریل 49,51
آژانس 50
آکادمی 52
آیتم 19,20,4,47,48,49,50,51,52,53,9
ابتلا 16
اتاق 52,52,52,52
اثری 4
اجباری 19,20,47,48,49,50,51,52,53,9
اجتماع 53
اجتماعی 49,49,50,50,52
اجرا 52
اجرایی 50,50,50,50,50,50,50,50
احتمال 4,9
احتمالاً 53,53
احکام 49,49
احیای 52
اختراع 53
اختصاصی 19
اختلاف 52
اختلالات 16
اختیار 49
اختیاری 1,19,20,47,48,49,50,51,52,53,9
اخلاط 53
اخیر 19,19,20,20,47,47,48,48,49,49,50,50,51,51,52,52,53,53,9,9
اخیراً 16
اداره 19,49,49,49,50
ادرار 6,6,6,6,6,6,6
ادعا 49,49,49,49,49
ادوین 53
ارائه 49,52,52,52,52,52,53,53
اراسیستراتوس 53
اراضی 50
ارتباط 20,49
ارتش 50,50,52
ارتقاء 53
ارتقای 52
ارتوپدی 52,52
ارجاع 47,47,48,48,52,52,53,53,53,53
ارجاعات 49,49,49,49,49
ارزش 49,49,49
ارزیابی 53
ارشد 52,52,52
ارقام 52
ارومیه 52
اروپا 53
ازای 52
اساس 49,49,49
اساسی 50
استاتیک 51
استاندارد 49,52,52,52
استانداردهای 52
استخدام 52,52
استخوان 47,47
استدلال 53
استرالیا 52
استعماری 50
استفاده 1,16,16,19,20,3,4,47,47,47,47,48,49,50,51,51,52,52,52,53,53,53,53,53,53,53,53,9,9
استیناف 50
اسقلبیوس 53
اسلام 49,49,49,49,53,53
اسلامی 49,49,52,53,53
اسمیت 53
اسپانیایی 50
اصطلاح 51
اصلی 16,19,20,47,48,49,49,50,51,52,53,53,9
اصول 16,16,16,16,19,52,52
اطراف 9
اطفال 16,16
اطلاع 52
اطلاعات 16,19,20,47,48,49,50,50,50,51,52,53,53,53,53,9
اطلاعاتی 50,53
اطلس 50
اعتقاد 52
اعتقاددارند 52
اعدام 50
اعصاب 16
اعطا 52
اعظم 49
افتاده 9
افراد 16,16,52,8,9,9,9,9,9
افزایش 16,16,16,16,16,16,16,49,49,51,52,52,52,6,9
افزودن 52
افسردگی 16,47,49
افغانستان 50
اقتصاد 49
اقتصادی 49,50
اقیانوس 50
اقیانوسی 50
الإنسانية 50
التهابی 47,51
الحاوی 53
الزام 52
الزامات 52
الصحة 50
الگو 47,47,50,50,50,50,50,50,50,52,52,52,53,53,53,8,8
الگوی 46,49,49,49,52
الیاف 47
امارات 52
امروز 49
امروزه 16,52,53,53
امروزی 47,47
امنیت 50,50,50,50,50,50,50,50,50
امور 49,49,49,49,49,50,50,50,50,50,50,51
امورخارجه 50
اموری 49
امکان 16,19,20,47,48,49,50,51,52,53,9
امکانات 16
انبار 1,1,18,18,8,8
انتخاب 16
انتخاباتی 50
انتشارات 49
انتظار 49
انتقاداتی 53
انتقال 19,19,8
انجام 16,19,20,47,48,49,49,49,49,49,50,51,52,53,53,53,53,53,6,9
انجمن 52
انجیر 16
انحصاری 49
اندازه 47
اندازی 50,50
اندام 16
اندمیک 53
انرژی 16,16,16,16,16,16,16,16,16,16,16,16,16,16,50,50,50,9
انسان 16,20,48,6,8
انسانی 48,48,50,50,50,50,50,50,50,50,50,50,50,50,50,50,50,50,50,50,52,52,9
انفجاری 13,13
انقلاب 50
انواع 20,48,48
انگشت 47
انگلند 50
انگلیسی 52,53
انگور 16
اهمیت 16,20,20,20,20,49,53
اوائل 52
اواخر 53,53,53
اورژانس 52
اوستایی 53
اوستومی 52
اولین 53,53,53,53,53,53
اولیه 52,53
اپیدمیک 53
اکتبر 18,47,48,51,8
اکتشافات 53
ایاالت 50
ایالات 50,50,50,50,50,50,50,50,50,50,50,50,50,50,50,50,50,50,50,50,50,50,50,50,50,50,50,50,50,50,50,50,50,50,50,50,50,50,50,50,50,50,50,50,50,50,50,50,50,50,50,50,50,50,50,50,50,50,50,50,50,50,50,50,50,50,50,50,50,50,50,50,50,50,50,50,50,50,50,50,50,50,50,50,50,50,50,50,50,50,50,50,50,50,50,50,50,50,50,50,50,50,50,50,50,50,50,50,50,50,50,50,50,50,50,50,50,50,50,50,50,50,50,50,50,50,50,50,50,50,50,50,50,50,50,50,50,50,50,50,50,50,50,50,50,50,50,50,50,50,50,50,50,50,50,50,50,50,50,50,50,50,50,50,50,50,50,50,50,50,50,50,50,50,50,50,50,50,50,50,50,50,50,50,50,50,50,50,50,50,50,50,50,50,50,50,50,50,50,50,50,50,50,50,50,50,50,50,50,50,50,50,50,50,50,50,50,52
ایالت 50
ایالتی 50
ایجاد 16,16,16,16,16,49,51,52,53,9
ایجادکننده 53
ایران 52,52,52,52,52,52,52,52,52,52,52,52,52,52,52,53
ایرانی 52,52,52
ایرانیان 53,53
ایستاده 6,6,6,6
ایفا 48
ایلام 53
ایمنی 19,51
اینترنتی 16
اینکه 16,16,19,49
باراک 50,50
بارهٔ 49
باروری 53
بازار 49
بازبینی 52,53
بازتوانی 53
بازتولید 49
بازرگانی 50,50,50,50,50
بازنشسته 50,50,50,50
باستان 53,53,53,53,53
باستانی 53
باشد 16,19,19,47,49,49,52,52,9
باشند 16,52
باعث 16,49,51,52,9,9,9,9
باقی 53
بالا 16,16,52,52
بالاتر 52,52
بالای 9,9,9
بالغ 16,16
بالینی 53,53,53
باکتری 53,9,9
باید 16,16,16,16,52
بایگانی 50
بتوان 16
بحران 53
بخاری 49
بخشی 48,49,53
بخصوص 52
بدانند 49
بدبو 9,9
بدبویی 9,9,9,9
بدبویی_دهان 9
بدنه 51
بدنی 16,16
بدون 20,46,46,46,47,47,47,47,47,48,48,48,48,49,49,49,49,49,53,53
بدگمان 13
بدین 16
برابر 52,52,52
براساس 16
برای 1,16,16,16,16,16,16,16,16,18,19,19,20,20,46,47,47,47,48,48,49,49,49,49,49,49,49,49,49,50,50,51,51,51,51,51,52,52,52,52,52,52,53,53,53,53,53,53,53,53,6,6,8,9
برتون 50
برجسته 53
برخاستن 9
برخوردار 16,52
برخی 16,49,51,52,52,53,9,9,9
بردن 49
برده 49
بردگی 49
بررسی 20,49,49,49,52,52
برطبق 47,48,52
برطرف 9
بروز 53
برچسبهای 19
برگزار 52
بریتانیایی 52,52,52,52
بزاق 9
بزرگ 49,51,53,53
بزرگی 49,49
بسازید 19,20,47,48,49,50,51,52,53,9
بسته 53
بسیار 16,53,9,9,9
بسیاری 49,49,49,52
بصیرت 53
بطوری 47
بعضی 20,53,9
بقراط 53,53,53
بقیه 49
بلکه 16,49,52
بنابراین 16,16,49,9
بندبند 20
بندپایان 20
بندی 20,20
بنیاد 49,49
بنیان 53
بنیانگذاران 53
به 49
بهانه 52
بهانهٔ 52
بهبود 16,53
بهبودی 52
بهتر 53
بهداشت 47,47,50,50,50,50,50,50,50,50,50,50,50,50,50,50,50,50,50,50,50,52,52,52,52,53,53,9,9
بهداشتی 16,19,47,47,47,47,47,47,49,50,50,51,52,53
بهشتی 49
بودجه 50
بودن 51,53
بودند 53
بوده 16,16,4,52
بوهای 51
بویایی 9,9
بیرون 47,49
بیست 50
بیستم 53
بیشتر 1,18,19,19,20,4,46,47,47,48,48,49,49,50,50,51,51,52,52,52,53,53,8,9,9,9
بیشتری 49,52
بیمار 19,52,52,52,53
بیماران 52,52,52,52,52,52,53,9
بیمارستان 19,52,52
بیمارستانی 52
بیماری 19,19,20,20,49,53,9
بیمه 52
بینی 9
بیهوشی 52,53
بیوسی 13
تأثیر 51,53,9
تأسیس 52,52,53,53
تأمین 16
تابع 4
تابوی 52
تاریخ 50,50,53,53,53,53
تاریخچه 53
تاسیس 50,50
تامپون 47
تامین 16
تبدیل 9
تبریز 52
تبعیض 47,47
تجاری 1,18,19,46,47,48,49,50,51,52,8
تجسمی 50
تجمیع 53
تجهیزات 53,53
تحصیل 52,53
تحصیلات 52,52
تحصیلی 50,52
تحقیقات 52,52
تحقیقی 49
تحلیلی 52,52
تحول 52
تحولی 53
تخصصی 52,53
تخفیف 16
تداخل 16
تداخلات 16
تدبیر 49
تدریجی 16
تدوین 52
ترابری 50,50,50,50
تربیت 52
ترتیب 20
ترتیبات 52
ترجمه 53
ترجمهٔ 49,49,49
تردید 53
ترشحات 9
ترشیجات 16
ترکیبی 16
تشخیص 53,53,53,53,9
تشخیصی 53
تشعشعی 4
تشنج 53
تشکیل 20,20,20,20,20,47
تصادفی 19,20,4,47,48,49,50,51,52,53,9
تصاویر 19,20,47,48,49,50,51,52,53,9
تصویر 19
تصویربرداری 53
تعادل 16,16
تعداد 52,52,52
تعریف 49,53
تعمیر 49
تعمیرات 49
تعیین 16,49,53
تغذیه 16,16,16,16,16,16,16,16
تغییر 16,52,53
تغییرات 19,20,47,48,49,50,51,52,53,9
تفاوت 6
تفریح 49
تفنگ 50
تفنگداران 50
تقسیم 20,49,53
تقویت 49
تلاش 51
تلفن 1,18,19,46,47,48,49,50,51,52,8
تماسی 51
تمام 52
تماماً 52
تمایزگذاری 49
تمایل 16
تمدن 53
تمرکز 53
تمیز 49,51,51
تناسب 16,49
تنباکو 9
تندرستی 53
تنظیم 53
تنفس 9
تنها 16,52,52
تنهایی 16
تهران 49,52
تهیه 16,49,49,53
تهیهٔ 49
توتون 9
توجه 16,16,49,53
توجهی 49,53
توده 16,16,16,16
توزیع 16
توسط 50,50,51,53,53,53,53
توسعه 50,50,50,52,52
توصیف 53,53
توصیه 16
تولد 16
تولید 47,47,9,9
توهم 9
تکاملی 8
ثابت 16
ثانیه 6
ثروت 49
جادویی 9
جاذب 47
جاری 6
جامعه 49,49,49,52
جانوری 20
جایگاه 49
جبران 16,52
جداسازی 19,19,19
جداسازی_بیمار 19
جدید 16,47,53
جدیدی 49,52
جراحان 53
جراحی 52,53
جریان 53
جزئی 49
جزئیات 1,18,19,46,47,48,49,50,51,52,8
جزایر 50
جستارهای 49,52
جسمی 13,16,16
جعبه 50,50,50,53
جغرافیایی 50,50
جلوگیری 19,47,51,51
جمعیت 49,52,9
جمله 16,53,53
جمهور 50,50,50
جمهوری 50,50,52
جندی 53,53
جنسی 47
جنسیت 16,16
جنسیتی 49,49,49
جنوب 50
جنوبی 50
جنین 50
جهان 48,53
جهانی 50,50,52,52,53,53,53
جوامع 53,53
جونیور 50
حاضر 52,52
حالت 4,9
حالتی 51,9
حالی 49,52,52
حاوی 48,9
حداقل 52
حداقلی 52
حداکثر 52
حدود 16,52
حرفه 50,52,52,53
حساب 1,19,19,20,20,47,47,47,48,48,49,49,49,50,50,50,51,51,51,52,52,52,53,53,53,9,9,9
حشرات 20,20,20,20
حشرهشناسی_پزشکی 20
حفاظت 19,50,50
حفاظتی 19
حقوق 50,50,50,50,50,52,52,52,52,52,52,52,52,8
حقوقی 52,52
حمایت 49
حوزه 49
خارج 47,49,49,49
خارجه 50,50
خارجی 20,20,20,50,50,50,9
خاصی 49,6
خانمانی 50
خانه 19,49,49,49,49,49,49,49,49,49,49,49,49,50
خانواده 49,49,50,53
خانوار 50
خانگی 49,49,49,49,49,49,49,49,49,49,49,49,49,8
خبری 52,52,52
خدمات 19,19,49,49,49,50,50,50,50,50,50,50,50,50,50,50,50,50,50,50,50,50,50,50,53,53,53,8
خدمت 49,49
خدمتکار 49,49
خرابی 16
خرداد 49,49
خرما 16
خروج 6
خرید 49
خریدهای 49
خزانه 50,50,50
خشونت 47
خصوص 19,20,4,47,48,49,50,51,52,53,9
خطاهای 53
خلاف 6
خواب 20,9,9
خواستار 49
خوانده 53,53
خواهد 16
خودرو 51
خوراک 50
خوردن 16,49,9
خیالی 52
دائرةالمعارف 53
دائم 50
دائمی 9
داخل 47
داخلی 47,50,50,50,50,50,52,52,9
دادن 16,16
داده 16,19,20,4,47,48,49,50,51,51,52,53,53,9
دادگستری 50,50,50
دارای 1,1,1,18,18,20,20,20,46,46,47,47,48,48,49,49,49,50,50,50,51,51,51,52,52,52,52,53,53,53,53,53,53,8,8,8,8,8,8,9
دارد 16,16,19,20,47,47,47,48,49,49,49,49,50,51,52,53,9,9,9
داردکه 20
دارند 49,52,52
داروی 16,50,53
دارویی 16
داری 50,50,50
داشت 53
داشتن 51
داشته 16,16,49,52,52,52,52,53
دامنه 53
دانسته 49
دانش 16,52,53,53,53,53,53,53,53
دانشجویان 52
دانشمندانی 53
دانشنامهٔ 19,19,20,20,4,47,47,48,48,49,49,50,50,51,51,52,52,53,53,9,9
دانشگاه 49,52,52,52,52
دانشگاهی 52,52
داگلاس 50
دایمی 49
دختران 16
درآمد 16,49,50,53
دربارهٔ 19,20,4,47,47,47,48,48,49,49,49,50,50,50,50,50,50,51,52,52,52,52,53,53,8,9
دربر 53
دربرگیرندهٔ 49
درحال 52
درخواست 52
دررساندن 20
درست 16,16
درصد 16,16,16,49,49
درمان 50,52,53,53,53,53,53,53,53,53
درمانی 19,19,50,50,52,52,52,52,52,53,53
درون 47,47,49,49,49
دریافت 16,16,16,4,52
دریافتی 16,16,16
دریایی 50,50,50,50,52
دسامبر 1
دستخوش 53
دسترس 1,18,19,46,47,48,49,50,51,52,8
دسترسی 49,53
دستمالی 47
دسته 49
دستگاه 47,51,51,52,9
دستیاران 52
دعوت 19,20,47,48,49,50,51,52,53,9
دفاع 50,50,50,50,50
دفاعی 50
دفتر 50,50
دقیق 52
دلار 50,52,52,52,52
دلایل 9,9,9
دلفی 49
دلیل 16,16,20,9
دموکرات 50,50,50,50,50,50,50,50,50,50,50,50,50,50,50,50,50,50,50,50,50,50,50,50,50
دموگرافیک 50
دنبال 9
دندان 9,9
دنیا 52
دنیای 53,53,53
دهان 9,9,9,9,9,9,9,9,9,9,9,9,9,9,9,9,9
دهانشویه 9
دهانه 47
دوباره 13,53,53
دوران 13,13,47,53,53,53,53,53,53,53,53,53
دورانی 53
دوره 52
دولت 50,50,50,52
دولتی 50,50,52
دومین 48
دچار 51,52,53
دکترای 52
دیابتی 9,9
دیدپذیری 51
دیدگاه 49,52
دیپلمه 52
دیگر 16,16,16,19,19,20,20,4,47,47,47,48,48,49,49,49,50,50,50,51,51,52,52,53,53,53,9,9,9
دیگران 19,51
دیگری 52,9
ذخیره 16
ذرات 9,9
رئیس 50,50,53
رابطه 49
راجعه 53
راحتی 16
رازی 53
راستای 49,52
راهنمای 53
راهی 53
رایانه 51
رایج 48
رایگان 49,49,49
ربات 8
رباتیک 8,8,8,8,8
رتیل 20
رسمی 50,50
رسوایی 50
رسیدن 47,53,53
رسیدگی 49
رشته 52
رعایت 49,9,9
رفته 52
رفعِ 52
رفیع 49
رندم 4
رنسانس 53
روابط 49,49
روان 52,52
روانپزشکی 52,52
روانی 13
روبرو 9
روحی 16
رودخانه 20
روزانه 16,16,49,49
روزمره 51,53
روزنامه 49,49,52
روند 16,16
رونق 53
رویدادهای 19,20,47,48,49,50,51,52,53,9
رویکرد 53,53
رویکردهای 53,53
رکود 53
ریاست 50,50,50
ریزمغذی 16
ریوی 53
رییس 50
زاید 20
زایمان 52,52
زباله 19
زبان 1,1,18,50,50,50,51,51,52,52,52,53,8,8,8
زرتشتی 53
زغالی 49
زمان 16,49,49,50,52,53
زمانی 49,50,50,50,53
زمرهٔ 49
زمینه 52,52,52
زمینی 50,50
زنان 47,47,47,49,49,49,49,49,49,49,49,49,49,49,49,49,49,49,49,49,49,49,52,52,53,53,6
زنانی 49
زنبور 20
زندگی 16,50,51,53
زننده 51
زودتر 16
زودهنگام 9
زکریای 53
زیاد 49
زیادی 16,49,51,51
زیبایی 51
زیست 1,50,50
سئوس 53
ساحلی 50,50,50,50
ساخت 1,19,20,47,48,49,50,51,52,53,9
ساخته 6
ساختگی 8
ساداتی 49
ساده 13,16
سازمان 1,16,18,19,46,47,47,48,49,50,50,50,50,51,52,52,52,53,8
سازی 19
ساعات 9
ساعت 1,18,19,46,47,48,49,50,51,52,8
سالانه 52
سالخوردگان 52
سالخوردگی 16
سالمند 16,16
سالمندان 16,16,16,16,16
سالواتوره 52
سالگی 16,16,50
سامانه 19,19,19,20,20,20,47,47,47,48,48,48,49,49,49,50,50,50,51,51,51,52,52,52,53,53,53,9,9,9
سایر 53
سخنرانی 50
سربازان 50,50,50,50,50
سرتاسری 52
سرزمینی 50
سرمایه 49,49
سرنویس 49,49
سروانتس 53
سرویس 49
سرپرستانِ 49
سرگرمی 8
سریع 53
سزالپینو 53
سطوح 51,51,53
سفره 49
سلامت 16,16,19,52,52,52,52,53
سلامتی 16,53,53
سنای 50
سنتی 49
سنین 16,16
سوخت 16
سوخته 53
سوسک 20
سپاه 50,50
سپتامبر 19
سکون 47
سیاست 50
سیاستمداران 53
سیاسی 50,50,50,50,50,50
سیستم 20,53,53
سیستماتیک 53
سیلک 53
سیمولیوم 20
سینه 20,20
شاخه 20,20,20
شاغل 49,49
شامل 16,16,20,20,20,48,49,53,53
شاپور 53
شبکه 49,49
شخصی 19,49,50
شخصیت 13
شدید 50
شرایط 16
شروع 53,53,53,9
شرکتی 52,52,52
شستن 49,49
شسته 47
شغلی 19
شفاف 52
شمرده 49
شناخت 20,20,53,53
شناخته 53,53,53
شهرهای 50
شهری 50,50,50
شهید 49,49
شورای 48,49,52
شوند 53,9
شوهر 49,49
شوید 19,19,20,20,47,47,48,48,49,49,50,50,51,51,52,52,53,53,9,9
شکستن 9,9
شکوفا 53
شیرآلات 51
شیراز 52,52,52,52
شیره 16
شیرینی 16
شیمیایی 9
شیوه 19
صبحگاهی 9
صبوری 49,49
صرعی 13
صفجه 1,19,20,3,4,47,48,49,50,51,52,53,9
صفحه 1,1,18,18,19,19,19,19,19,20,20,20,20,20,3,4,4,4,46,47,47,47,47,47,48,48,48,48,48,48,49,49,49,49,49,50,50,50,50,50,51,51,51,51,51,52,52,52,52,52,53,53,53,53,8,9,9,9,9
صفحهٔ 19,19,19,20,20,20,4,47,47,47,48,48,48,49,49,49,50,50,50,51,51,51,52,52,52,53,53,53,9,9,9
صلحی 49
صنعتی 49,50
صنفی 52
صورت 16,16,16,19,19,20,47,48,49,50,51,51,52,53,53,6,9
ضروری 16
طبایع 53
طبقه 53
طبیعت 49
طبیعی 1,16,16,51,52
طرفدار 50
طرفی 53
طرفین 52
طلایی 50
ظاهری 47
ظرفشویی 49
ظرفیت 6
عادت 49
عالی 50,52,52,52
عامل 20,20,20,9
عامه 50
عبارت 19,20,47,48,49,50,51,52,53,9
عربی 53
عرصه 49
عصای 53
عصبی 13
عضلانی 16,16
عضوی 52
عفونی 19
علائم 19,9
علامت 9
علامتی 1,18,19,46,47,48,49,50,51,52,8
علاوه 16,48,9
علایم 53
علمی 16,50,50,52,52,52,53
علوم 19,19,4,52
علیه 47,47,47,47
عمدتاً 49
عمده 50
عملکرد 51,53,53
عملیاتی 52
عمومی 20,4,50,50,50,50,52,53,53
عنوان 18,20,49,52,52,53,53,53,53,53,9
عنکبوتیان 20
عهده 49,52
عوارضی 16
عوامل 16,9
غالب 49
غبار 51,51
غباری 51
غذای 16
غذایی 16,16,16,49,9
غربی 50,50,52,53
غلامی 49,49
غلظت 9
غیرارادی 13
غیرانتفاعی 1,18,19,46,47,48,49,50,51,52,8
غیرمادی 51
غیرمستقیم 19
فارسی 53,53
فاضلاب 50
فدرال 50,50,50,50,50,50,50,50,50,50,50,50,50,50,50,50,50
فدرالیست 50
فرانسوی 50
فراهم 53,53
فراوانی 16
فرایندهای 53
فردی 52,52
فرزند 49
فرزندان 49
فرهنگ 48
فرهنگی 50,50
فشار 52,6
فعال 16
فعالیت 16,16
فقهی 49
فناوری 50,53
فهرست 53
فیزیولوژی 53,53
فیزیولوژیکی 53
فیزیکی 16,16,16
قابل 16,16,19,19,20,4,47,47,47,48,48,49,49,49,50,50,51,51,52,52,53,53,53,53,9,9
قابلیت 19
قادر 16,9
قاعدگی 47
قانون 50
قانونمند 53
قانونمندسازی 53
قانونی 50,53
قبولی 16
قرار 16,16,20,47,47,47,49,53,53
قرارداد 52,52
قرمز 50
قرون 53,53,53
قسمت 20,20
قضاوت 53
قطره 6
قطعات 51
قوانین 53
قیاسی 53
لابلای 9
لازم 16,16
لامپ 49
لباس 47,47,49
لبریز 6
لحاظ 49
لطفاً 47,48
لوازم 53,53
لوله 49
لوونهوک 53
لیسانس 52,52
لیویت 50
مؤثر 16,53,9
مؤسسه 52
مادران 16
ماده 9,9
مازاد 16
ماقبل 53,53,53,53
مالاریا 20
مالی 49,50
مامایی 52,52
مانده 16
مانع 47
مانند 16,16,16,16,48,49,49,51,52,9
مانندِ 49
ماهه 52,52,52
ماهی 52,9
ماهیت 53
مایعات 47
مباحثی 16
مبارزه 50
مبتلا 19,9,9,9
مبتنی 52
مبنای 52,53,53
متأهل 49,49
متحده 47,47,49,49,50,50,50,50,50,50,50,50,50,50,50,50,50,50,50,50,50,50,50,50,50,50,50,50,50,50,50,50,50,50,50,50,50,50,50,50,50,50,50,50,50,50,50,50,50,50,50,50,50,50,50,50,50,50,50,50,50,50,50,50,50,50,50,50,50,50,50,50,50,50,50,50,50,50,50,50,50,50,50,50,50,50,50,50,50,50,50,50,50,50,50,50,50,50,50,50,50,50,50,50,50,50,50,50,50,50,50,50,50,50,50,50,50,50,50,50,50,50,50,50,50,50,50,50,50,50,50,50,50,50,50,50,50,50,50,50,50,50,50,50,50,50,50,50,50,50,50,50,50,50,50,50,50,50,50,50,50,50,50,50,50,50,50,50,50,50,50,50,50,50,50,50,50,50,50,50,50,50,50,50,50,50,50,50,50,50,50,50,50,50,50,50,50,50,50,50,50,50,50,50,50,50,50,50,50,50,50,50,50,50,50,50,50,50,50,50,50,50,52,52
متخصصین 52
متصل 19,20,4,47,48,49,50,51,52,53,9
متعلق 1,18,19,46,47,48,49,50,51,52,53,8
متغیر 53
متفاوت 1,1,16,18,18,53,8,9,9
متفاوتی 53,9
متناسب 49
متوسط 50
متوسطی 49
متیوس 50
مثال 20,52
مثانه 6
مثبت 50
مثلاً 49,49
مجبور 49,49,49
مجرای 6
مجزا 19,53
مجلس 49,49,50,50,50,52
مجله 52
مجوز 52
مجوزدهی 53
محاسبه 16,16,16,49,49
محتوای 1,19,20,3,4,47,48,49,50,51,52,53,9
محتویات 19,20,4,47,48,49,50,51,52,53,9
محدود 49
محروم 53
محرک 13
محسوب 52,53
محلی 47,47,47,50,50,50,52,52
محمد 52,52
محور 53
محول 49
محیط 50,50,50,50,51,51,51,51,51,51,51
مخاط 47
مختصات 50
مختلف 16,53,53,53,53
مخدر 50
مخزن 19,20,4,47,48,49,50,51,52,53,9
مخصوص 52
مدارس 52
مدارک 50
مداوم 49,52
مدرن 52,53,53
مدنی 50,50,50,50,50,50
مدیره 52
مدیریت 52,52,52
مذهب 53
مراتب 52,9
مراحل 53
مراقبت 49,49,52,52,52,52,52,52
مراقبتی 49
مراقبین 52
مراکز 16,16,49,52,52,52
مربوط 50,51
مربوطه 4
مرتب 49,49
مرتبط 13,50
مردان 49,49,49,49,49,6
مرور 16
مرکز 52
مریم 49
مزاج 49
مزمن 16,16,53,9
مسئله 16,9
مسئول 49
مسئولیت 53
مسائل 16,16,47,49,49
مسایل 49
مسایلی 53
مستعمره 50,50
مستقل 50,53
مستقلی 52
مستقیم 19,49
مستلزم 49
مستند 47,48
مسعود 49,49
مسلمانان 53
مسلولین 19
مسواک 9
مسکن 50,50,50,50
مسکونی 50,50
مشابه 16,16,47,47,47,49,50,50,50,50,52,52
مشاهده 47,50,50,50,50,52,52,53,53,8
مشاهیر 53,53,8
مشترک 13
مشخص 16,53
مشهور 49,50,53
مشکل 6
مشکلات 16,16,16,16,53,53
مشکلاتی 16,52
مصاحبه 53
مصرف 16,16,16,16,16,9
مصرفی 16,16,16
مصنوعی 47
مصوبه 49
مضاعف 52
مطالب 47,48
مطالعات 49,49
مطالعه 53
مطرح 16,49,52,53
مطلع 16
مطلوب 16
معاصر 53
معاینه 53
معتبر 49,49,49,49,49
معتدل 16
معتقد 52
معدنی 16
معرفی 53
معضل 9
معلولان 8
معماری 18
معمول 20
معمولاً 47,49,51,51,51,51,53,9,9
معنای 19,4
معنی 53
معینی 16,16
مغان 53
مغذی 16,16,16
مفهوم 16,16
مقابل 52
مقاطع 52
مقالات 50,50
مقام 47
مقدار 4,49,52
مقداری 52
مقررات 50
مقطع 52
ممنوع 53
ممکن 16,47,48,9
منابع 47,48,49,49,49,49,49,52,52,53,53
مناسب 16
مناسبی 16
مناطق 50,53
منافذ 20
منافع 49,49
منبع 18,47,48,52,52,52,8,8,9
منتشر 53
منتفع 49
منتفی 52
منجر 16,51,53,53,9
منحنی 16
منزل 49,49,49,49
منسوخ 49
منشأ 9,9,9
منطقی 53
منظم 49
منظور 16,19,51,53
منعکس 49
منوچهر 49,49
مهارت 49,52
مهارتهای 52
مهمانان 49
مهمی 48
مواجه 52,53
مواد 13,13,16,16,16,16,16,20,47,50,50,51,9
موارد 51,9
مواردی 49,51
موبایل 8
موجب 49
موجود 47,48,50,51,52
موجوداتی 20
مورد 16,16,16,16,16,16,16,47,49,51,51,53,53,53,53,6,9
موسسات 52,53
موضوع 49,52,9,9,9
موضوعی 49
موقت 50
مولکولی 53
مکان 51
مکروه 6
میان 52
میانه 50,50
میراث 53
میزان 16,16,16,16,16,16,16,16,16,16,16,4,52
میشود 47
میفروشد 49
میلاد 53,53,53
میلادی 49,52
میلیارد 50,50
میلیون 52
میهن 50
میکروسکوپ 53
نابینایان 8
ناتوانان 52
ناتوانی 16
ناحیه 50
ناخالص 49
ناخوشایند 51
ناخوشی 9
نارسایی 9
ناشی 51,6,9,9
ناقص 19
ناقل 20,20
نامطبوع 9
نامی 49,53
نامیده 16
نبود 47,51
نتوورک 52
نتیجه 49,49,51
نحوه 53
نخست 52
نخستین 52,52
نخواهند 49
ندارد 49
ندارند 51
نداشته 16,4
ندرت 9
نرمال 16
نزدیک 49
نسبت 16,16,53,53,53
نسبتی 52
نسخه 19,20,4,47,48,49,50,51,52,52,53,9
نشان 16,49,49,49,49,51,52,53
نشانه 9
نشانی 19,20,47,48,49,50,51,52,52,52,53,53,9
نشریات 52
نشست 51,51
نشسته 6
نظافت 49
نظام 49,52,52,52,52,52,53
نظامی 50,50,50,52,8
نظامیان 50
نظریه 53,53
نفوذ 47
نقشی 53
نقیصه 53
نماید 16,49
نمایش 19
نماینده 52
نمایندگان 50,50,50
نمایه 16
نمناک 51
نمود 49
نمودار 16
نمودارهای 16
نمودن 47
نمودهای 49
نمونه 47,49,51,51
نهایی 6
نوار 19,20,47,47,47,47,47,48,49,50,51,52,53,9
نوار_بهداشتی 47
نوارهای 47
نوامبر 51
نوزاد 52
نوزادان 47,52
نوزدهم 53,53,53
نوشتار 47,48,52
نوشیدنی 48,48
نوعی 49
نوین 50,51,53
نپرداختن 49
نپزد 49
نکند 49
نگاشت 53
نگاه 51
نگرش 49,49,6
نگهداری 19,49,49,51
نگهداری_از_خانه 49
نگهداشتن 51
نگیرد 16
نیاز 16,16,16,16,16,16,16,16,16,16,16,49,53
نیازمند 46,46,49,49,49,49,49,52,52,52
نیافته 16
نیرو 50
نیروی 49,49,49,50,50,52
نیست 19,20,47,48,49,49,50,51,52,53,9
هاردینگ 49
هایی 53,53
هذیان 13
هربار 47
هروفیلوس 53
هرچند 1,19,20,47,48,49,50,51,52,53,9
هرکدام 20
هرگاه 49
هرگونه 47,47
هزار 52,52,52,52,52
هستند 16,20,47,49,49
هشدار 19
هفتاد 52
هفته 16
همان 16,52
همانطور 20
همانند 16,47
همایش 50
همدان 52
همراه 16,47,47,47,48,48,48,48,53,8,9,9
همهٔ 19,19,20,20,4,47,47,48,48,49,49,50,50,51,51,52,52,53,53,9,9
همواره 16,52
همچنین 16,49,49,49,52,52,52,52,9
همچون 51,51,51,53,53,53,53
همکاری 52
همگی 53
همیشه 16,52
همین 16,19,20,20,47,48,49,50,51,52,53,9,9
هندی 49
هنری 16
هنوز 53
هنگام 49,9,9,9
هوای 19
هوایی 50,50,50,50,50
هیره 20
وابستگی 13
واجب 49
وارد 19,19,19,20,20,20,47,47,47,48,48,48,49,49,49,49,49,50,50,50,51,51,51,52,52,52,53,53,53,9,9,9
وارده 6
واسالیوس 53
واقعی 49
والاس 49,49,49,49,49
والخدمات 50
والدین 16
واژه 49,53
واژگان 1,1,50,50,51,51,51,53,8,8
واکنش 52
واکنشی 13,13
واگذار 49,52
وبیش 20
وتقسیم 20
وجود 1,1,1,13,13,13,13,13,13,13,13,13,16,16,18,18,18,18,18,18,18,18,18,18,18,18,18,18,18,18,18,20,20,47,47,47,47,47,47,47,47,47,47,47,47,47,47,47,49,49,49,49,49,49,49,49,49,49,49,50,50,50,50,50,50,50,50,50,50,50,50,50,50,50,50,50,50,50,50,50,50,50,50,50,50,50,50,50,50,50,50,50,50,50,50,50,50,50,50,50,50,50,50,50,50,50,50,50,50,50,50,50,50,50,50,50,50,50,50,50,50,50,50,50,50,50,50,50,50,50,50,50,50,50,50,50,50,50,50,50,50,50,50,50,50,50,50,50,50,50,50,50,50,50,50,51,51,51,51,52,52,52,52,52,52,52,52,52,52,53,53,53,53,53,53,53,53,53,53,53,53,53,8,8,8,8,8,8,8,8,8,8,8,8,8,8,8,8,8,9,9,9,9
ورود 49
وزارت 52
وزارت_بهداشت_و_خدمات_انسانی_ایالات_متحده_آمریکا 50
وزارتخانه 50
وزیر 50
وسائل 51
وسایل 49,49
وسایلی 49
وسطی 53,53,53
وسواس 9,9
وسیع 20
وسیعی 53
وسیله 20
وشکم 20,20
وضعیت 16,52
وضعیتی 16
وظایف 49,49,49,49,49,49
ومطالعه 20
وکوری 20
وی 51
ویتامین 16
ویرایش 1,18,19,46,46,46,47,47,48,49,50,50,50,50,50,51,52,52,52,53,8,8
ویروس 47
ویژه 16,16,19,20,4,47,48,49,50,51,52,52,53,9
ویکی 19,20,47,48,49,50,51,52,53,9
پاتولوژیک 9
پادشاه 53
پارامتر 53,8
پاروکسیسم 53
پاسخ 49
پانزده 50
پاهای 20
پاپیروس 53,53
پاپیلوم 47
پاپیلوما 47
پاکیزه 51,51
پاکیزگی 51,51,51,51,51
پایان 20
پایدار 19,20,4,47,48,49,50,51,52,53,9
پایش 16,16,16
پایه 47,50,52
پدران 16
پذیرایی 49
پراکندگی 20
پرداخت 49
پرزب 52
پرستار 52,52,52,52,52,52,52,52,52,52,52,52,52,52,52,52,52,52
پرستاران 52,52,52,52,52,52,52,52,52,52,52,52,52,52,52,52,52,52,52,52,52,52,52
پرستارانی 52
پرستاری 52,52,52,52,52,52,52,52,52,52,52,52,52,52,52,52,52,52,52,52,52,52,52,52,52,52,52,52,52,52,52,52,52,52,52,52,52,52,52,52,52,52,52,52,52,52
پرمصرف 48
پروتئین 16,16
پروتئینی 16
پرورش 16,49
پزشک 16,52,53,53
پزشکان 16,52,52,53,53,53,53,53,53,53,53
پزشکانی 53,53
پزشکی 16,19,19,20,20,50,53,53,53,53,53,53,53,53,53,53,53,53,53,53,53,53,53,53,53,53,53,53,53,53,53,53,53,53,53,53,53,53,53,53,53,53,53,53,53,53
پستی 50
پسران 16
پشتی 20
پنبه 47,47
پنهان 49
پورتوریکو 50
پوشش 49
پوششی 47
پژوهش 52,52,52
پژوهشگران 51
پژوهشی 49
پیاز 9
پیدا 51,52
پیداست 20
پیرامون 16,19,19,19,20,20,20,4,47,47,47,48,48,48,49,49,49,50,50,50,51,51,51,51,52,52,52,53,53,53,9,9,9
پیراپزشکان 16
پیراپزشکی 53
پیری 16
پیشرفت 48
پیشرفته 19,53
پیشرو 52
پیشنهاد 49
پیشه 49
پیشگیری 16,53
پیشین 1,19,20,3,4,47,48,49,50,51,52,53,9
پیشینه 52
پیوستهای 20
پیوند 1,1,19,19,20,20,4,4,47,47,47,47,47,48,48,48,48,49,49,49,49,49,49,49,50,50,50,50,51,51,52,52,52,52,53,53,8,9,9,9
پیوندهای 18,19,20,47,48,49,50,51,52,53,9
پیچیده 53
چاقی 16
چالش 47,48
چاپخانه 49
چربی 9
چندانی 20,52
چندین 19
چهار 49
چهارساله 52
چهارم 9
چوبی 49
چگونه 16
چگونگی 19,20,4,47,48,49,50,51,52,53,9
ژانویه 49,49,49,49,49,49
ژانویهٔ 52
ژوئن 46,50
کابوس 52
کابینه 50
کادر 52
کاذب 13
کارانه 52
کارانهٔ 52,52
کاربری 1,19,19,20,20,47,47,48,48,49,49,50,50,51,51,52,52,53,53,9,9
کارخانگی 49,49,49
کارش 49
کارشناسی 52,52
کارهای 49,49,49,49,49,53
کارهایی 49,49
کارکنان 50
کارگر 49
کاری 49,49,49,52
کافی 16
کالبدشناسی 53,53
کالری 16
کالسدون 53
کامل 16,19
کانادا 52
کانادایی 52
کاهش 16,16,16,16,16,16,16,16,16,49,52,9
کبدی 9
کتاب 49,53,53
کتابحانه 50
کتابخانه 48
کتواسیدوز 9
کتون 9
کدام 16,16,16
کدهای 9,9
کردن 16,19,19,20,47,47,48,49,49,49,49,49,49,49,50,51,51,51,51,51,52,52,53,53,6,6,6,9,9
کردند 53
کرده 52
کرمانشاه 52,52
کروناویروس 52
کشاورز 49,49
کشاورزی 50,50,50,50,50
کشفیات 50
کشور 50,50,50,52,52,52,52,52,53,53
کشورهای 47,49,53
کشیده 47,48
کلاس 50
کلماتی 53
کلوور 13
کلیه 9
کم 52,52
کماکان 53
کمبود 16,52,52,52
کمتر 16,49,52
کمتری 16,9
کنار 53,53,53
کناری 19,20,47,48,49,50,51,52,53,9
کنترل 19,19,48,6
کنفرانس 52
کنند 16
کنید 49,49,52
کوتاهی 49
کودک 16,16,16,16,16,16,52,52
کودکان 16,16,16,16,16,49,49,49,51
کودکانی 51
کودکی 13
کولر 49
کولومبوس 53,53
کوچک 20
کوچکتر 47
کیفی 52,52
کیفیت 16,53
کینگ 50
گالن 53
گاهی 52,9,9,9,9
گذار 53
گذاشته 19,53
گذشته 52
گردد 49
گردش 20,20,49,53,53
گردگیری 51
گردید 52,52
گرفت 16
گرفته 20,53
گرما 51
گروه 16
گرچه 19,20,47,48,49,50,51,52,53,9
گزینندگان 50
گسترش 53
گفتار 16
گفتاوردهای 51
گفته 20,48,49,51,9
گفتهٔ 51
گلوکز 9
گوارش 9
گوارشی 16
گوشت 9
گوناگون 49
گوناگونی 49
گویند 4
گیدنز 49,49
یادکرد 19,20,4,47,47,48,48,49,50,51,52,53,53,9
یافت 49,53
یافته 16,16
یعنی 19,52
یونان 53,53
یونانی 53,53
یکبار 52
یکپارچه 47
