آئورت 20,20
آبان 53
آبدرمانی 2
آبزیان 56
آبگرم 56,56,56,56,56,56
آثار 55
آثاردیگری 55
آثارشاخص 55
آثاری 55
آزادی 54
آزمایش 53,53
آزمایشگاه 53
آزمایشگاهی 53
آزمایشی 53
آزمودن 53
آستین 54
آسیب 57
آسیبی 53
آشکار 53
آغاز 53,57,57
آلوپاتیک 53
آماده 53,53,55
آمار 16,16,53,53
آماردانان 53
آماری 13,53,53,53,53
آمدن 16,54
آمده 53
آمریکا 53,53,53,55
آموزش 53,53,53,53,53,53,53,53,53,53,53,53,53
آموزشی 16,53,53,53,53,53,53,53,53
آموزگار 53
آمیزش 57
آمیزشی 53,57
آناتومیک 53
آنالیز 53,53
آنالیزهای 53
آنتن 20,20
آنتی 9
آنجا 16,53,56,56
آنجایی 53
آنفلوآنزای 53
آنچه 20,53,53,56
آنکه 53
آوانگارد 55
آورتا 55
آوریل 20,53,53,53,56
آگاهی 53,53
آگوست 55,55
آیتم 10,13,54,55,56,57
ابتدا 53
ابتدایی 20,20
ابداع 16,53,57
ابراز 53
ابرانسان 53
ابریشمی 57
ابزارهای 53,53
اتاق 54
اتخاذ 53
اتمام 9
اثبات 56,56
اثرات 56
اجابت 54
اجباری 10,2,53,53,54,55,56,57
اجتماعی 53,53,53,6
اجرا 53
اجرای 53
اجزا 53
اجزاء 53,53
احاطه 20
احتمال 53
احداث 56
احدی 9
احمد 53
اختصاصاً 6
اختصاصی 53
اختلالاتی 16
اختلالهای_مرتبط_با_مصرف_مواد 5
اختیاری 10,2,53,54,55,56,57
اخلاق 13,53,53,53,53,53,53,53,53,53,53
اخلاقی 53
اخیر 10,10,54,54,55,55,56,56,57,57
اخیراً 53
ادامه 16,53
ادبیات 55
ادرار 53,54,54,54,6,6,6,6,6
ادراری 53,53,53
ادعا 56,56,56
ادموند 53
ادویه 9
ادیان 53
ارائه 53,53,53,53,53,53,53,53,53,53,53,53,53,53,56
اراده 53
ارتباط 16,20
ارتباطات 16,16,53,53,53
ارتباطی 53
ارتفاع 56
ارتقاء 53
ارتوپدی 53
ارجاع 3,53,53,53,53,53,53,53,53
ارجاعات 56,56,56
اردبیل 56
ارزان 1
ارزیابی 53,53
ارشد 53,53,53
اروپا 57
ارکان 53
ارگانهای 53
ازچند 20
اساس 16,16,53,53,53
اسانس 9
استان 56
استاندار 53
استاندارد 53,53,53,53,53,53,53,53,53,53,53,56,9
استخراج 56,56
استخرهای 56
استدلال 53
استفاده 13,16,16,20,20,53,53,53,53,53,53,53,53,53,53,53,53,53,53,54,54,54,54,54,54,54,54,54,55,55,56,56,56,56,56,56,57,57,57,57,57,57,57,9,9,9,9,9,9
استو 20
استون 55
استیا 20
اسفند 54
اسلام 53
اسپرم 57,57
اسپیراکل 20,20
اسکاپ 20
اسکیت 54
اسید 16
اشاره 53,56,57,57,57
اشباع 53
اشعه 20
اشکال 20,53
اصطلاح 16
اصطلاحاً 54
اصلاح 53,9
اصلی 10,2,20,20,3,53,53,53,53,53,53,53,53,54,55,56,57,9
اصول 53,53,54
اضطراب 9
اطراف 9
اطفال 53,53,53,53
اطلاعات 10,16,16,16,2,3,53,53,53,53,53,53,53,53,53,53,53,53,53,53,53,53,53,54,55,56,57
اطلاعاتی 53
اطلاق 53
اطمینان 53,57
اعتقاد 56
اعتماد 53,9
اعتمادسازی 53
اعتیاد 53
اعصاب 16,53,53,53
اعضاء 20,20,53
اعلام 57
اعمال 20
اغلب 54,56,57,9,9
افتخارات 53
افتراقی 53
افراد 53,53,53,53,53,54
افرادی 54
افراط 9,9
افزایش 16,9
افزودن 54,57
افسردگی 9
افقی 20
افکار 53
اقتصاد 56
اقتصادی 53
التهاب 9
الزامی 54
المبيضات 10
الکترونیکی 53,53,53,53
الگو 16,16,20,20,53,53,53,54,54,54,54,54,55,55,55
الگوریتمی 53
الگوی 53,53,53,53,53,53,53,53,53,53,53,53,53,53,53,53,53,53,53,53,53,53,54
امتحان 53,53
امروزه 53,53
امضای 55
املاح 20,56,56,56,56,56
امور 53,53,53,56
امکان 10,2,53,53,54,55,56,57
امکانات 53
امید 53
امیل 53
انتخاب 53,53,53,53
انتشارات 56
انتظار 53,55,55
انتقادات 53,53
انتقال 53,53,57,57
انتن 20
انتهای 9
انجام 10,16,2,20,53,53,53,54,54,55,56,57,6
انجامد 53
اندازهً 16
اندازی 56
اندام 20,20,57
اندوجنوز 16
اندود 57
اندیشه 56
انرژی 16,53,53
انسان 14,16,16,16,20,53
انسانی 53,53,53
انقباضات 20
انقلاب 53,53
انقلابی 53
انواع 16
انگل 53
انگلستان 56
انگلیسی 53,54
اهدا 53,53
اهمیت 53,56,56
اواخر 53
اوایل 53
اورولوژی 53
اورینتیشن 53
اوسلری 53
اولاً 53
اولین 16,53,53,53,53,9
اولیه 53,53,53,53,53,53,53,53,53,53
اوماتید 20,20
اوماتیدی 20,20,20,20
اپتیک 16,16,53
اپیدمیولوژی 53
اپیدمیولوژیک 53
اکبر 53
اکتبر 53
اکتشافات 53
اکثر 20,53,56
اکثریت 53
اکسیده 16
اگزوجنوز 16
اگلینگ 55
ایالات 53,53,54
ایتالیایی 57
ایجاد 13,13,53,53,53,53,54,9
ایده 9
ایراداتی 6
ایران 53,53,53,53,53,53,53,53,53,53,53,56,56,56,56,56,56,56
ایستاده 6
ایسو 55
ایفا 16
ایمن 53
ایمنی 53
اینجا 53,56
اینکه 16,53,9,9
ایگناسی 55,55
باتجربه 53
باتلر 55
بارتولو 53
بارداری 57,57
بارزی 53
باره 56
باروری 53,53,53,53,53
باریکتر 54
بازبینی 53,53
بازرگانی 16,53
بازی 56
بازیابی 53
باشد 53,53,53,53,53,54
باشند 53,53,53,54
باعث 13,57,9
بافت 16,53
بافتهای 20
بافتی 16
باقی 57,9
بالا 53,53,56,57,9,9
بالاتر 54,56,56,56
بالانچین 55
بالای 56
بالایی 53
بالغ 16
بالپوشان 20,20
بالینی 53,53,53,53,53,53,53,53,53,53,53,53,53,53,53
باکتری 9,9,9,9,9
باید 16,16,16,53,54,54,54,54,9,9,9,9,9
بحثهایی 53
بحثی 53
بخشهای 53,53,53,53
بخشی 53
بخواهد 53
بدبویی 9
بدتر 54
بدنبال 16
بدنسازی 56
بدون 53,53,53,53,53,54,54,56,56,57,9,9,9
برآمدگی 53
برابر 53
براون 53
برای 10,13,13,16,16,16,4,53,53,53,53,53,53,53,53,53,53,53,53,53,53,53,53,53,53,53,53,53,53,53,53,53,53,53,53,53,54,54,54,54,54,54,54,54,55,55,55,56,56,56,56,56,56,57,57,57,57,6,6,9,9,9,9,9,9,9,9
برتری 53,53
برخورد 53,56
برخوردار 53,56
برخی 16,20,20,53,53,54,54,56,57
بردن 57,9
برده 53,53
بررسی 53,53,53,53,53,53,53,53
برطرف 9
برعکس 53,57
برفک_دهان 10
برقرار 53,53
برمودایی 54
برنارد 16,55,55
برنامه 53
بروز 16,16,53
بروزشان 53
برگزار 53,53
بزاق 9,9
بزاقی 9
بزرگ 53,53,53,53,53,53,56
بزرگتری 53
بسازید 10,2,54,55,56,57
بستر 53
بستری 53,53
بستن 54
بسته 53,53,56
بستگی 20
بسزایی 9
بسیار 20,20,56,57,57,9
بسیاری 1,16,53,53,53,53,53,53
بصری 16,53
بعدی 53,53,53,53
بعضی 20,20,53,53,56,56
بقیه 20,20,20
بلایا 53
بلوری 20
بلکه 53
بنابراین 20,20,20,53,54,9
بندرعباس 56
بندهای 20,20,20,20,20
بندی 20,53
بنوشید 9
به 53,53,53
بهبود 53,53
بهتر 54,9,9
بهداشت 16,53,53,53,53,53,53,53,53,53,53,53,53,53,53,53,53,53,57,9,9,9,9,9,9
بهداشتی 16,20,20,53,53,53,53,53,53,53,53,53,53,53,53
بهره 55
بودن 53,53,53,54,56,56,9,9
بودند 57,57
بوده 20,20,53
بوفه 56
بوهای 9
بویایی 20,53
بگذرانند 53
بگیرد 54
بیان 53,53
بیستم 53,53,53,55
بیشتر 10,13,13,4,53,53,53,53,53,53,53,53,53,53,53,53,54,54,55,55,56,56,56,56,56,57,6,9,9
بیشتری 53
بیضی 20
بیفیدوباکتریوم 9
بیمار 53,53,53,53,53,53,53,53,53,53,53,53,53,53,53,53,53,53,53,53,54
بیماران 53,53,53,53,53,53,53,53,53,53,53,53
بیمارستانهای 53
بیمارستانی 53,53,53,53,53,53,53
بیماری 13,16,20,20,20,53,53,53,53,53,53,53,53,53,53,57,9,9,9
بیمه 53
بینائی 20,20,20,20,20,20,20,20,20
بینایی 20,53,53
بینی 53,53
بینیم 20
بیوشیمی 53
بیولوژیکی 53
تأثیر 13,16,53,53,53,53,54,9
تأثیرات 56
تأثیرات_تنباکو_بر_سلامت_انسان 14
تأثیراتی 53
تأسیسات 16,16,53,56
تألیف 56
تأمین 53
تأهل 53
تأکید 53
تئودور 55
تئوری 53
تابستان 53,53
تارتاریک 16
تاریخ 53,53,53,56
تاریخچه 57
تاریخی 53
تاریک 20
تازه 9,9
تامیریس 55
تامین 16
تاگمای 20
تبدیل 56
تبیین 53
تجاری 13,4,53,53,54,55,56,56,9
تجدید 16
تجربه 53
تجربی 56
تجمع 9
تجمیع 53,53
تجهیزات 53
تجویز 53,53
تحرکت 54
تحریک 9
تحصیل 53,53,53
تحصیلی 16,53,53
تحقیقات 16,53,53
تحقیقاتی 53,53,53,53
تحول 16,53,53,53,53,57
تخصص 53,53,53,53,53,53,53,53,53
تخصصی 53,53,53,53,53,53,53,53,9
تخمیری 9
تدریج 56
تدریس 53,53,53
تدوین 53
ترافیک 16,53
تربیت 53,53
ترتیب 53,53,53,53
ترشحات 6
ترشی 9
ترکیب 16,56
ترکیبی 53
تسبیحی 20
تسهیل 53
تشخیص 20,20,20,53,53,53,53,53,53,53,53,53,53,53,53,53,53,53
تشخیصی 53,53,53
تشدید 16,16
تشریحی 53
تشویق 53,53
تشکیل 20,20,20,20,20,20,20,20,20,20
تصادفی 10,54,55,56,57
تصاویر 10,20,54,55,56,57,57
تصویر 20,20,20,20,20,20,53,53
تصویربرداری 53,53,53
تضمینی 53
تعادل 20
تعاریف 56
تعالی 53
تعاملات 53
تعجب 6
تعداد 20,20,20,20,20,9
تعدیل 54
تعریف 53,53
تعزیرات 53,53
تعمیرات 16,53,53
تعویض 54,54
تعیین 53,53,53,53
تغذیه 16,16,16,16,16,16,16,16,20,53,53
تغییر 20,53,53
تغییرات 10,53,54,55,56,57
تغییرمسیر 56
تفاوت 53,54,54
تفریحات 53
تقسم 53
تقسیم 20,53
تقصیری 53
تلفات 53
تلفن 13,4,53,54,55,56,9
تلفیقی 53
تلقی 53
تماس 54,57
تمام 53,53
تمامی 53,53,53,53,53
تمدن 57
تمیز 16,54
تناسب 54
تناسلی 16,20,53,57,57,57
تنباکو 14,14
تنظیم 53,53
تنفس 53
تنفسی 53
تنها 53,53,53
تنوع 56
تهیه 53
توازن 13
توالت 54
توان 53,53
توانمندی 16,16
توجه 16,53,53,53,53,6,9,9
توجهی 53,53
توده 53
توراکس 53
تورج 56
تورم 54
توسط 20,20,53,53,53,53,53,53,53,53,53,53,53,54,56,56,56,57
توسعه 16,16,53,53
توصیه 57
توضیح 53,53
تولد 53,53
تولید 16,16,16,54,56,56,57,9
تولیدمثل 53,53
تولیدکننده 54
تومازو 55,55
تکثیر 20
تکرار 53,9
تکمیل 53
تکنیک 53
تیمی 53
ثالثیه 53,53
ثانویه 53,53,53
ثانیاً 53
ثروتمند 53
ثروتمندان 53
جادویی 9
جامع 53
جامعه 53,53,6
جامعی 53
جانبی 20
جایزه 53,53,53,53,53
جایگاه 53
جایگزین 53
جایگزینی 53
جداگانه 53
جدید 53,53
جدیدی 53,57,57
جرائم 53
جراح 53,53
جراحی 53,53,53,53,53,53,53,54
جرمشناختی 53
جزئیات 13,4,53,54,55,56,9
جزایی 53
جزیره 55
جستارهای 16,4,53,54,55
جستجوی 53,53,55,55,55
جسمانی 16
جسمی 16,16
جشنواره 53,53
جعبه 53
جعفر 53
جعفری 9
جلوئی 20
جلوگیری 54,57,57
جلوی 20,54
جمعیت 16,53,53
جمله 20
جنسی 53,53,57,57,57,57
جنوبی 56
جنینی 53
جهان 1,16,16,53,53,53,53,54
جهانی 53,53,53,53,53,53,53,53,53
جوامع 53,53
جولیو 55
جوید 9
جویدن 9
جکوزی 56
حاره 53
حاصل 20,20,20
حالت 20,20,20
حالیکه 53
حامل 53
حاوی 53,53,9,9
حداقل 53,56,56,9
حداکثر 53
حدود 16,16,16,16
حدودی 20
حرارت 53,56
حرفه 53,53,53
حرکات 54
حرکت 16,53
حرکتی 53
حساب 10,10,10,2,2,2,54,54,54,55,55,55,56,56,56,57,57,57
حساسیت 53
حشرات 20,20,20,20,20,20,20,20,20,20,20,20,20
حشراتی 20
حشره 20
حضور 53
حفاظ 57
حقایق 53,53
حقوقی 53,53
حقیقی 20,20
حلالیت 56
حمایت 53
حمید 53
حنجره 9
حواس 53
حوزة 53
حوزه 53,53,53
حوله 54
حکومتی 53
حیات 16,16,53,53,53
حیاتی 53
حیوانات 57
حیوانی 16
خارج 20,53,56,6,9,9
خارجی 53
خاصی 53,53,53,53,53
خاصیت 9
خاطر 53,54,54,56
خالی 53,53
خانه 53
خانواده 53,53
خانگی 16,20,53,53,53,54
خاکستری 20
خبرگزاری 9,9
خدشه 54
خدمات 20,20,53,53,53,53,53,53,53,53,53,53,53,53,53,53,53,53,53,53,53,53,53,53,53,53,53,53,53,53,53,53,57
خدمت 53
خراسان 56
خرافات 56
خشکی 16,9,9,9
خصوص 10,13,53,53,54,55,56,56,57
خصوصاً 53
خصوصی 53,53
خصوصیات 53
خطاهای 53,53,53,53
خطاهایی 53
خطای 53
خطرات 53
خلاصه 53
خلاف 20,56
خمیر 56
خواب 53,9
خواص 56,9
خواهر 53
خوبی 13
خودداری 6
خودمختاری 53,53
خوراک 16,16,53,53
خوراکی 9
خوردن 16
خورگو 56
خوشان 53
خوشبو 9
خونی 53
خیابان 6
خیریه 53
خیسانده 57
خیلی 54
دائرةالمعارف 53,53
دائم 9
داخل 56
داخلی 53,53,53,53
دادن 53,54
داده 10,13,54,55,56,57
دارا 56,9
داران 53
دارانی 53
دارای 10,13,13,13,2,20,20,20,20,4,4,53,53,53,53,53,53,53,53,53,54,55,55,55,55,56,56,56,57,57,9,9
دارد 10,20,20,20,53,53,53,53,53,53,53,53,53,53,53,53,53,53,53,53,53,54,54,54,54,55,56,56,57
داردو 20
داردواز 20
داردودارای 20
داردکه 20
دارند 20,20,20,53,53,53,53,54,54,57,9,9
دارو 53,53,9
داروسازی 53,53
داروشناسی 53
داروهای 53,53,53,53,9
داروهایی 53
دارویی 53,53,53,53,57,57
داشت 16
داشتن 56
داشتند 57
داشته 20,53,53
دامن 54
دامنه 56
دامی 56,56
دانش 16,53,53
دانشجویان 53,53
دانشجویی 56
دانشمندان 16,53,53,56
دانشنامهٔ 10,13,14,2,3,5,54,54,55,55,56,56,57,57
دانشکده 53
دانشگاه 53
دخانیات 9
درآمد 53
درآمدی 53
دراستان 56
دربارهٔ 10,13,16,20,53,53,54,54,54,54,55,55,55,56,56,57,57
درجه 53,56,56,56,56
درخت 9
درخشان 53,53
درخواست 53,53
دردناک 54
درست 53
درصد 16,16,16,56
درصدی 16
درمان 53,53,53,53,53,53,53,53,53,53,53,53,53,53,53,53,53,53,53,53,53,53,53,56,9,9,9,9,9
درمانهای 53
درمانگاه 53
درمانی 20,20,53,53,53,53,53,53,53,53,53,53,53,53,53,53,53,53,53,53,53,53,53,53,53,53,56,56,56,56,56,57
درهم 56
دروس 53
درون 53
درگیر 53,53,53
دریافت 53,53,53
دسامبر 53,54,55,56
دسترس 13,4,53,53,53,53,53,54,55,56,9,9
دسترسی 1,53,53,53,53,53,53,53,53,54,57
دستشویی 6
دسته 53
دستگاه 16,20,20,20,20,53,53,53,53,53,57,9,9
دستیاری 53,53,53,53,53,53,53,53,53
دعوت 10,2,54,55,56,57
دفتر 53
دقیق 53
دقیقاً 20
دقیقه 53
دلار 16
دلایل 16
دلیل 16,20,53,56,56,56,56
دمای 56,56,56,56,56,56
دمایی 56,56
دنبال 53,53,53,53,53,53,53,9
دندان 9,9,9,9
دندانپزشکی 53,9
دنیا 16,53,53,53,56
دنیای 56
دهان 10,20,53,53,9,9,9,9,9,9,9,9,9,9,9,9,9,9,9,9,9,9,9,9,9,9,9,9,9,9,9,9,9,9,9
دهانشویه 9
دهانی 20,9
دهدولی 20
دهند 20
دهنده 53
دهندگان 53
دهنه 56,56
دوتکه 54
دوران 53,53,53,53
دورل 55,55
دوره 53,53,53,53,53,53,53,53,53,53,57
دوشان 55,55
دولت 53
دولتی 53,53
دومنیکو 53
دِلا 53
دچار 16,16,53,54
دکتر 55,9
دکترای 53
دکتری 53,53,53
دگردیسی 20
دیجیتالی 53,53,53,53,53,53,53,56,9
دیده 16,20,20
دیدگاه 53
دیگر 10,10,13,16,16,20,20,53,53,53,53,53,53,53,53,53,53,53,53,53,54,54,54,55,55,56,56,56,57,57,9
دیگری 16,53,53
ذخیره 20,53,53
ذهنی 16,54
رؤیا 53
رابدوم 20,20
رابطه 53,53
راتمن 55
راحت 1
رادیولوژی 53
رازی 53,53,53
راهبردی 53
راهبری 53
راهنمای 54
راهکارهای 9
رتبه 56
رساندن 20
رستوران 56
رسیدن 53,53,53,53,53
رسیده 56
رسیدگی 53,53
رشته 53,53,53
رضایت 53
رعایت 53,54,9,9,9,9
رفتار 53
رفتاری 16
رفتن 54,9
رنگی 20
رنگین 20,20
رهبری 53,53
روابط 53,53,57
روان 53
روانشناسی 53
روانپزشکی 53
روانی 13,13,53,53
روبرو 53
روده 57,9
روزافزون 53
روزانه 9
روزنامه 53,56,9
روزه 53
روزپرواز 20
روستای 56,56
روستایی 53,56
روغن 54,57
روماتولوژی 53
رونالد 53
روند 16,53,53,53,53,53,53
رویدادهای 10,2,3,54,55,56,57
رویه 53
رویکرد 53
رویکردهای 53
رژیم 16,9
ریسک 53
ریموند 55
زانویی 20
زاید 20
زایمان 53,53
زبان 13,13,2,4,53,55,55,55,57,9,9,9,9,9,9
زبانی 9
زراعی 56
زردی 53
زمان 53,54,55,57,9
زمانی 53,53,54,9
زمین 20,56,56,56,56
زمینه 53,53,53,53,53,53
زمینی 56,56,56
زنان 53,53,53,6
زنانه 54,54,56,57
زنبور 20,20
زنجیره 16
زنده 9
زندگی 20
زهرا 53,53
زودهنگام 53
زکریای 53
زیاد 53,53,54,9,9
زیادی 16,53,53,53,53,54,9
زیان 16
زیرگروه 53
زیست 16
زیستی 53,53,53
سابقه 53,53,53
ساخاروف 55
ساخت 10,2,54,55,56,57,57,57
ساختار 53,56
ساختارهای 53
ساختمان 16,20,53
ساخته 6
ساده 20,20,20,20,20,20,20,20,20,53
سادگی 57
سازمان 13,4,4,53,53,53,53,53,53,53,53,53,54,55,56,57,9
سازنده 16
سازوکارهای 53
ساعت 13,20,4,53,54,55,56,9
سالانه 16
سالانهٔ 16,16
سالمندانی 54
ساله 53,53,54,56
سامانه 10,10,10,2,2,2,54,54,54,55,55,55,56,56,56,57,57,57
سانتا 53
سایت 9
سایر 20,53,53,53,53,53,53,53,56,57
سایرین 56
ساینده 20
سببِ 54
سبزیجات 9
سراسری 53
سرطان 53,53
سرعین 56
سرنر 55
سروکار 53,53,53
سرپایی 53
سرپوشیده 56
سرچشمه 16
سریع 54
سعید 53
سفلیس 57
سلامت 14,14,4,53,53,53,53,53,53,53,53,53,53,53,9
سلامتی 14,4,53,53,53,53,53,9
سلول 16,20,20,20
سنبله 9,9
سنتز 16
سندرم 54
سنوات 53
سنین 54
سوءتغذیه 16,16,16,16,16,16
سوارکاران 54
سوالات 53
سوخت 16,16,16
سوختگی 53,54,54,54
سوسک 20
سولفونامید 53
سومین 53
سونا 56
سپتامبر 56
سیار 53
سیاست 53
سیاسی 53
سیاه 54,54
سیتریک 16
سیرتی 53
سیرچ 56,56
سیستم 20,20,53,53,53,53,53,53,53,53
سیستماتیک 53
سیلین 53
سیما 16,53
سینه 20,20,20,20
شاخه 53
شاعران 55,55
شامل 20,53,53,53,53,53,53,53,53,53,53,53,53,53,53,53,53,53,53,56,56,6,9
شانزدهم 57
شاهد 53,56
شاپور 53
شایع 53,56
شبکه 53,53
شبکیه 20,20
شبیه 20,54
شخصی 57,6
شخصیت 55,55
شدید 54
شدیداً 16
شرایط 54
شروع 20,53,53,53,54
شرکت 54
شریک 57,57
شستشو 54
شستشوی 9
شستن 54,9
شفاف 20,20
شفافیت 53,53
شفافیتی 53
شلوغی 53
شماره 55
شناخت 53,53
شناخته 13,53,53,53,53,53,53,55
شناسایی 53
شناسی 16,53,53,53,53
شنوایی 20,53
شهرستان 56
شواهدی 53
شورای 53,9
شوند 16,53,53,9
شوید 10,10,2,2,54,54,55,55,56,56,57,57,9
شویه 9
شکایت 53,53
شکسته 16
شکلی 53
شکمی 20
شیشه 54
شیمی 16,16
شیمیایی 16,56,57
شیوع 16,53,53
شیوه 53,53
صادق 53
صحیح 56
صدور 53,53,53
صغیر 53,53
صفجه 13,54,55,56,57
صفحه 10,10,10,13,13,13,13,20,20,4,53,54,54,54,54,54,54,55,55,55,55,55,55,56,56,56,56,56,56,57,57,57,57,9
صفحهٔ 10,10,13,2,3,54,54,54,55,55,55,56,56,56,57,57,57
صفراوی 16
صلاحیت 53,53,53,53
صنایع 53,56
صنعتی 16,16,53,53,53
صورت 10,2,20,20,5,53,53,53,53,53,53,53,53,53,53,53,53,53,53,53,53,53,54,55,56,56,57,6,9
صورتی 16
ضخیم 57
ضروری 16,53,57
ضعیف 54
ضعیفتری 53
ضمائم 20
طبابت 53,53,53
طبیعی 56,56,9
طراحی 53
طرفی 16,53
طرفین 20,20,20
طریق 20,20,20,53,53
طلایه 53
طوری 54
طویل 20
ظاهری 53
ظهور 56
عارضه 53
عامل 16
عامیانه 56
عبارت 10,2,5,54,55,56,57
عبارتند 16,53,53
عبارتی 53
عدالت 53,53
عدددر 20
عدسیه 20,20,20
عرضه 55
عروق 53,53
عصبی 20
عظیمی 53,56
عفونی 20,20,20,20,53,53
عقیده 53
علائم 9
علامتی 13,4,53,54,55,56,9
علاوه 16,56,9
علایم 53,53,53
علمی 53
علوم 16,16,20,53,53,53,53,53,53,53,53,53,53,53,53,53,53,53
علیه 53
عمده 57
عملکرد 53,53,53,53,53,53
عملکردشان 53
عمودی 20
عمومی 53,53,53,53,53,53,53,53,6,6,9
عنبیه 20
عنوان 20,20,53,53,53,53,53,53,53,53,53,53,53,53,53,53,53,57,9
عهده 53,53
عوارض 53
عوامل 9
عواملی 16
عورت 6
غذاهای 9,9
غذایی 16,16,16,16,16,20,56,9,9,9,9,9
غربالگری 53,53
غربی 53
غقده 20
غلافی 20
غواصان 54
غیرانتفاعی 13,4,53,54,55,56,9
غیرمستقیم 16
غیرمعمول 53,53
غیره 53
فاصله 20,53
فاقد 20,53
فامیل 53
فاکتورهای 53
فایده 53
فایل 53
فرآیندی 53
فراتر 53
فرانسیس 53
فراهم 53
فراوانی 56
فراگیر 53
فراگیرند 53
فرایند 57,57
فرایندی 53
فرضیه 53
فرعی 16
فروردین 53
فرکانس 16,53
فریبا 53
فشارخون 9
فضای 56,9
فضایی 57
فعال 53
فعالیت 53
فعالیتهای 16
فعالیتی 20
فعلاً 56
فقرا 53
فلزات 56
فلزی 9
فلمینگ 53
فلوشیپی 53
فناوری 16,16,16,53,53,53,53,53,53,53,53,53,53
فهرست 53,53,53
فهرستی 53
فوریه 56,56
فوکین 55
فیبر 9
فیزیوتراپیست 53
فیزیولوژی 16,53,53,53,53
فیزیوپاتولوژی 53
فیزیک 53
فیزیکی 53,53,53,57
فیشر 53
فیلد 53
فیلسوف 53
قابل 10,13,53,53,53,53,53,53,54,54,54,55,56,57,57
قابلیت 54,57
قادر 54,54
قارچی 10
قاشق 9,9
قاعده 20
قانقاریای 53
قانون 53,53,53
قانونی 53,53,53,53,53,53,53
قایل 53
قبلاً 53,53
قبلی 53
قبول 53
قبولی 53
قبیله 53
قدرت 16,16,16
قدیم 53,53
قرار 20,20,20,20,20,20,20,20,20,20,20,20,20,53,53,53,53,53,53,54,56
قراردادی 53
قرارگرفته 20
قربانی 55,55,55
قرمز 20,20,54
قرنیه 20
قرون 54
قزوین 56
قسمت 20,20,20,20,20,54,54,54
قسمتی 20
قصور 53,53,53,53
قضاوت 53,53,53
قضایی 53
قطعاتی 20
قطعی 53
قفسه 53
قنداق 54,54,54
قوانین 53,53,53
لاتکس 57
لارو 20,20
لاریجان 56
لازم 16,16,53,53,53,53,53,53,54
لازمه 53
لاستیک 57
لاستیکی 57,57
لاغری 16
لامسه 53
لاکتوباسیلوس 9
لاکتیک 16
لایه 20,57
لباس 54
لحاظ 20
لزوم 53
لطفاً 3,54
لمسی 20
لوئیجی 55,55
لوازم 53,54,57
لوبیائی 20
لودویگ 55
لوزه 9
لوید 55
مؤثر 20,4,53,53,53,9
مؤثرند 53
ماتیاس 55
مادر 53
ماده 16
مادهٔ 16
مادوکس 55
مارس 53,56
مارسل 55,55,55
ماریا 53,55
ماست 9
ماشین 54
مالاریا 53
مالپیگی 20
مالی 53,53
ماندن 9
مانده 57
مانع 57
مانند 53,56,57,9
ماهیت 53
ماژور 53,53
مایع 57
مبارزه 20
مبتلا 13,13
مبتنی 53
مبحثی 53
مبنا 53,53
مبنای 53,53,53
متابولیسم 53
متحد 53
متحده 53,53,54
متحرک 56
متحول 53
متخصص 53,53,53,53,53,53,53
متخصصان 53,53
متخصصین 53,53,53,53,53,53,53,53
متداول 57
متری 56
متشکل 20,20
متصل 10,13,20,20,54,55,56,57
متعدد 56
متعددی 53
متعلق 13,4,53,54,55,56,9
متغیر 53,6
متفاوت 20,20,20,20,20,20,53,56,9
متمرکز 53,53
متناسب 20
متنوعی 56
متوجه 53
مثال 53,53,53,54
مجاری 53,53,53,53,53
مجاز 53
مجازی 16,20,53,55
مجتمع 56,56
مجزا 20,20,20,53
مجلاتی 53
مجموعه 20,53,56
مجهز 53,56
محتوای 13,54,54,55,56,57
محتوایی 54
محتویات 13,54,55,56,57
محدود 54
محدودتری 53
محرمانه 53
محروم 53
محسوب 53,53,55
محسوسی 13
محصول 16
محصولات 16,56
محلول 9
محلولی 57
محلی 53,53,54,54,56,56,57
محمد 53,53,53
محمود 53
محور 20,20,53
محیط 16,20,53,53,54,54,56,56,56,9
مخاطره 16
مختلف 20,20,20,20,53,53,56,56,56,56
مختلفی 56
مخرج 20
مخروط 20
مخزن 10,13,54,55,56,57
مخصوص 20,53,53
مخفی 9
مخمرهایی 9
مداخلات 53,53
مداخله 53,53
مدارس 53
مداوم 56
مدتی 54
مدرن 53,53,53,53
مدرک 53,53
مدفوع 54,6
مدیریت 53
مذاب 56
مذهبی 53
مراجع 53
مراجعه 56,57,9
مراحل 53
مراقبت 53,54
مراقبتی 53
مراکز 53,53,53,53,53
مربع 56
مربوط 16,20,53,53,53,53,53,57
مرتبا 16
مرتبط 5
مرحله 53,53,53,53,53,53
مردان 57,57,6
مردانه 56,57,57
مردم 53,53,56
مرسوم 20
مرکب 20,20,20,20,20,20
مرکز 53,57
مرکزی 20
مرکزیت 53
مریض 53
مریم 56
مزاج 54
مزایای 57
مساعد 9
مسافرانی 56
مستقل 16,20
مستقیم 16,20,53,53,57
مستند 13,53,55,55,9
مستندسازی 53
مسواک 9,9,9
مسوولانه 53
مسوولیت 53
مسیح 56,57
مسیر 53
مشابه 53,53,54,54,56,56,57
مشارکت 53,53
مشارکتی 53
مشاهده 16,20,20,20,53,53,53,53,53,53,53,54,54,55,55,56,57
مشاوره 53,53
مشترک 20,53
مشخص 16,20,53,53,53,53
مشخصی 53
مشغول 53
مشکل 16,53,53,57,57
مشکلات 16,53,53,53,53,53
مصاحبه 53,53,53
مصرف 16,5,5,53,53,9,9,9,9,9
مطالب 56
مطالبی 56
مطالعات 56
مطبوع 9
مطرح 53,53,53,53
مطلوب 53
مظاهر 6
معابر 56
معاصر 53
معاونت 53
معاینه 53,53,53,53,53,53,53,53,53,53
معتبر 56,56,56
معتقد 16
معدنی 16,56,56,56,56,56,56,56,56
معرض 53
معروف 53
معطر 9
معمول 54,9
معمولاً 20,53,53,53,53,53,53,53,53,53,53,6
معکوس 20
معیار 53
معیارهایی 53
معینی 20
معیوب 16
مغذی 16
مفصل 53
مفید 16,9,9,9
مقابله 53
مقادیر 53
مقاصد 56
مقاطع 53
مقالات 54,54
مقاله 54
مقام 56
مقایسه 53
مقدار 53,9
مقدم 53
مقررات 53
مقعد 57
ملایمت 9
ممنوع 53
ممکن 20,20,20,53,53,53,53,53,53,53,53,53,53,53,53,9,9
منابع 13,16,16,16,16,3,53,53,53,53,53,56,56,56
منازل 56
مناسب 53,53,54
مناطق 53,53,53
منافذی 20
مناقشه 53
منبع 53
منجر 53,53,53,53,53
منشأ 53,9
منشعب 53
منطقه 56
منظم 9
منظور 53,9
منفعت 53
مهدیزاده 56
مهمی 53
مهندسی 16,16,53,53,53
مواجه 53
مواد 16,16,16,16,16,16,20,20,20,5,53,56,56,56,56,56,57,9,9,9,9
موارد 53,53,53,56
موجب 16,16,16,16,16,16,53,54,9
موجود 16,53,53,54,54,56,56,56,56,9,9
مورد 16,16,20,20,20,20,53,53,53,53,53,53,53,53,53,53,53,53,54,54,54,54,55,9
مورگان 55
موزیکال 54
موسسات 53,53,53
موضع 53
موضعی 9
موضوع 56
موضوعات 53,53
موضوعاتی 53
موضوعی 13
موقت 9,9
موقع 54
موقعیت 53
مولکولهای 16
مولکولی 53,53
مویی 20
مکان 6
مکانی 56
مکانیکی 53
مکتب 53,53
مکیدن 9
میان 53,53,53,53,53
میانی 20
میتوانند 9
میرزا 16
میزان 16,53,53,53
میشوند 16
میلاد 56,57
میلادی 53,57
میلینگنون 55
میلیون 16,16,16,53
مینور 53,53
میکرو 16,53,57
میکروب 16,53
ناتوانی 13
ناحیه 20,20,53,9
ناخواسته 53,57
نادرست 16
ناراحتی 13
نازک 54
نازکی 54
ناشایع 53
ناشناخته 53,53
ناشی 53,53,54,54,54,6,9
ناقص 20
ناقل 20
نامناسب 16,54
ناموجود 53,53
نامیده 20,20,53
نانو 16,53,53
ناهید 53
ناکافی 16
ناگهانی 54
نایاب 56
نباید 54
نبود 16,53,53
نبودن 53
نبوده 20,20
نتیجه 53,53,53,53,56,57
نخاع 53
نخست 56
ندارد 20
ندارند 16,54
نداشت 53
نداشته 54
نروی 55
نزدیک 53,53
نسخه 10,13,53,54,55,56,57
نشانی 10,10,2,53,53,54,54,55,55,56,56,57
نشده 53,53,54
نشود 16,20,53,54,54
نظارت 53,53
نظام 53,53,53,53
نظامی 16,16,53
نظرات 53
نظری 53,53,53
نظیر 54
نفیس 53,53
نقاط 1,20,20
نقشه 53,53
نقشی 20
نقطه 55
نمازخانه 56
نمایان 6
نمایش 55
نمدی 54
نمود 16
نمودهای 16
نمونه 53,53,53,53,54
نمیشود 16
نهائی 20,20
نهایت 53,53,53,53
نوآوری 16,16,53
نوار 10,14,2,5,54,55,56,57
نوامبر 54,9,9
نوبل 53,53,53,53
نوجوانی 53
نوزاد 16,54,54,54,54,54,54,54
نوزادان 16,53,53,54
نوزدهم 13,53
نوشت 57
نوشتار 3
نوشته 54,56
نوشیدن 9,9
نوظهور 20,20
نوعی 16,16,53,57
نوگرا 55
نویسندگان 53,53,56
نکردن 53,54
نگهداری 53
نیاز 16,16,53,53,53,53,53,53,53,53,53,53,53,53,53,54,54,54,54,57
نیازمند 16,56,56,56
نیازهای 53
نیازی 54
نیتروژن 16
نیروی 53,53
نیست 10,16,2,53,53,53,54,55,56,57
نیستند 20,54,54
نیلو 56
نیمکره 53
نیویورک 55
نیکان 16
نیکلاس 55
هاسنکلور 55
هدایت 53
هدفمند 53
هرچند 10,2,54,55,56,57,9
هرکدام 20,53
هزار 57
هزاران 20,56
هزینه 57
هستند 20,20,20,20,20,53,53,56,9,9
هشتم 53
همان 53,53
هماهنگ 53,53
همراه 13,16,53,53,53,55,55,55,57,9
همراهان 53
همزمان 53
همسان 53
همهٔ 10,10,16,53,54,54,54,55,55,56,56,57,57
همچنان 53,55
همچنین 53,53,53,53,53
همچون 53,53,53,53,53,53,53,53,53,6
همگانی 53,53
همیشه 53
همین 10,2,20,20,53,53,54,55,56,57,9
هنجاری 53
هنرمند 55
هنرمندان 55
هنری 55,55
هنوز 53,53,57
هنگامی 57
هوانوردی 53
هوای 56,56
هوشیارانه 53
هیستامین 9
وآلرژی 53
وابسته 53,53
واحد 20,20,53
واحدهای 56
وارد 10,10,10,2,2,2,53,53,53,53,53,53,53,53,53,53,53,53,54,54,54,55,55,55,56,56,56,57,57,57,57,6
واردمی 20
وارسی 53
واسطه 56
واقع 53,56,56
واژن 57
واژگان 13,13,2,4,4,53,55,55,57
واکسیناسیون 53
واکنش 56
وجود 13,13,13,16,16,16,16,16,16,16,16,16,16,16,16,16,16,16,16,16,16,16,16,16,16,16,16,16,16,16,16,16,20,20,20,20,20,20,20,20,20,20,20,20,53,53,53,53,53,53,53,53,53,53,53,53,53,53,53,53,53,53,53,53,53,53,53,53,53,53,53,53,53,53,53,53,53,53,53,53,53,53,53,53,53,53,53,53,53,53,53,53,53,53,53,53,53,53,53,53,53,53,53,53,53,53,53,53,53,53,53,53,53,53,53,54,54,54,54,54,54,54,54,54,54,54,54,54,54,54,54,54,54,54,54,54,54,54,54,54,54,54,54,54,54,54,54,54,54,54,54,54,54,54,54,54,54,54,54,54,54,55,55,55,55,55,55,55,55,55,55,55,55,55,55,55,55,55,55,55,55,55,55,55,55,56
وخیم 53
وخیمی 53
ودارای 20
وراثتی 4
ورتون 56
ورزشی 54,56
ورود 53,57
وزارت 53,53,53,53,53
وزارتخانه 53,53
وسایل 55
وسرطان 53
وسطای 54,54
وسعت 56
وسیله 20,54,57
وشبکیه 20,20
وشدت 20
وضعیت 53,53,53,53,6
وضوح 53
وظایف 53,53
وعده 9
وعضو 20,20
وقایع 53
وقتی 53
ولرم 54
ومجاری 53
ویتامین 16,16
ویتکویچ 55
ویدمن 55
ویرایش 13,16,20,20,4,53,53,53,54,54,54,55,55,55,56,9
ویزیت 53,53,53,53,53
ویلهلم 55,55
ویژه 10,13,53,53,53,53,54,55,56,57,9,9
ویکی 10,54,55,56,57
پاتولوژی 53
پارامتر 53,53,53
پاره 57
پارچه 54,54,54
پارک 56
پارکینگ 56
پایان 20,53
پایدار 10,13,16,54,55,56,57
پایه 13,16,16,16,53,53,53,53,53,57
پایگاه 9
پایین 53,55
پدیکال 20
پذیرش 16,53,53,6
پرافتخار 53
پرتقال 9
پرتودرمانی 53
پرداخت 53,53
پرده 53
پرستاری 53
پرسنل 53
پرسیده 53
پرهیز 53
پرواز 20
پروانه 53,53
پروبیوتیک 9,9,9
پروتئین 16,16,16
پروتئینهای 16,16
پروتئینی 16
پروتیین 16
پرورش 53,56,56
پرچالشی 53
پریدگی 53
پزشک 53,53,53,53,53,53,53,53,53,53,53,53,53,53,54,9,9
پزشکان 53,53,53,53,53,53,53,53,53,53,53
پزشکی 16,16,20,20,20,53,53,53,53,53,53,53,53,53,53,53,53,53,53,53,53,53,53,53,53,53,53,53,53,53,53,53,53,53,53,53,53,53,53,53,53,53,53,53,53,53,53,53,53,53,53,53,53,53,53,53,53,53,53,53,53,53,53,53,53,53,53,53,53,53,53,53,53,53,53,53,53,53,53,53,53,53,53,53,53,53,53,53,53,53,53,53,53,53,53,53,53,53,53,57
پشتی 20,20
پلاستیکی 9
پنجعلی 56
پهلوی 20,20
پودر 54
پوره 20
پوست 20,53,54,57
پوستی 10
پوشاندن 54
پوشاک 54
پوشش 53,53,53,57
پوششی 57
پوشک 54,54,54,54,54,54,54,54,54,54,54,54,54,54,54,54,54
پوشکی 54,54
پوشیدن 54
پوشیده 57
پویا 53,53
پژوهشی 53
پیام 54
پیدا 16,53
پیرامون 10,10,13,2,2,3,54,54,54,55,55,55,55,56,56,56,57,57,57
پیرسون 53
پیشانی 20,20
پیشرفته 53,53
پیشنهاد 16
پیشگویی 53
پیشگیری 53,53,9
پیشین 13,54,55,56,57
پیوند 10,10,10,10,13,13,16,4,53,53,54,54,54,54,54,54,55,55,55,56,56,56,56,56,57,57,57,57,9
پیوندهای 13,54,55,56,57
پیچیده 53
پیگیری 53
چارچوبی 53
چاوشی 53
چربی 16,20,9
چرخه 16
چشایی 53
چشمه 56,56,56,56,56,56,56,56,56
چشمه_ 55
چشمه_آبگرم 56
چشمهای 20,20,20,20,20
چماقی 53
چمباتمه 6
چنانچه 20,20
چندباره 57
چندلایه 57
چندین 20,20,53,53,53,56,57,9
چنین 53
چهار 20,53,53,54,54
چهارم 55,55
چگونه 53
چگونگی 10,13,54,55,56,57
چیزی 54
ژئوتکنیک 16,53
ژانویهٔ 13,54
ژنتیک 16,16,53,53,53,53
ژوئن 53,53,53,53,56
ژوئیه 53,53
کادر 53,53,53
کارآموزی 53
کارآیی 16
کارایی 53
کاربرد 53,53,53,54,56,56
کاربردهای 53,56
کاربردی 53
کاربری 10,10,2,2,54,54,55,55,56,56,57,57
کارل 53
کارلوس 55,55
کارنامه 53,53
کارورزی 53
کارکردهای 53
کاری 53
کاریکاتور 6
کاشف 57
کاغذ 53
کاغذهایی 57
کافی 16,53,53,56
کامل 20,20,20,20,53
کاملاً 57
کانال 53
کاندوم 57,57,57,57,57,57
کاهش 16,16,16,53,53,53,9,9,9,9
کتاب 56
کتابخانه 13,53,55
کتابی 53
کدام 53
کرانیال 53
کربن 56
کربوهیدراتی 16
کردن 10,14,2,5,53,53,53,53,53,53,53,53,53,53,53,53,53,53,54,54,54,54,54,54,54,55,56,57,6,6,6,9,9,9,9,9
کردند 53
کرده 53,53,55
کرمان 56
کروتزفلد 20,20
کروی 20
کزاز 53
کسانی 53,54,54
کشاورزی 16,16,53
کشته 9
کشتی 16,53
کشفیات 16
کشور 16,16,16,53,53,53,53,53,53,53
کشورهای 16,16,53,53,53
کلسترول 16
کلماتی 53
کلیه 53,53,53,53,53
کلیوی 53
کم 53
کمبود 16,16,16,16,16,9
کمتر 53,53,9
کمربند 20
کنار 56
کنارشان 53
کنارهم 20
کناری 10,2,5,54,55,56,57
کنترل 13,53,53,53,53,53,53,54,54,54,54,55
کندی 53
کنفرانس 53
کنند 9
کنید 53,53,53,9,9
کهولت 54,9
کهیر 54
کوانتوم 16,53
کوتیکول 20
کودک 16,53,54,54,54,54
کودکان 16,16,16,54,54,56
کولشف 55
کوچک 20,20
کیسه 57
کیفری 53
کیفیت 16,53,53
کیلو 54,54
گاتیر 13
گارسیا 55
گازهای 56
گالتون 53
گاهی 53
گاومیش 56
گذار 16
گذاری 16,53
گذراندن 53
گذشته 56
گران 57
گراند 55,55
گرایی 55
گربه 6
گردد 20
گردش 20,20,20,53,53,53
گردشگری 56
گردند 20
گرزی 20
گرفتن 16,20,20,20,53
گرفتند 53
گرفته 16,53,54
گرما 16
گرماسنج 16
گرمای 54,56
گرمایش 56
گروه 53,53
گروهی 13,53
گرچه 10,2,54,55,56,57
گزارش 53
گسترش 16,53,53,53
گفتاوردهای 53
گفته 13,20,20,53,54
گلوکز 16
گمان 57
گوارش 53,53,9,9
گوسفند 57
گوشتی 9
گوشی 53
گوناگون 16
گوگرد 56
گیاه 9
گیاهان 56,57
گیمار 55
یائسگی 9
یادکرد 10,13,3,53,54,55,56,57
یادگیری 16
یاشیل 9
یافت 53,56,9
یافتن 53
یافته 20,53
یعنی 53
یلوستون 56
یونان 54
یونهای 56
یکباره 53
یکدیگر 20,20,20,53
یکشنبه 55
یکماهه 53,53
