آباد 58
آبهای 60
آتربرگ 58
آتشگاه 21,21
آرام 58
آرشیو 57
آرگومان 60,60
آزاد 10,60
آزمایش 57,57
آزمایشگاهی 10
آسان 57
آسانی 21,58,58
آسمانی 11
آسپارتام 2
آسیب 60
آسیبی 11
آشامیدنی 1,1
آشپزخانه 58,58
آغاز 10,17,57,57,58,58
آغشته 57
آفتاب 21
آفریقایی 57
آقایان 57
آقایانی 57
آلبا 10
آلرژی 60
آلمانی 57,57
آلودگی 11,21
آماده 11,21,58
آمادهٔ 10
آمار 57
آماری 10,59,59
آمالگام 2,2
آمدن 11,57,60,60,60
آمده 17,57
آمریکا 57,57,57
آموزش 11,11,11,11
آموزشی 11,11
آمیزش 57,57,57,57
آمیزشی 57,57
آمینو 58
آناژن 10
آنتی 60
آنجا 10
آنسو 58
آنچه 13,58
آهسته 58
آواز 21
آوردن 11,60
آوری 60
آوریل 57
آکادمیک 60
آکانتولیتیک 10,10
آگاه 11
آیتم 11,17,2,21,58,59,60
ابتدای 11
ابتدایی 10
ابتلا 10,11,11,11,11,57,57,57
ابزار 57
ابعادی 11,11
اتاق 17,17,21,21,21
اتاقک 21
اتاقی 21
اتفاق 58
اتمی 58
اتیوپی 57
اثرات 60
اثربخشی 57,57
اجازه 58
اجباری 1,11,14,17,17,21,5,58,59,60
اجتماعی 11,16,17
اجتناب 6
اجرا 58
اجسام 57
اجماع 11,11
احتمال 57,57,57,57,57,57,57,6
احتمالاً 57
احداث 58
احساس 13,57
احیا 58
اختراع 17
اختصاصی 11,21
اختلال 57
اختلالات 13
اختلالاتِ 13,13
اختیارشان 57
اختیاری 11,14,17,21,5,58,59,60
اخیر 1,11,11,14,14,17,17,2,2,21,21,3,5,5,58,58,59,59,60,60,60,60,60,60
ادرار 6,6,6,6,6
ادعا 57,57,57
ادغام 57
ارائهٔ 13
ارابه 11
ارایه 11
ارتباط 57,57
ارتباطات 11
ارتباطی 21
ارتش 57
ارتفاع 60,60
ارتقا 58
ارتقای 11,11,11,11
ارتودنسی 10
ارثی 10,10
ارجاع 3
ارجاعات 57,57,57
ارزان 57,57
ارزش 57
ارزشیابی 11
اروپا 11,58
اروپای 16
اروپایی 21,57
ارگاسم 57
ارگانیسم 10
ارگونومیکی 11
اساس 11,11
اساسی 21
استاندارد 57,57,57,57,60
استانداردهای 57
استحمام 11,11,11,11,11,21
استخراج 60
استخوان 57
استراحت 11,21
استرس 10
استفاده 1,10,10,10,10,10,10,11,11,11,11,11,11,11,11,11,11,11,11,17,17,17,2,21,21,21,57,57,57,57,57,57,57,57,57,57,57,57,57,57,57,57,57,57,57,57,57,57,57,57,57,57,57,57,57,57,57,57,57,57,57,57,57,58,58,58,58,58,58,58,58,58,58,58,59,60,60,60,60
استفادهٔ 57
استقبال 57
استوار 11
استوایی 57
استوژنیک 58
اسلام 11
اسلامی 57
اسپرم 57
اسکلروسوس 10
اسید 58
اسیدی 10,10,58
اشاره 11,11
اشتباه 10
اشمیت 57
اشکی 10,10
اصطلاح 11,21
اصطلاحات 60
اصفهان 58,58
اصلی 1,11,11,14,17,17,21,21,21,5,57,57,58,58,59,60,60
اصول 11
اصولی 11
اضافه 57
اضطراری 57
اطراف 21,21
اطلاعات 1,10,11,11,11,14,17,21,5,58,59,60
اعتقادات 11,11
اعصاب 11,57,57
اعضای 11
اعلام 57
اعمال 11
اغلب 10,10,10,11,21
افتاد 11
افراد 1,11,11,21,57,57,57,57,58
افرادی 57,57
افروختن 21
افزایش 10,11,2,57,57,57,58,58,58,6,60,60,60,60
افزودنی 60
افزوده 57,58
افسردگی 57
افشاندن 58
افقی 60
افلوویوم 10
اقتباس 58
اقدام 11
اقدامات 11,11,11
اقداماتی 11,11
البته 21
التهاب 10,10
التهابی 57,57
الزامی 57
الفبا 57
الههٔ 11
الکل 10
الکلی 10
الگو 10,10,11,11,16,16,16,16,2,2,57,57,57,57,57,57,57,58,58,58,58,58,58,59
الگوهای 11
الگوی 58,58,60,60,60
امروزه 21,57,60
امریکا 60
امنی 11
امنیت 11
امکان 11,14,17,17,2,21,5,57,57,58,58,59,60
امکانپذیر 57
امین 60
انبار 21
انباشت 58,58
انبرک 59
انتخاب 57,57
انتخابی 57,57
انتشار 17
انتقال 11,21,57,57,57,57,57,60
انتهای 57
انجام 11,11,11,14,17,2,21,21,5,58,58,58,58,58,58,58,58,58,58,58,59,6,60
انجمن 57,57
اندکی 57,58
انرژی 11
انزال 57,57
انزالی 57
انسان 11,17
انظار 57
انقراض 60
انقضاء 57
انقضای 57
انقلابی 57
انواع 11,11,57,57,58,58,58
انگلیسی 60
اهالی 60
اهداف 2
اهمیت 60
اواخر 11,57,57
اورژانس 16
اوقات 6
اولِ 21
اولیه 57,58
اوکاموتو 57
اپتیک 11
اکتبر 10,11
اکتسابی 59
اکتشافی 58
اکتیو 60
اکثر 11
اکثراً 10,10
اکسیدان 60
اکسیژن 58,58
اگرچه 57
ایالات 57,57
ایجاد 10,10,10,10,11,13,13,17,17,17,2,57,57,57,60,60
ایدز 57,57
ایران 16,17,17,57,57,57,57,57,57,57,58,60,60,60,60,60,60,60
ایزو 11
ایمن 2
ایمنی 10
اینرو 58
اینکه 10,57,60
اینگونه 57
باخود 57
باربری 58,58
بارداری 57,57,57,57,57,57,57,57,57,57,57,57
باره 60
باروری 58
بارِ 17
بارگذاری 58,58
بازار 57
بازرگانی 11
بازشدن 11
بازگرداندن 11
بازیافت 58,58,58
باستانی 21
باشد 21,57,57,57,6
باشند 10
باشگاه 60
باعث 10,57,57,57,60,60,60,60,60,60
باغبانی 58
باغداری 58
باقی 57
باقیست 21
بالا 11,21,57,57,57,57,57,57,58,59,60
بالاتر 58
بالاتری 57
بالای 17
بالایی 11
بالعکس 21
بالغین 10
بالینی 10
باور 13,57,57
باکتری 10
باید 10,21,57,57,57,57,57,57,57,57,57,57,57,57,57,57,57,58,58,58,58
بایستی 57
بتابد 21
بتواند 58
بحرانی 60
بخار 21
بخشیدن 57
بد 60
بدتر 11
بدنیِ 13
بدون 10,10,17,17,3,57,57,57,57,57,58
بدین 21,58
بر 57
برابر 11,60
براساس 11
براق 10
برای 1,10,10,10,11,11,11,11,11,11,11,11,11,11,11,11,11,11,11,11,11,14,16,17,17,17,17,17,2,2,20,21,21,21,21,21,21,21,21,21,21,21,21,21,3,5,57,57,57,57,57,57,57,57,57,57,57,57,57,57,57,57,57,58,58,58,58,58,58,58,58,58,58,58,58,58,58,58,59,59,6,6,6,60,60,60,60
برایشان 57
برحسب 58
برخورد 13,57
برخی 1,11,17,21,21,57,57,57,57,57,58,60,60,60
بردن 57
برشی 58
برطبق 3
برفک 10,10,10,10,10,10,10
برفکی 10
برنامهٔ 57
برند 57,57,57,57,57
برندهای 57
برهنگی 57
بروز 10,11,11,11,11,13,13,13,60
برون 2
برگرداندن 11
برگزار 21
برگشتی 2
بزرگ 21,21,21,21,57,60,60
بزرگسالان 10
بزرگی 60,60
بسازید 11,14,17,21,5,58,59,60
بسازیم 58
بستر 58
بسته 21,21,58
بستگی 58
بسزایی 11,58
بسیار 11,17,2,21,21,57,57,57,57,57,57,58,58,58,58,58,58,58,58,60,60
بسیاری 10,11,11,21,57,57,57,58,6,60,60
بشدت 57
بصری 11
بعدی 58
بعضی 21,57
بعلت 10
بغداد 21
بقایای 21,58,58
بلافاصله 57,57
بلای 11
بلند 60
بلندتر 57
بلندی 17
بلکه 11
بماند 57
بنابراین 57
بنگلادش 57
به 21
بهبود 11,2,57
بهبودی 58
بهتر 11,58,60
بهداشت 11,11,11,11,11,11,11,11,11,11,11,11,11,11,11,11,11,11,11,11,11,11,2,57,57,57,57,57,57
بهداشتی 11,11,11,11,11,11,17,57,57,57,57,58
بهره 2
بهسازی 58,58
بهمن 60
بهینه 58
بودن 11,57
بودند 21,21,57
بوده 57,58,58,58
بودو 21
بوهای 58
بکار 58
بگیرد 21
بیابان 60,60
بیان 11,16
بیرونِ 21,21,21
بیستم 11
بیش 21,57,60
بیشتر 1,10,10,11,11,16,17,2,20,21,21,21,57,57,57,57,57,58,58,58,58,59,59,6,60,60
بیشتری 2,57,58,58,58
بیفتدو 57
بیمار 11,13
بیماران 10,10,11
بیمارانِ 13
بیمارانی 13
بیمارستان 60
بیماری 10,10,10,10,10,11,11,11,11,11,11,13,13,57,57,57
بیماریهای 2
بینه 21,21,21,21,21,21
بینِ 21,21
بیهوشی 16
بیولوژ 11
بیولوژیکی 58,58
تأثیر 11,11,58,60
تأثیرگذار 11
تأثیری 57
تأخیر 57,57
تأسیس 11,57,57,57,57,57
تأسیسات 11,11
تأمین 11,11,11,21,21,57,60
تأکید 11
تأیید 57,57,57,57
تابش 60
تابع 60,60,60
تاریخ 17,57,57,57,60,60
تاریخی 21
تازه 57
تالاب 58
تاولی 10,10,10
تاکنون 11
تایید 60
تبادل 21
تبدیل 57,58,58,58,58,60
تبعیض 57,57
تبلیغ 57
تتراماکرولیدی 10
تثبیت 60
تجاری 10,16,20,57,58,59,60
تجربه 57,57,58
تجربیات 11
تجزیه 58,58,58,58,58,58,58,58,58
تجهیزات 57
تحریک 2,57,57,57,57
تحصیلی 11,11
تحقیقات 60
تحمل 21
تحول 11
تحولی 17
تخفیف 57
تخلیه 17
تخمیر 10,58,58
تخمیرکننده 58
تدریج 11
ترافیک 11
ترانه 21
تراکتور 58
تراکتوری 58
ترتیب 11,21,57,57
ترشحات 57,57
ترشحاتی 57
ترشی 10,10
ترومای 59
تروپیکالیس 10
ترکِ 13
ترکیب 10,60
ترکیبات 10,58,58
ترکیبی 57
ترکیه 60,60
تریکومونا 57
تزریق 11,58
تزریقی 57
تزیین 21
تزیینات 21
تسریع 58,58
تشخیص 11
تشویق 57
تشکیل 11,57,58
تصاحب 57
تصادفی 1,11,14,17,2,21,3,5,58,59,60
تصاویر 11,14,17,2,21,58,59,60
تصفویه 60
تصویب 57
تصویربرداری 16
تطهیر 21
تعادل 11
تعاریف 11
تعالیم 11
تعامل 13
تعبیه 21,21
تعداد 58,58
تعدادی 60
تعمیرات 11
تغذیه 11,16,58,60
تغییر 10,17,17,58,58,60
تغییرات 1,11,14,17,2,21,3,5,58,59,60
تفاوت 57,57
تفرشی 60
تفریحات 11
تقریباً 60,60
تقسیم 11
تقویت 58,58,58
تلفن 10,16,20,57,58,59,60
تماس 57,57,57,57
تماسی 10,10,10
تمام 57,57,57,60,60
تماماً 21
تمامی 11,57,57
تمایل 57,57,59
تناسلی 11,57,57
تنظیم 57
تنها 11,11,11,11,57,57,57,57,57,57,58
تنوع 57
تهران 10
تهیه 57,57,58,58,58
تهیهٔ 57
توالت 11,17,17,17,17,17,17,17,17,17
توالتی 17
توان 21,57
توانایی 58
توجه 11,11,11,2,57,57,57,60
توده 10,58,58,58,58
توزیع 21
توسط 10,10,10,11,17,17,2,57,57,57,57,57,57,57,57,57,58,58,58,58,58
توسعه 57
توسل 11
توصیه 57,57,57,60
توفان 60
توقف 60
تولید 17,57,57,57,57,57,57,57,57,58,58,58,58,58,58,58,58,6,60
تولیدکننده 58
تولیدکنندگان 57,57,58
تونل 58
تگزاس 57
ثابت 10
جاتی 10
جامد 60
جامع 13
جامعه 11,11,11,11,11,11,11,11,11,58
جانبی 58
جایگاه 11,21
جایگزین 2,2
جایگزینی 58,58
جداگانه 11,17
جدیدی 57
جراحی 11,16
جریان 58,58
جزئیات 10,16,20,57,58,59,60
جزای 6
جستارهای 11,57,58,59,60
جسمی 11,11
جغرافیای 60
جلدی 57
جلوخان 21
جلوگیری 11,11,11,11,11,11,11,11,11,11,11,21,57,57,57,57,57,57,57,57,60
جلوی 17,57,57
جمعیت 57,57,57
جمله 11,13,21,57,59,60
جمهوری 57,57
جنسی 11,57,57,57,57,57,57,57,57,57,57,57,57,57,57,57,57,57,57,57,57,57,57,57,57
جنوب 58
جهان 11,16,17,58,60
جهانی 11,11,60
جوامع 16
جوان 11,60
جوشگاهی 10
حاصل 11,58,58,58,58,58,58
حاصله 58
حاضر 57,60
حالت 57,57,59
حالی 10,57
حاملان 57
حاوی 57,60,60,60
حایز 60
حجرهٔ 21
حجیم 58
حداقل 10,11,58
حداکثر 21
حدود 11,11,21,57
حدودی 11
حرارت 21,21,57
حرفه 11
حرکت 11,58
حساب 11,11,14,14,17,17,21,21,21,21,5,5,5,58,58,58,59,59,59,60,60,60
حساس 57
حساسیت 57,57,57,57,57
حشرات 58
حشره 10
حفاظت 11
حفره 10
حقیقت 10,58
حلقه 57,57
حلقوی 10,10,10
حمام 11,11,11,21,21,21,21,21,21,21,21
حنابندان 21,21
حوزه 11
حوضی 21,21
حومهٔ 6
حیات 11
حیاتی 58,58,58
حیاط 58
حیوانات 58
حیوانی 58
خاتمه 57
خارج 57,57
خاردار 10,57,57
خارش 57
خارنرمی 10
خاصی 60
خاصیت 57
خالی 57
خاندان 21
خانه 11,17,17
خانواده 11,57
خانگی 11,58,58,58
خاورزمینِ 21
خاورمیانه 60
خاوری 21
خاکستر 21,58,58
خاکستری 10
خاکی 58
خبرنگاران 60
خبرگزاری 57
خراب 21
خرافاتی 11
خرافی 11
خرداد 60
خردکن 58
خروج 21,57
خرید 57
خریدار 57
خریداران 57
خریداری 57,57
خزنده 10
خزینه 21,21,21,21,21,21,21
خزینهٔ 21,21
خشونت 57,57
خشکی 2,57,60
خصوص 11,17,2,21,58,58,59,60,60
خصوصاً 60
خصوصی 11
خطرناک 11
خطرناکی 60
خلوت 6
خمیده 17
خواهد 11,2,57
خوبی 57
خودداری 10,57,57
خودکار 1,57,58,58
خوراک 11,11
خوراکی 58,58,58,58,58,58,58
خوردن 10,11,57,58
خیار 10
خیلی 57
داخل 17,17,17,17,21,21,57,57,57,57
دادن 58
داده 11,17,2,21,57,57,58,59,60
دارا 57,58
دارانی 57
دارای 10,10,10,11,11,11,16,16,16,16,17,17,2,2,21,21,21,21,21,57,57,57,57,57,57,57,57,58,58,58,58,59,59,60,60,60,60,60,60
دارد 11,14,17,2,21,21,57,57,57,57,57,58,58,59,59,60,60
دارند 10,10,11,57,57,57,57,57,57,57,57,58
داروهایی 10
داروی 10,57
دارویی 10,10,57
داریه 10
داشت 11,17,21,21,57,60
داشتن 11,57,57,58
داشتند 11,57
داشته 10,10,17,21,57,57
داماد 21,21
دامادی 21
دانسته 60
دانشجویان 57
دانشمندانی 58
دانشنامه 16
دانشنامهٔ 1,10,11,11,17,17,2,21,21,58,58,59,59,60,60
دانشگاه 10,57
دانند 60
دانه 57
دجله 60,60,60
دختر 11
دراز 57,57
دربارهٔ 10,11,11,11,11,16,16,17,2,2,21,57,57,57,57,57,58,58,58,58,59,59,60
درباریان 21
دربرابر 21
درجهٔ 11
درخت 58
درختان 58,58,6
درختانی 57
درست 11,57,57,57,57
درشت 58
درصد 57,57,57,57,57,58
درمان 10,10,10,11,11,16,2,57
درمانی 13,2,2,2,2,2
درون 17,21,58,58
درونیِ 21
دریافت 57
دریایی 60
دریم 57
دسامبر 60
دسترس 10,16,20,57,57,58,59,60
دسترسی 17,17,57,57,58
دستشویی 17,17,17,17,17,17
دسته 10,57
دستهٔ 57
دستک 21
دستگاه 10,57,58,58
دشوارتر 57
دشواری 57
دعوت 11,14,17,21,5,58,59,60
دلار 57
دلاک 21
دلایل 60
دلایلی 57
دلیل 10,57,57,57,57,58,58,60
دلیلی 57
دمای 21,58
دنبال 10,60
دندان 10,10,11,11
دندانپزشکی 10
دندانی 2
دنیا 57,57,57
دهان 10,10,10,10,10,10,10,10,10,10,11
دهانشویه 10,10,10,10,10,10
دهانه 57,57,57,57
دهانی 10,10,10
دهندهٔ 57
دههٔ 60,60
دهید 10
دوباره 11,57,57,57
دوران 11,11,21,21,57,57
دوره 11,11
دورهٔ 11,11,11
دورژی 10
دولت 57,60
دولتی 11,57,58
دومین 58
دپات 57
دپوی 58,58
دچار 10,10,10,57,60
دکالوانس 10
دکمه 58
دگرگون 58
دیده 10,10,21,21
دیدی 60
دیرباز 21
دیررس 10
دیسک 59,59
دینامیکی 58
دینی 11
دیوار 21,6
دیواره 57
دیوارهای 21
دیگر 11,11,11,14,17,17,17,2,21,21,21,57,57,57,57,57,57,57,57,57,58,58,58,58,59,59,60,60,60,60
دیگران 11,13,60
دیگری 21,57,57,58
ذرات 57,60
ذهنی 13,13,13
رؤیا 60
رابطه 57,57,57
رابطهٔ 57
راحت 17
راحتی 57,58
رادیو 60
راست 57
راستا 11
راهای 10
راهرو 21
راهروهای 21
راهنمای 11
رایج 13,17,17,57
رایگان 57,57
رسانیدند 11
رسمی 57
رسیدن 57,60
رسیدگی 11
رطوبت 57,58
رعایت 11,11,11,11,60
رفاه 11
رفتارهای 57
رفتاری 57
رفتن 10,11,17,57,58
رفته 11
رنگین 21
رهبران 57
روابط 57
رواج 11,11,11,21
روان 11,11,11
روانشناسانی 13
روانی 11,11,13
روبار 58
روباز 58
رودخانه 60
روزمره 11
روزن 21
روزنامه 58
روستا 17
روستایی 57
روسپیان 57
روشن 21,21
روشهای 2,2,2,2
روپوستی 10
رویای 60
رویدادهای 1,11,14,17,21,5,58,59,60
رویدادی 60,60
روینده 10
رویهٔ 60
رویکرد 13,2
رژیم 10,10
رکودی 10,10
ریزگرد 60,60,60,60,60,60,60,60,60,60,60,60,60
ریسک 2
ریشهٔ 17,17
رینولد 58
ریوی 11
زائد 57,58,58,58
زائدات 58,58
زایمانی 10
زاینده 58
زایی 60
زباله 58,58,58,58,58,58
زبان 10,10,10,10,11,16,16,17,17,2,57,57,59,59,59,59,60,60
زدایی 60
زدگی 10
زلزله 58
زمان 11,11,21,57,57,57,58,58,58,60
زمین 21,58,58,58,58,58,60
زمینه 13
زمینی 60
زنان 57,57,57
زنانه 21,21,21,57,57,57,57,57
زنانی 57
زندگی 11,11,17
زندگیشان 60
زوجینی 57
زیاد 58
زیادی 11,21,58
زیبا 21
زیبای 21
زیرا 17,17,21,57,57,57,60
زیرزمینی 11
زیرشاخی 10
زیست 58
ساخت 11,14,17,17,21,5,57,58,58,58,59,60
ساختار 21,21,21,57,58
ساختاری 21
ساختمان 11
ساختمانی 17
ساختن 60
ساخته 11,17,17,17,21,21,21
ساختِ 21
ساده 10,11,58
سازمان 10,11,16,20,57,57,57,57,57,58,59,60
سازماندهی 11
سازنده 57
سازندگان 57
ساعت 10,16,57,58,59,60
سالانه 57,57
سالم 10,10,11,11,57,58,58,58
سالمندان 11
سالن 21
ساله 17,57,60
سالهای 60,60,60
سامانه 1,11,11,11,14,14,14,17,17,17,21,21,21,5,5,5,58,58,58,59,59,59,60,60,60
سایت 57,57
سایر 10,57,57
سایزهای 57
سباسه 10
سبزیجات 58,58,60
سبکِ 17
ستیزی 11
سرازیر 60
سراسر 60
سراغ 57
سرانجام 59,60
سرایت 11,21,57
سربازان 57
سربسته 58
سربینه 21,21
سردرِ 21
سرطان 57
سرعت 11
سرنویس 16
سرویس 11,17,21
سرپوشیده 17,17
سرپوشیدهٔ 17
سرچشمهٔ 60
سرکه 10,10
سرکوب 58
سریع 57,58
سزایی 11
سطوح 11
سفارش 57,57
سفالی 21,21
سفالین 21
سفید 10,10,58
سقفی 21
سلامت 11,11,11,11,11,11,11,11,11,11,11,11,11,57
سلامتی 11,11,11,57
سلول 10,10,10,10,10,10,10
سمپاشی 11
سنتی 11,2
سندی 21
سنگفرشی 10
سنگی 21
سنین 57
سهولت 21
سوئیسی 58
سوادآموزی 11
سوختِ 21
سودمند 58,58,58
سوراخ 17,57,57,57
سوزنی 58
سومند 58
سومین 58
سکوهایی 21
سیاست 57
سیاسی 11
سیاه 58
سیاوش 60
سیتی 57
سیفلیس 57
سیما 11
شامل 11,11,2,21,57,58
شانه 59
شایان 11
شایانی 58
شاید 58
شایع 10
شخصی 21
شدند 21
شدهٔ 57
شدید 10,60
شراب 10
شرایط 11,11,2,57,58,58,60
شرایطِ 13
شرقی 58,58
شروع 57,57,57,60
شرکای 57
شرکت 17,57,57,57,57,57,57,57,57,57,57,57,58
شریک 57
شستشو 21
شستشوی 21
شستن 11,21
شعرخوانی 21
شمار 2
شمارهٔ 60
شمال 21,58,60
شمالی 60
شمرده 21
شمسی 58
شناخت 57
شناخته 11,11,11,57,57,57,58
شناختی 11
شناسایی 11,57
شهرهای 11,58
شهرهایی 57
شهروند 60
شهری 57,58,58,58,58,58,60
شواهد 60
شورای 11,16,58,60
شوند 57
شوید 1,11,11,14,14,17,17,21,21,5,5,58,58,59,59,60,60
شکستن 58,58,58,58,58
شکننده 57
شیاطین 13
شیردهی 57
شیرین 10
شیمیایی 11,57
شیوع 11,57
شیوه 58
شیوهٔ 11,13
صادرکننده 60
صالح 58
صحیح 11,11,57
صدام 60
صدمه 57
صرفاً 11
صفجه 10,11,17,2,21,58,59,60
صفحه 10,10,10,11,11,11,14,16,17,17,17,17,17,2,2,2,2,21,21,21,21,5,57,58,58,58,58,58,59,59,59,59,59,60,60,60,60,60,60
صفحهٔ 1,10,11,11,14,17,17,17,2,2,21,21,21,5,5,58,58,58,59,59,59,60,60,60
صفّه 21
صنایع 16
صنعتی 11,58,58,58
صوتی 58
صورت 10,10,10,10,11,11,11,11,14,17,21,21,21,57,57,57,57,57,57,57,57,57,57,57,58,58,59,6,60
ضایعات 10,10,10,58,58
ضایعه 10
ضدبارداری 57,57
ضربه 57
ضرورت 11
ضروری 57,57,58
ضمیمه 57
طاعون 16
طبقات 58
طبیعت 58
طبیعی 11,21,58,58
طراحی 21,58
طریق 21,21,21,57,57,58
طلایی 57
طهارت 11
طوری 57,59
طولانی 10,57,58
ظاهری 58,58
ظهور 57
عامل 60
عامه 21
عامیانه 57
عبارت 11,11,11,14,17,21,58,59,60
عبور 10
عثمانی 21
عراق 60,60,60,60,60,60,60,60,60
عربستان 60,60
عربی 17
عربیِ 17
عرصه 57
عروس 21
عروقی 10
عریض 57
عصبی 10
عفونی 10
علائم 10,2
علامت 10
علامتی 10,16,20,57,58,59,60
علاوه 11,11,21,57,58,60
عللی 59
علمی 10
علوم 10,16,16
علیه 57,57,57
عمده 57,57,57,58
عملیات 60
عملیاتش 58
عموماً 2,57
عمومی 11,11,11,11,11,11,11,11,11,17,17,17,21,21,6
عمیق 58
عنوان 10,10,11,11,11,11,11,57,57,57,57,57,57,58,58,58,58
عهده 58
عوارضی 11
عوامل 10,11,11,13,57,60
غالب 58
غالباً 57
غبار 60,60,60,60,60,60
غبارساز 60
غذاهای 10,10,60,60
غذایی 10,10,10,11,11,11,11,11,58,58,58,58,60,60
غلاف 10
غوطه 2
غیاب 58
غیرانتفاعی 10,16,20,57,57,57,58,59,60
غیررسمی 60
غیرقابل 58
غیرقانونی 58,58
غیره 17,21
فارسی 60
فاضلاب 11,17,17,58
فراموشی 60
فراهم 11,2,57
فراوانی 11,60,60
فراوردهٔ 60
فراگذر 10,10
فراگیری 60
فرایند 58,58,58,58,58,58,58,58,58,58,58,60
فرایندی 58
فردی 11,11,11,11,11,11,11
فرسایش 58,58
فرستادن 57
فرصت 10
فرهنگ 21
فرهنگستان 59
فرهنگی 57
فروخته 57
فروش 1,57,57,57,57,57,57
فروشی 57
فرکانس 11
فسفر 58
فسیلی 60
فشار 17,2,58
فشارهای 2
فشردگی 58
فضاهای 21
فضاهایی 21
فضای 17,17,21,21,21,21,21,57,58
فضایی 21,21,57
فضولات 11
فعال 58,60
فعالند 58
فعالیت 2,58,58
فلوئوردار 2
فلوریدای 57
فناوری 11,11,11,16,16,16
فنون 58
فهرستی 57
فوران 60
فوریه 11,11
فیزیولوژی 16
فیزیولوژیکی 57
فیزیکی 11,2
قابل 11,11,17,2,2,21,3,57,57,57,57,58,58,58,58,59,59,6,60
قابلیت 57,58
قادر 57,57,58
قارچ 10,58,58,58
قارچی 10,10,10,10
قاعدگی 57
قانون 57
قانونی 57
قبلاً 57
قدرت 11,58
قدری 13
قدیم 17,21,21
قدیمی 21
قرار 11,11,11,11,17,17,21,21,21,57,57,57,57,57,58,58,58,58
قرمزرنگ 10
قرون 16,21
قسمتی 11
قطره 10
قلعهٔ 11
قلمرو 21
قنددار 10
قوانین 11,57
قیفی 60
قیمت 57
لاتکس 57,57,57,57,57,57,57,57
لاتین 58
لازم 57
لازمهٔ 11
لاستیک 57,57,57,57,57,57,57
لاستیکی 57
لانگرهانس 10
لایهٔ 11
لباس 11,11,21
لبنیات 60
لندن 57,57,57,57
لنگی 21
لوازم 57
لوکوپلاکیا 10
لیست 57
لیپویدیکا 10
لیکور 10
لیگنین 58
مؤثر 10,10,13,57,57,57
مؤثری 57
مؤسسه 57
مؤنث 57
مادر 11
مادرزادی 59
مارس 11,57
ماسه 58
ماسک 60
مالچ 60
ماند 21,60
مانند 10,10,10,11,17,2,21,57,57,57,57,57,57,58,58,58,58,59,60
ماهیچه 10
مایع 57,57
مبارزه 11,11
مبتلا 59
مبتنی 2,57,57,57
مبنا 13
مبنی 11
مبین 11
متأسفانه 60
متان 58
متحده 57,57,57,58
متحرک 10
متداول 10,11,11
متداولِ 13
مترادف 11
متری 60
متشکل 11
متصل 11,17,2,21,58,59,60
متعادل 58
متعددی 11,11
متعلق 10,16,20,57,58,59,60
متفاوت 6
متقاعد 57
متوسط 58
متوسطه 11,11
متوقف 11,57
مثال 6
مجازات 6
مجازی 11
مجاورت 21
مجبور 13
مجدد 58
مجرای 59,59
مجرمانه 57
مجزای 57
مجموعه 2
مجموعهٔ 11,21
محافظی 11
محتوای 10,11,17,2,21,58,58,58,59,60
محتویات 10,11,17,2,21,58,59,60
محدود 11,60,60
محسوب 17
محصول 57,57,57
محصولات 57,57,58
محصولش 57
محققان 11,21,57
محله 21
محلول 10,57
محلی 11,17,21,21,57
محمدمهدی 10
محورهای 11,11
محوری 58,58
محوطهٔ 17,17
محیط 10,11,11,11,11,58
مخاط 10,57,57
مخاطی 10
مختل 58
مختلط 58
مختلف 11,13,2,21,58
مختلفِ 21
مختلفی 57,59
مخزن 11,17,17,2,21,58,59,60
مخصوص 11,58
مخلوط 58,58,58,58,58
مخمر 10
مدارس 11
مدتی 60
مدرن 17
مدفوع 17,17,17
مدیر 57
مدیریت 58,58,58
مذهبی 11
مراجعین 21
مراحل 11,58,58
مراسم 17,21,21,21
مراسمی 21
مراقبت 11,57
مراکز 57,57
مربوط 21,57,58
مرحله 11,11,11,11,57,58
مرداب 60
مرداد 60
مردان 57,57,57,57,57,57
مردانه 57,57,57,57,57,57,57,57,57,57,57,57,57,57,57
مردانی 57
مردم 11,11,11,11,21,57,57
مردمی 11
مرسوم 17,57
مرطوب 58
مرغی 10
مرمر 21
مرور 11,58
مرکب 58
مرکزگریز 10
مرکزی 60
مرکل 10
مریخی 60
مزارع 58
مزایای 57,57
مزمن 10
مزوفیل 58
مسائل 57,57,57,57
مساله 11
مستحب 11
مستراح 17
مستعد 16
مستقیم 21,21,57,57,57,58
مستند 11,57,60
مسدود 57
مسلم 13
مسواک 11
مسکن 11
مسیح 11
مسین 21
مشابه 11,17,21,57,58
مشاهده 10,11,11,16,16,2,57,57,57,57,57,58,58,58,59,6
مشاوره 57
مشترک 60
مشتریان 57
مشروبات 10
مشغول 57
مصارف 17,58
مصرف 10,10,10,57,57,57,58,58,58,58,58,6,60
مصرفی 58,58
مصنوعی 10
مصوب 59
مطالب 3
مطالعات 10
مطرح 11
مطلوب 58
معادل 17
معادله 58
معادن 11
معایب 57,57
معتبر 57,57,57
معتقدند 57
معده 58
معرفی 10,57
معروف 21,21,57
معطر 11
معمولاً 10,21,21,21,21,21,57,57,57,57,57,57,57,59
معنای 11,11,58
معنوی 11
معنی 58
مغذی 58,58
مفهوم 11,11,11
مفید 10,58,58
مقابل 11,11,11,11,21,59
مقابله 10,2,2
مقاربت 57,57,57
مقاربتی 57,57,57,57
مقام 57
مقاوم 21
مقاومت 21
مقایسه 57
مقدار 58
ملأعام 11
ملاطی 21
ملحقات 21
ممنوع 21,57
ممکن 10,10,11,57,57,57,58,6,6
منابع 10,11,57,57,57,59,60,60
مناسب 11,11,11,57,57,57,57,58,58
مناسبی 57
مناطق 1,10,57
منافذ 11,57
منبع 16,16,17
منبعی 11
منتقل 11,21
منجر 11
منشأ 11
منشعب 11
منطقه 60
منظم 11
منظور 11,11,17
مهاجر 57
مهار 58
مهارت 11
مهمتر 57
مهندسی 11
مواد 10,11,11,11,21,57,57,57,58,58,58,58,58,58,58,58,58,58,58,58,58,58,58,58,58,58,58,58,58,58,58,60,60,60
موادآلی 58,58
موادی 58,58,58
موارد 11,11,57,57,57,60
مواردی 57,57,57
موازی 58
موتد 60
موجب 10,11,11,11,2,57,57,60
موجود 10,10,11,57,57,58,58,58,58
موذی 58
مورد 10,11,11,11,11,17,57,57,57,57,58,58,58,58,58
موردنیاز 21
موزائیک 21
موزه 21
موضعی 10,10
موضوع 6
موضوعی 10,2,59
موظفند 57,57
موفقیت 57
موقع 11
موقعیت 57
مُسْتَفْعَل 17
مکان 11,17
مکانیک 58,58
مکانیکی 58,58
مکملی 58
میان 11,11,58,60
میانی 21
میتوانند 60
میزان 11,57,60
میزانی 21
میزگرد 11
میلاد 11
میلادی 11,60,60
میلیارد 17
میلیون 17,57
میکربی 58
میکرو 11,58,58,58
میکس 58,58,58
میکنند 10
ناتمام 60
ناتوانایی 11
ناتوانی 11,11
ناخن 10,11,57
ناخواسته 57,57,57
ناخوشایند 6
نازک 57
ناشناخته 10,11,11,11
ناشی 58,58,60
ناقلان 10
نامش 57
نامطلوب 58,60
نامناسب 13,60
نامگذاری 57
نامیده 21
نانو 11,11
ناوبری 16,16
نباتات 58,58
نباشد 57
نباید 10,57,57,58
نبود 11
نبودن 11
نتیجه 58,58,58,58,60,60
نتیجهٔ 11
نحوه 58
نخستین 11,13,17
نداشتن 58
نداشته 57
نزدیک 17,17,17
نزدیکی 57,57
نسبت 2,57,57,58,58,58,6,60
نسبتاً 58
نسخه 11,14,17,2,21,58,59,60
نشان 57,57
نشاندهده 57
نشانی 11,14,17,21,21,5,5,58,59,60,60
نشده 11,60
نشستن 17,21
نشیمن 17
نظافت 21,21
نظام 11
نظامی 11,11
نظری 11
نظیر 2,57
نعوظ 57,57
نفتی 60
نفوذ 58,58
نقاط 10,57
نقدی 6
نقشی 58
نقطه 57
نماد 11
نماز 11
نمایند 57
نمود 57
نموده 58
نمودهای 21
نمودی 21
نمونه 11,57
نهاد 57
نهال 58
نهایت 11
نهایی 57
نوآوری 11
نواحی 57,60,60
نوار 11,17,21,58,59,60
نوامبر 16,58
نوجوانان 57
نورگیرهایی 21,21
نوزاد 10
نوزادان 10
نوزدهم 11,57
نوعی 17,57,60
نکات 11,60
نکته 58
نکتهٔ 11
نکنند 57
نگاه 11,11
نگرانی 57
نگرش 21,21,6
نگهداری 11
نیاز 13,57,58,58,58
نیازمند 16,16,57,57,57
نیتروژن 58,58,58,58,58
نیروهای 13
نیست 1,11,13,14,17,21,5,57,57,57,58,59,60
نیستاتین 10
نیویورک 57,57
هاروی 57,57
هجری 58
هدایت 17,58
هدیه 58
هربار 57
هرپس 57
هرچند 11,11,14,17,21,21,5,57,58,59,6,60
هرگز 57,57
هرگونه 11,57,57
هریک 11
هزار 17,57
هزاران 58
هستند 10,11,13,57,57,57,57,57,57,58
هشتی 21
هفته 58,58
همان 11,17,58,58
هماهنگی 11
همراه 11,21,21,57,60,60
همسر 57
همشهری 60
همهٔ 1,11,11,14,14,17,17,2,2,21,21,3,5,57,58,58,59,59,60,60
همواره 21
همچنان 60,60,60
همچنین 17,21,57,57,57,57,58,58,58,58,58,60,60
همچون 11,21,57,58,58
همگانی 11,21,21
همیشه 21,57,60
همیشگی 60
همین 11,11,14,17,21,5,58,59,60
هنوز 21,57
هنگام 10,57,57,59
هنگامی 57
هوارسانی 58
هوازی 58,58
هوای 21,21,21,60,60
هورمون 10,2,57
هورمونی 10
هوموسی 58
هپاتیت 57
هکتار 58
هیدروستاتیک 2
هیدروژل 57
هیزم 21,21
وابسته 57,58
واجب 11
وادب 59
وارد 1,11,11,11,11,14,14,14,17,17,17,17,21,21,21,21,21,21,5,5,5,57,58,58,58,59,59,59,60,60,60
واردات 57
واقع 17,57,57,58
واژن 57,57,57,57,57,57
واژهٔ 17,17
واژگان 17,2,57,57,59,59,59,60,60,60
واکسن 2
واگیردار 11
وبگاه 57,57
وجود 1,10,10,10,10,10,10,10,10,10,10,10,10,10,10,10,10,10,10,10,10,10,10,10,10,10,10,10,10,10,10,10,10,10,10,10,10,11,11,11,11,11,11,11,11,11,11,11,11,11,11,11,11,11,11,11,11,11,11,11,11,11,11,11,11,11,11,11,11,11,11,11,11,11,11,11,11,11,11,11,11,11,11,11,11,11,11,11,11,11,11,11,11,11,11,16,16,16,16,16,16,16,16,16,16,16,16,16,16,16,16,16,16,16,16,16,16,16,17,17,2,2,2,2,2,2,2,2,2,21,21,21,21,57,57,57,57,57,57,57,57,57,57,57,57,57,57,57,57,57,57,57,57,57,57,57,57,57,57,57,57,57,57,57,57,57,57,57,57,57,57,57,57,57,57,57,57,57,57,57,57,57,57,57,57,57,58,58,58,58,58,58,58,58,58,58,58,58,58,58,58,58,58,58,58,58,58,58,58,58,58,58,58,58,58,58,58,58,58,58,58,58,58,59,59,59,59,59,59,60,60,60,60,60,60,60,60
وحشیانه 13
ورزشی 2,2
ورمی 58,58
ورود 11,21,21,21,21
ورودی 21
ورودیِ 21
وزارت 57
وسایل 60
وسطی 16,21
وسعت 11
وسیع 21
وسیعی 2
وسیله 17,2,57,57
وسیلهٔ 57,58,58
وضعیت 11,2,6,6
وضعیتی 58
وقایع 11,11
ولرم 21
ونوجوانانی 10
ویرایش 10,10,11,11,16,16,16,2,57,57,57,57,57,58,58,58,58,59,59,60
ویروس 57,57
ویروسی 21
ویژه 11,11,11,11,14,17,2,21,57,58,58,59,60
ویژگی 57
ویژگیهای 2
ویکی 1,11,14,17,2,21,3,5,58,59,60
پادشاهی 11
پاره 57,57,57,57,57
پارگی 57,57,57
پاسخ 58
پاشی 60
پالاتن 17
پاپیلوم 57,57
پاپیلوما 57
پاکیزه 11
پاکیزگی 11,11,11
پایان 21,57
پایانی 57
پایدار 11,14,17,2,21,58,58,58,58,59,60
پایه 11,11,16,57,57
پایهٔ 11,16
پایگاه 57
پایین 2
پتاسیم 58
پدید 6
پدیده 60,60,60
پدیدهٔ 60,60
پذیرش 11
پرتوی 10,10
پرخطر 57
پرفروش 57
پرندگان 58
پرهیز 57
پروکتور 58
پزشکان 57
پزشکی 10,11,16,16,16,16,2,2,2,2,57
پستی 57
پسماند 17,58,58,58,58,58,58,58
پسماندهای 58,58
پشتی 10,21
پشهٔ 11
پلانوپیلاریس 10
پلاکت 10
پلیمر 57
پلیمری 57
پنداشته 11
پوسال 58,58,58,58,58
پوساندن 58
پوست 10,10,10,10,10,10,10,10,11,57,57,58,58,58,58
پوستی 10,10,10,10,10
پوسش 58,58,58
پوشاندن 11,58
پوشش 58,58
پوششی 57
پوشیدن 57
پوشیده 21
پژواک 11
پیاده 57
پیازچه 10,10
پیاپی 57
پیدا 10
پیرامون 1,10,11,11,11,14,14,17,17,17,2,21,21,21,5,5,58,58,58,59,59,59,60,60,60
پیشبرد 57
پیشرفته 11
پیشگیری 11,11,11,11,11,11,11,11,11,57,57,57,57,57,57,57,57,57
پیشین 10,11,17,2,21,21,58,59,60
پیشینه 58
پیشینهٔ 11
پیوند 10,10,11,11,11,11,14,16,16,16,17,17,17,17,2,2,21,21,21,21,5,57,57,57,58,58,58,59,59,60,60,60
پیوندهای 10,11,17,2,21,58,59,60
چاله 58
چرخشی 10
چسبناک 57
چسبندهٔ 60
چشمگیر 58
چفندر 10
چندین 11,60
چنین 60
چهارم 57
چهارپایان 58
چوبی 58
چگونگی 11,17,2,21,58,58,59,60
ژئوتکنیک 11
ژانویهٔ 57
ژاپن 57
ژنتیک 11
ژوئن 11,60
ژوئیه 10
ژوئیهٔ 59
ژورنالیستی 60
ژولیوس 57
کارایی 57,57
کاربرد 57,57,57
کاربردِ 17
کاربری 11,11,14,14,17,17,17,21,21,5,5,58,58,59,59,60,60
کارخانه 58,58,58
کارهای 57
کارگران 11
کاری 57
کاسه 17
کاشتن 58
کاغذی 58
کافی 21,57
کالا 57
کالاهای 57
کالیفرنیای 58,58
کامل 11,11,57,57,57
کاملاً 13,57,58
کامیون 57
کانال 10,60
کاندوم 57,57,57,57,57,57,57,57,57,57,57,57,57,57,57,57,57,57,57,57,57,57,57,57,57,57,57,57,57,57,57,57,57,57,57,57,57,57,57,57,57,57,57,57,57,57,57,57,57,57,57,57,57,57,57,57,57,57,57,57,57,57,57,57,57,57,57,57,57,57,57,57,57,57,57,57,57,57,57,57
کاندیدا 10,10
کاندیدای 10
کاندیدایی 10
کاندیدیازیس 10
کاهش 10,10,10,57,57,57,57,58,6,6,60,60,60
کتابخانه 11,57,57
کدهای 10,59
کراون 57
کربن 58,58,58,58,58
کردن 10,10,11,11,11,11,11,17,2,21,57,57,57,57,57,58,58,58,58,58,58,59,6,6,60
کرده 10,57,58
کسانی 21
کشاورزان 58
کشاورزی 11,58,58,58,58,58,58,58
کشتن 57
کشتی 11
کشمکش 60
کشور 1,57,57,57,57,57,57,57,57,6,60,60,60
کشورهای 21,57,57
کشورهایی 57
کشید 57
کشیدن 59
کشیده 57
کفِّ 6
کلاغ 11,11
کلرهگزیدین 10,10
کلمهٔ 11
کلیتوریس 57
کم 57,60
کمتر 57,57,58,58
کمپوست 58,58,58,58,58,58,58,58,58,58,58,58,58,58,58,58,58,58,58,58,58,58,58,58,58,58,58,58,58,58,58,58,58,58,58,58,58,58,58,58,58,58,58,58,58,58
کمکی 60
کنار 17,58,6
کناری 11,14,17,21,58,59,60
کنترل 11,11,57,58,58
کندن 10,10
کنسروهای 10
کنند 13
کنونی 17
کنیا 57
کنید 10,57
کوانتوم 11
کوتاه 57,57
کودک 11
کودکان 10
کودکس 57
کومه 58
کوچک 17,21
کوچکی 57
کوکساکی 10
کپسول 11
کچاپ 10
کژگردنی 59,59,59
کیسه 21,21
کیلومتر 60
کیلومتری 60
گذاری 11
گذاشته 21
گذشته 17,60
گرانتر 57
گرد_و_غبار 60
گردد 57
گردش 2
گردشگران 21
گردن 59,59
گردوغبار 11
گردید 58
گرفتن 57
گرفته 10,11,17,57,57,60
گرمابه 21,21,21,21,21,21,21,21,21,21,21,21,21,21,21,21
گرمابهٔ 21,21
گرمادوست 58,58
گرمای 21
گرمخانه 21,21
گرمی 21
گروه 11,57,58
گرچه 1,11,14,17,21,5,58,59,60
گزارش 57
گزیدن 57
گسترش 11,11,17,57,57
گفته 57
گفتهٔ 21,60
گلابراتا 10
گلوکاگونوما 10
گمان 57
گنبدی 21
گندم 60
گنوره 57
گواهی 57
گواهینامه 57
گودالی 17,17
گوشتی 10
گوشه 58
گوناگون 58,58
گوناگونی 11
گونوره 10
گُرخانه 21
گیاه 58,58,58,58
گیاهان 57,58,58
گیاهی 58,58
گیرد 57
گیرنده 57,57
یابد 58
یادکرد 11,17,2,21,58,59,60
یازدهم 57
یافت 11,57
یافته 60,60
یاهونیوز 57
یعنی 17
یهودی 57
یونان 11,16
یونانی 11
یکبار 57
یکسان 60
یکصد 21
