آبان 17
آبراه 18
آبرسانی 17
آبگیر 22
آبگیری 22
آثار 13,13
آداب 21,21
آرایش 17
آزاد 17,6
آسایشگاه 3
آسیایی 17,18
آسیب 23
آغاز 18,18,23
آغازگر 23
آفریقا 6
آلبرت 23
آلزایمر 13
آلمان 23
آلکساندر 17
آمدن 14
آمریکا 11,18,23,23,23
آنان 18
آناهیتا 21,21
آنچه 1
آوردن 17
آوریل 11,23
آویز 17
آپاتیت 23,23
آیتم 12,14,18,22,23,5
آینه 17,17
ابتدای 18
ابتلا 13,14,14
ابزار 22
اتاق 17,17,17,18
اتاقک 17,17
اتاقی 18
اثربخشی 23
اجباری 12,18,22,23
اجتماعی 5,5
احتمال 14,14
احتمالی 18
احمد 21
احیای 23
اختراع 23,23,23
اختلال 12,5
اختلالات 13
اختلالِ 5
اختیاری 12,18,22,23
اخیر 12,12,18,18,22,22,23,23,3
ادارات 18
اداری 17,18,22
ادرار 17,17,17,17,6,6
ادرار_کردن 6
ادعا 17
اراک 21,21
ارتباط 14
ارتفاع 17,17
ارجاعات 17
اروپا 18,23
اروپایی 11,11,18
ازجمله 17,18
ازنظر 18
استاد 17
استاندارد 11
استانداردهای 1
استحمام 22
استراحت 17
استفاده 12,14,14,14,17,17,17,17,17,17,17,17,17,17,17,17,18,18,18,18,18,18,18,18,18,18,18,18,18,18,18,18,21,22,22,22,22,22,23,23,23,23,23,23,5
استفادهٔ 17
اسفند 21
اسلامی 17,18,21,21,21
اسنو 11
اسکیزوفرنی 13
اشاره 18,22
اشتر 21
اشتراکی 21
اشغال 18
اصلاح 17,17
اصلی 12,18,21,22,23,23,23
اضطراری 17
اطراف 17,17,18
اطلاعات 12,18,18,18,22,23
اطلاق 18
اعتیاد 14
اعصاب 13
اعلام 21
اغلب 18,18
افراد 12,18,18
افرادی 17,3
افروختن 21
افزایش 13,14,17,18
افزودن 23
افزوده 23
افسردگی 13
افشانک 18
اقامت 3
اقلیت 21
البته 12
الصحية 14
الکترونیکی 17,6
الگو 11,11,13,13,17,17,17,17,21,21,21,21,21,6,6
الگوهای 11,11,22,6
الگوی 5,5
الیاف 22
امراض 14
امروزه 13
املاح 1
امکان 12,17,18,22,23
امکانات 17,17,18
امکاناتی 17
امید 17
امیر 21
انبار 12,18
انباشت 18
انتخاب 17,17
انجام 12,17,18,22,22,23,23
انجمادی 17,6
انجمن 23,23
اندازه 1
اندوه 12
انرژی 18
انسان 1,14,18,22
انسانی 18,18,18,18
انسانیِ 18
انسدادی 17
انطبا 13
انطباقی 13
انواع 13,13,13,17,17,18,22
انگاشته 17
انگلیس 23
انگلیسی 18,18
اهمیت 17,17
اوقات 18
اولین 18,18,22,23,23,23,23,23,23
اولیه 23,23
اولیّن 18
اپسای 21
اکتبر 18
اکیدی 18
ایالات 11,11
ایالت 23
ایجاد 12,12,14,17
ایده 23
ایران 17,17,21,21,21,21,21
ایرانی 21,21,21
ایرانیان 21
ایزو 11,11
ایست 22
ایمنی 17
اینترنشنال 17
اینجا 18,18
بارانی 18
باردار 17
بازار 18,23,23,23,23
بازبینی 18
بازنشسته 23
بازگشت 22
باستان 21,23
باشد 1,17,17,17,17
باشند 17
باعث 17,17,17,17,18
بافت 22,23
بالا 17,17,17,18
بالاتر 17
بالاتری 18
بالای 17,18
باهم 17
باوجود 17
باید 12,17,17,17,17,17,17,17,17,17,18,18
بتوانند 17
بد 17
بدخلقی 1
بدون 17,17,3
برآیند 13
برابر 17
برای 1,11,12,13,17,17,17,17,17,17,17,17,17,17,17,17,17,17,17,17,17,17,17,17,18,18,18,18,18,18,18,18,18,18,2,21,21,21,21,22,22,22,22,22,22,23,23,23,23,3,5,5
برتری 18
برخلاف 17
برخی 13,13,23
بررسی 22,23
برقراری 17
برنامهٔ 18
برند 23
برنز 21
بروز 17,23,5
بروی 13
برگرفتن 22
برگزیده 18,18
بزرگ 14,17,17,17,18,22
بزرگتر 17
بسازید 12,18,22,23
بسته 14,17
بسیار 13,17,17,17,22,23,23
بسیاری 13,13,21,23
بشقابی 17,6
بعضاً 21
بعضی 17
بلعیدن 23
بلند 3
بلکه 17,21,5
بنابراین 13,17
به 17
بهبود 23
بهتر 17,17,17,18
بهتری 18
بهداشت 11,11,11,14,22,22,23
بهداشتی 17,17,17,17,17,17,17,17,17,17,17,17,17,17,17,17,18
بهداشتیِ 18,18
بهره 13
بودن 18
بودند 18
بوده 18,21
بوسیله 11,11
بگذراند 5
بگیرد 17
بیان 13
بیاورید 17
بیاید 22
بیرون 17,22
بیرونِ 21
بیشتر 11,12,13,14,14,17,17,17,17,17,18,18,18,18,18,2,21,22,22,23,23,23,5,5,5
بیشتری 18,23
بیمار 12
بیماری 12,12,12,13,13,13
بینایی 13
بیژن 21
تأثیر 17,23
تأثیرات 14
تأسیسات 17,18
تأمین 17
تأیید 1,23,23
تابلوهای 18
تاریخ 18
تاریخی 17,18,21
تاریک 17
تاناگارا 23
تبدیل 18,5,5
تجاری 11,17,2,21,22,22,23,5
تحقیق 23
تحقیقات 23
تحمل 5
تخلیه 17,17,6
تخلیهٔ 17,17,17,17
تداخل 5,5
تراب 21
ترکی 22
ترکیبات 23
تزئینی 22
تشخیص 13
تشریفات 21
تشکیل 18,23,23,23
تصادفی 11,12,18,22,23
تصاویر 12,18,22,23,5
تظاهر 13,13
تعاملی 17
تعداد 13,18
تعدادی 18
تغذیه 18
تغییر 17,17
تغییرات 12,18,18,22,23
تغییراتی 18
تفاوت 12
تقسیم 5
تلفات 14
تلفن 11,17,2,21,22,5
تلنباری 17
تماس 17
تمدن 17,18,18,21
تمیز 17,18,18,18,22
تمیزی 18
تنباکو 14,14,14,14,14
تنفسی 14
تنها 17,17,18,18,5
تهویه 17
تهیه 23
توالت 17,17,17,17,17,17,17,17,17,17,17,17,17,17,17,17,17,17,17,17,17,17,17,17,17,18,18,18,18,18,18,18,18,18,18,18,18,18,18,18,6,6,6,6,6
توالت_در_ژاپن 18
توالتی 17,17,17,18
توجه 14,6
توزیع 23,23
توسط 21,22,23,23,23
توسعه 23
توشه 17
توصیف 17
توصیه 17,17,23,23
توصیهٔ 18
تولنر 23
تولید 17,18,23,23,23,23
تولیدکنندهٔ 18,18
تکانشی 5
تیره 17
تیوب 23
تیوبی 23,23
تیون 21
ثانیه 17
ثروتمند 18,18
ثروتمندان 18
جاری 18
جامد 17,17
جانمایی 17
جانوران 18
جاهای 18
جایگاه 18
جایگزین 18
جایی 17
جداگانه 17,18
جدید 18,18
جزئیات 11,17,18,2,21,22,5
جستارهای 13,17,21,22,6
جسمانی 5,5,5
جلوتر 18
جلوگیری 1,17,18
جلوی 17
جمعه 21
جمعیت 18
جمله 17,17,22
جمهوری 21
جنسی 11,11
جنسیتی 17
جنکینز 23,23
جنین 14
جهان 14,18
جهانی 11,11,17,18,18,18,18,18,18
جوان 13
جودیت 5
جوزفین 11
جویدن 14
حاضر 17,18
حالت 17,17,18
حاوی 23,23,23,23,23
حتماً 17
حداقل 17,17
حداکثر 17
حساب 12,12,18,18,18,22,22,22,23,23
حضور 17
حمام 17,17,17,17,17,17,17,17,17,17,21,21,21,21,21,21,21,21,21,21,21,21,21,21,21,22,22,22
حملهٔ 17
حوله 22,22,22,22,22,22,22,22,22,22
حولهٔ 22,22
حولی 22
حَوَلَ 22
حکومت 18
خارج 18,18,23
خاصی 18,18,21
خاصیت 22
خاطر 14
خانه 17,17,17
خانواده 22
خانوادگی 13
خانگی 22,22,23,23
خاوری 17
خاکستر 23
خاکم 21
خبرنگاران 13
خبرگزاری 17,21
خروج 17
خریداری 23
خزینه 21
خستگی 12
خصوص 12,14,18,22,23,5
خصوصی 17
خطای 11,11
خطرآفرین 1
خطوط 13
خلاء 17,17
خمیر 23,23
خمیردندان 23,23,23,23,23,23,23,23,23,23,23,23,23
خمیردندانی 23
خواب 17,17,17,22
خوابدار 22
خواست 13
خواهد 17
خوبی 23
خودشیفتگی 13
خودِ 18
خودکار 17,6
خوراکی 11
خوشبوی 21
خولی 22
خوکی 17,6
خیلی 14
داخل 17,17,17,18,21
دادن 17,18
داده 12,14,14,18,22,23,23,5
دارای 1,11,11,11,12,17,17,17,17,18,18,18,21,22,22,22,23,23,6
دارد 12,17,17,17,17,17,17,18,18,18,18,18,22,23,3,5
دارند 13,13,13,22
دارو 5
داشت 18
داشتن 1,17
داشته 17
دانشنامه 23
دانشنامهٔ 12,12,14,18,18,22,22,23,23,3,5,6
درآمدن 21
درآمده 21
درازمدت 1
دربارهٔ 11,12,13,14,17,17,17,18,21,21,21,21,22,23,5,6,6
دربرگیرندهٔ 18
درجه 17
درجهٔ 17,17,17,17
درخت 23
درختان 18
درزگیری 17
درصد 18
درمان 13
درون 17
دریایی 18
دسامبر 17,2
دسترس 11,17,17,2,21,22,5
دسترسی 17,17
دستشویی 17,17,17,17,17,17,17,17,17,22
دستمال 17,17,17,17,18,18,18,6,6,6
دسته 17
دستی 17,22
دعوت 12,18,22,23
دلار 23
دلاویز 21
دلایل 13,17,18
دلیل 17,17,17
دمای 17,17
دندان 23,23
دندانی 23,23,23,23,23
دنیا 14
دنینگر 23
دهان 14,23
دهنده 23,23,23
دوباره 23
دوران 21
دوره 18,21
دورهٔ 18,18
دوستان 13
دولتی 18
دچار 17,17
دکتر 23,23
دیدنیِ 17
دیده 13,17,21,22
دیدگاه 22
دیوار 17
دیگر 12,12,13,14,17,17,18,18,18,18,18,22,22,22,23,23,23,3,5
دیگران 14
دیگرِ 21
دیگری 17,18
ذرات 1
راحتی 17
راهرو 17
رایج 18,23
رسوم 21
رسیدن 5
رطوبت 17
رعایت 17
رفتار 11,5
رفتاری 13
رفته 17,22,23
رواج 18
روان 13,13,13,5
روانی 13,13,13,13,13,13
روباز 18
روحی 13
روده 17
رودهٔ 17,17
روزهای 21
روزِ 21
روزگار 23
روستا 13,17
روستاهای 17,17
رویدادهای 12,18,22,23
رژیم 18
ریخت 22
ریختگی 13,17
ریشه 13,22,22,22,22
زانو 17
زانوهای 17
زانوی 17,21
زاویهٔ 17,17
زبان 11,17,17,17,18,18,22,22,22,23
زغال 23
زمان 17,17,18,18,18
زمانی 18,18
زمانیِ 21
زمینه 23
زنان 14,17,17,17,6,6
زنانه 21,21,21,21
زندگی 13
زیاد 14,23
زیادی 13,17,17,18,18,22
زیان 11,11
زیرا 17,17,18,18
زیرین 17
ساحلی 22
ساخت 12,18,18,22,23
ساخته 17,18,18,18,18,18,18,21,22,23,23
ساختِ 18
سازمان 11,17,2,21,22,5
ساعت 11,17,2,21,22,5
سالمندان 18
سامانه 12,12,12,18,18,18,22,22,22,23,23,23
سامانهٔ 18,18,18
سانتیمتر 17
سانگی 23
ساکنین 13
سایر 12,12,17,18,21
ساینده 23
سراسر 5
سرانجام 23
سرباز 17
سرطان 14
سرویس 11,17,17,17,17,17,17,17,17,17,17,17,17,17,18,21,21,23
سرپایی 17,17,18
سرپوشیده 17
سرگیجه 13
سطحی 23
سطلی 17,6
سقفی 17
سلامت 11,14
سلامتی 17,17
سلسیوس 17
سلطان 21
سنتی 17,18,18,18,18
سوئی 1
سوختن 21
سوختی 21
سودمندی 18
سوزان 17,6
سولاب 17
سپتامبر 18
سیار 17,6
سیفونه 17,6
سیفونی 18
سینک 18
سیگار 14,14,14,14,14,14
سیگاری 14
شاخهٔ 23
شامل 23,23
شاهزاده 18
شاپور 21,21,21
شبکه 18
شدهاند 23
شدیدتر 17
شرایط 23
شرکت 18,23,23,23,23,23,23
شغلی 5,5
شفیلد 23,23
شلوغی 17
شمار 17
شناخته 18
شناختی 5
شناسی 21
شهرهای 1,13,18,21,21
شهری 18
شورای 22
شوند 17
شوکه 18
شوید 12,12,18,18,22,22,23,23
شوینده 23
شکاف 17
شکستگی 17
شیراز 21
شیمیایی 17,6
شیون 17
صبحِ 18
صفجه 12,14,18,22,23,5
صفحه 11,12,12,12,12,12,14,14,14,17,18,18,18,18,18,21,22,22,22,22,22,23,23,23,3,5,5,5,5,5
صفحهٔ 12,12,12,14,17,17,18,18,18,22,22,22,23,23,5
صورت 12,17,17,17,18,18,22,23,23,23
صورتی 17
ضدعفونی 23
ضروری 17
طبقهٔ 5,5
طبیعی 17,6
طراح 17
طراحی 17,17,17,17,17,17
طرفداران 18
طریق 13,17
طوری 17
طولانی 1
ظروف 17
عامل 12,23
عبارت 12,18,22,23,23
عبارتند 13
عراقی 23
عربی 22
عرضه 23,23,23,23
عقیده 13
علامتی 11,17,2,21,22,5
علاوه 18
علّت 18,18,18
عمده 23
عملکرد 11,12,23
عمومی 11,11,17,17,18,23,23,5,6,6,6
عنصر 23
عنوان 12,18,18,23,23,23,5
عوامل 1,13
غایط 6
غذایی 18,18,18
غربی 18,18,18,18
غیرانتفاعی 11,17,2,21,22,5
فارسی 12
فارمر 17
فاصلهٔ 17
فاضلاب 17,17,18,18,18,18,18,18,18,18
فراهم 22
فراوان 17
فراوانی 23
فراورده 23
فراوردهٔ 23
فراگیرتر 17
فرخنده 21
فردای 18
فردی 22,5
فرنگی 17,17,17,17,17,17
فرهنگ 18,21
فرهنگستان 22
فرهنگی 21
فروخته 23
فروش 18,18,18,18
فشار 17
فشردن 23
فضاهای 21,22
فضای 18
فضولات 18,18,18,18
فعال 23
فلوراید 23,23,23,23,23
فناوری 18
فواصل 21
فواید 23
فورانِ 18
فیروز 21
فیزیکی 1
قائل 12
قائمه 17
قابل 12,14,14,14,14,17,17,17,17,17,18,18,22,22,23,23,5,6
قابلیت 23
قبیل 14
قدیم 21,21
قدیمی 21
قرار 17,17,17,18,18,18,18,18,22,23,23
قرارگیری 17
قلبی 14,17
قوانین 18,18
قیمت 18,23
لائوس 6
لازم 17
لاندن 23
لحاظ 5
لرزش 13
لرزه 18
لغزنده 17
لوازم 23
لوستر 17
لیکن 21
مؤثر 14,17,23,23
ماده 23
مادهٔ 14,23
مارس 6,6
مارک 5
مانند 12,14,17,17,17,23
مایعات 22
مباحث 23
مبال 17
متحده 11,11,18,18
متخصصان 13
متری 17
متصل 12,14,18,18,18,18,22,23,5
متعلق 11,17,2,21,22,5
متفاوت 12,14,18,23
متوسط 17
مثال 13,22
مجاری 18
مجرای 17,18
مجموع 14
محافظت 6
محبوبی 21
محبوبیت 23,23
محتوای 12,14,18,22,23,5
محتویات 12,14,18,22,23,5
محدودیت 17
محرمیت 17
محصول 23,23,23,23,23
محلی 11,11,17,21
محمدکریم 21
محیط 13,17
محیطی 13,17
مخالف 17
مخالفت 17
مختلف 17,22
مختلفی 13,22
مخزن 12,14,18,22,23,5
مخصوص 17,18
مخفف 18
مدارک 18
مدتی 21
مدرسه 13,21
مدرن 17,18
مدفوع 17,17
مدیر 21
مذهبی 18
مذکور 23
مراکز 17,18,18
مربع 17,17
مربوط 21
مرتبط 12,17,17,21,5,5
مردان 17,6,6
مردم 18,21,21,22
مرده 14
مرکز 17,17
مزاحم 17
مسئله 17
مساحت 17
مسافران 17
مسافرتی 17
مستراح 18
مستراحی 18
مستقیم 14,21
مستند 22
مستی 5
مسکونی 17,17
مسیر 17
مشابه 11,11,17,18,21,21
مشابهی 23
مشاهده 11,13,13,17,17,21,21,21,6
مشخص 23
مشخصه 11
مشهد 21
مشکل 17
مشکلات 13
مشکلاتی 17,17
مشکی 21
مصرف 1,13,14,14,18,18,23,5,5,5,5,5,5,5,5,5
مصریان 23,23
مطالعه 23
معاصر 21
معتبر 17
معدنی 23
معرض 13
معرفی 23
معروف 13,21
معلول 18
معماری 17,17,21,21
معمولاً 17,21,21,22,6
معنا 22
معنای 22,22,22,23
مفاصل 17
مفید 23
مقابله 18,18
مقالهٔ 18,18
مقاوم 17
مقدار 14
مقعد 17,17,17,18
ممنوع 18
ممکن 17,17,22,23,3
منابع 14,17
منازل 17
مناسب 17,17,17,17,17,17,17,17,17
مناسبی 17
مناطق 17,17,18
مناطقی 18
منبع 17,17,18,18,23,3
منجر 5,5
منظم 21
منظور 21,23
مهجور 21
مهدی 21
مهلک 14
مهمان 17
مواد 11,17,17,18,21,23,23,23,5,5,5,5,5,5
موارد 17,17,23,23
مواردی 23
موجود 17,17,18,21,21,6
مورد 17,17,18,18,18,22,23
موزه 21
موضوع 18,23
موفقیت 23
مکانی 3
میان 12,17,18
میانهٔ 17
میانگین 17,17
میخک 23
میراث 21
میزان 14,17,18,23,23
میلاد 23
میلادی 23,23,23,23,23,23
میلر 23
میلیارد 23
میلیون 14,17
مینا 23
میکروبی 11
ناحیهٔ 17
نادر 23
ناشناخته 11,11,23
ناشی 13,14,17,21
ناقل 11,11
نامتعدل 5
نانو 23
ناهنجاری 12
ناهید 17,17
ناچیز 21
نباید 17
نبود 17
نبودن 17
نتواند 5
نتیجه 18
نخستین 18
نخواهد 17
نداریم 22
نرسه 21
نزدیک 17,17,17,17,17,17,22
نسبت 13,17,18,23
نسخه 12,18,22,23,5
نشان 18
نشانهٔ 17
نشانی 12,18,22,23
نشده 23
نشستن 17,17
نشسته 17,18
نشیمنگاه 17,6
نظریه 5
نقاش 13
نقاشی 13,13,13
نقاط 11,11
نهاوند 21
نهایت 13
نوار 12,18,22,23,3
نوازنده 23
نوامبر 17,21,22,22
نورپردازی 17
نوزده 23
نوزدهم 23
نوسنگی 21
نوشته 18,18
نوعی 17,23
نویفرت 17
نوین 13
نکات 17
نکردن 17
نگار 13
نگهدار 17,17
نگهدارندهٔ 23
نیاز 17,17,17,17,17
نیازمند 17,23
نیرو 22
نیست 12,18,22,23,23
هادی 17,17,6
هاضمه 17
هافمن 5
هایشان 13
هجری 23
هدایت 21
هرچند 12,17,18,22,23
هرگاه 5
هزاران 14
هزینه 17
هستند 1,17,17,22
هشتم 18
هشدار 14,23
همان 21,5
همانند 18
همراه 11,11,12,14,17,18,22,22,22,22
همسنگ 23
همسویی 18
همنشین 21
همهٔ 12,12,17,18,18,22,22,23,23,5
همچنان 18
همچنین 14,17,17,17,18,21,22,23,5
همگانی 11,17,17,17,18
همین 12,17,17,17,18,22,23
هنگام 17,17,21
هنگامی 5,5,5
هواپیما 17,6
هوای 22
هوشمند 17,6
هوله 22
هولی 22
هیدروکسی 23,23
هیزم 21
وابستگی 5,5,5
وارد 12,12,12,14,18,18,18,18,18,22,22,22,23,23,23
واسطهٔ 23
واشلت 18
واشورِتّو 18
واشینگتن 23
واشیکی 18
والدین 17
واژه 22,22,22,22,22
واژهٔ 18
واژگان 17,17
واگذار 23
واگیردار 18
وجود 11,11,11,11,11,11,11,11,11,11,11,11,11,11,11,11,11,11,11,11,11,13,13,13,13,14,17,17,17,17,17,17,17,17,17,17,17,17,17,17,17,17,17,17,17,17,17,17,17,17,17,17,17,17,17,17,17,17,17,17,17,17,17,17,17,17,17,17,17,17,18,18,18,18,18,18,18,18,21,21,21,21,21,21,21,21,21,21,21,21,21,21,21,21,21,21,22,22,5,5,5,6,6,6,6,6,6,6,6,6,6,6
ورنوری 5,5
ورودی 17
وسیلهٔ 17,17
وضعیت 18
وکیل 21
ویرایش 11,11,17,17,17,2,21,21,21,21,22,5,6
ویژه 12,18,21,22,23,23,5
ویژهٔ 18,18
ویکی 12,18,22,23
پاتیون 21
پارسی 22,22
پارسیترکی 22
پارچه 22,23
پارکینسون 13
پاهای 18
پاکسازی 18
پایدار 12,18,22,23,5
پایه 17
پایهٔ 17
پایین 17
پراکتر 23
پرجمعیت 18
پردازی 17
پرزهای 22
پرسید 21
پزشکی 12,13
پسرش 23
پسوند 22
پنجرهٔ 17
پنداری 13
پهنای 18
پودر 23,23,23,23
پودرهای 23,23,23,23
پوست 18
پوسته 23
پوسیدگی 23,23
پولی 17,6
پُرز 22
پیدا 13,18,18,18,23,5
پیداست 21
پیرامون 12,12,12,14,18,18,18,18,22,22,22,22,23,23,23,5
پیرنیا 21
پیشگیرانه 14
پیشگیری 11,11,11,14,23
پیشین 12,14,18,22,23,5
پیوند 11,11,12,12,14,17,18,18,21,22,22,23,23,3,5,5,5
پیوندهای 12,14,18,18,22,23
پیچیدگی 18
چارپایان 23
چارپایه 17
چالش 3
چراغ 17,17,17
چمباتمه 18
چندان 18
چندانی 23
چندین 18
چهار 21,21
چوبی 18,18
چگونگی 12,14,18,22,23,5
چیزی 22
ژانویه 22
ژاپن 18,18,18,18,18,18,18,18,18,18,18,23
ژاپنی 18,18,18,18,18,23
ژوئن 6
کاربران 22
کاربرد 18,22,22,3,5
کاربردهای 23
کاربری 12,12,18,18,18,22,22,23,23
کاربریِ 18
کارساز 17
کارهای 22
کارکرد 18,5
کاری 22
کاسهٔ 17,17,17
کاشان 21
کاغذ 18,18
کاغذی 22,22
کافی 17,17,17,17
کامل 17
کاملاً 23,6
کاهش 18,5
کایرا 17
کراس 23
کردن 12,18,18,22,22,22,22,22,23,23,23,3,6,6
کرمان 21
کسالت 12
کسانی 17
کشور 18,18,18,18,23
کشورهای 18,18
کشیدن 13,14,14
کشیده 3
کلسیم 23
کلمه 18
کلمهٔ 18
کلینیکی 23
کلیهٔ 17
کلیک 18,18
کم 17
کمبود 17,6
کمتر 17
کمپانی 23
کنار 17,21
کناری 12,18,22,23
کنترل 11,11,11,11,6
کنترلیِ 18
کننده 23,5
کوتاه 3
کودکان 23
کولینوس 23,23,23
کوهستانی 18
کیفیت 17
گاهی 18
گذاشتن 17
گذشته 14,18
گران 18
گرداگرد 22
گردشگران 17
گرفت 17
گرفته 17,18,18
گرمابه 21,21,21,21,21
گرمای 21
گرنه 21
گرچه 12,18,22,23
گسترده 23
گسترش 17,18,18,18,18,23
گشاد 22
گفتاوردهای 21
گفتم 21
گفته 17,18,18
گلخن 21
گنجعلیخان 21
گوارایی 1
گودال 18
گوشت 18
گوشه 21
گویا 18
گیرد 17
گیرِ 18
گیمبل 23
یادکرد 12,14,18,22,23,5
یافت 18
یونانی 23
