آخرین 17,17,17,17,17,7
آدرس 7,7
آزاد 2
آزمایش 17,18
آزمایشی 7
آزمون 19
آسیایی 17
آسیب 19
آشنا 7
آشکار 17,19
آغاز 17,17,17,7
آفریقا 18
آلات 18,19,19,19,19,19,19,19,19,19,19
آلاتی 19
آلفرد 17,17,17,17,17,17,17,17,17,17
آلمانی 18
آلودگی_اطلاعات 1
آماده 19
آمدن 11
آمده 17
آمریکا 17,17,18
آمریکایی 17
آموزش_الکترونیکی 2
آموزشی 2,3
آنجا 17,17,19
آنجایی 19,19
آنقدر 7
آنلاین 2,2,3
آنچنان 7
آنکه 17,17,17,17
آورد 17
آوردن 12
آورده 7
آوری 19
آوریل 17,17,17
آکادمی 17,17,17,17,17,17,17,17,17,17
آکسل 17
آگاه 4
آگاهی 7
آگهی 17,17
آیتم 1,12,17,18,19,4
آینده 17,17
ابتدا 17,17,7,7
ابتدای 7
ابتلا 17
ابداع 17,19
ابداعات 12
ابراز 7
ابزار 17,19,19,19,19
ابزارهای 19
ابعاد 19
ابعادی 19
اتحادیه 17
اتخاذ 18
اتصال 18,19
اتصالات 18
اتفاق 18,7
اتوماتیک 19,19
اتوماسیون 19,19,19,19,19,19,19,19,19,19,19
اتومبیل 19,19
اثربخش 7
اثربخشی 12
اجاره 18
اجازه 18,18
اجباری 12,17,18,19,4
اجتماعی 2,2
اجرا 18,18,18,19,19,7,7
اجرای 18,19,19,19
اجزای 19,19,19
اجسام 11,11
اجماع 17
احتمال 19
احتمالاً 17,17
احتمالی 17
احتیاج 17
احساس 7,7
احقاق 7
اختراع 17,17,17,17,17,18,7
اختراعش 17
اختصاص 17,17,17,17,7
اختصاصی 17
اختلاف 17,4,7
اختیاری 12,17,18,19,4
اخیر 12,12,12,17,17,18,18,18,19,19,4,4
ادامه 17,17,7
ادبی 17
ادبیات 17,17,17,17,17,17,17,17,17,17,17,17,17,17
ادعا 12
ادعاهای 17
ادغام 12
ادوبی 7
ارئه 17
ارائه 17,17,17,17,17,17,17,17,17,17,17,18,18,18
ارایهٔ 12,18
ارتباط 12,17,18,4,4,4,4
ارتباطات 18,3,3,4,4,4,4
ارتباطی 4,4
ارتفاع 18
ارتقای 12
ارجاع 11,11,11,12,18
ارجاعات 12
اردیبهشت 17,17
ارزش 17,17,7,7
ارزشمند 12,7
ارزشمندتر 7
ارسال 17,18
ارمغان 17,17
اروپا 17,18
اروپایی 18
اریک 7
ازای 18,18
ازدواج 17
اساس 17,17,17,17,18
اساسنامه 17,17
اساسی 19
اسامی 17
استادان 4
استاندارد 18,18,18,18,19
استثنای 17
استدلال 17
استعداد 12
استعلاجی 2
استفاده 11,12,12,12,16,16,17,17,17,17,17,17,17,17,18,18,18,18,18,18,18,18,18,18,18,18,18,19,19,19,19,19,19,19,19,19,19,19,19,19,19,3,4,7,7,7
استقبال 18,18
استناد 17,17
استورتینگ 17
استکهلم 17,17,17,17,17,17
استیو 7,7,7
اسفند 17
اسلامی 1
اسلو 17
اسپانیایی 18
اسکار 17,17,17,17,17
اسکاندیناوی 17
اسکناس 18,18,18,18,18,18
اسکناسهای 18
اسکنر 18
اسکودوسکا 17
اشاره 17,7
اشتباه 17
اشتراک 4,4
اشخاص 17,17,17
اشغال 19
اشکال 19
اصطلاح 12,19
اصطلاحات 18,18,18,2
اصلاح 18
اصلی 12,17,17,18,18,18,18,19,19,4,7
اصول 19,19
اصولاً 17,7
اصولی 17
اضافی 11
اطلاع 1
اطلاعات 1,1,12,17,18,18,18,19,3,3,3,4,7
اطلاعاتشان 7
اطلاعاتی 19
اطلاق 12
اظهار 17
اعتبار 17,17,18
اعتماد 12,18,19,4
اعداد 19
اعصاب 3
اعضا 17
اعضاء 17
اعضای 17,17,17,17,17,17,17
اعطا 17,17,17,17,17,17,17
اعطاء 17,17,17,17
اعطاشده 17
اعطای 17,17,17,17,17,17,17
اعلام 17,17,17,17,17,17,17,17,17
اعلامیه 7
اعلان 17
اغلب 17,17,17,18,18,18,19
افتتاح 18
افتضاح 7
افراد 12,12,17,17,17,17,17,17,17,17,17,17,7
افرادی 17,17,17,17,17
افزار 18,18,18,18,18,18
افزاری 18,18,18,18,18
افزایش 12,12,12,12,18,18,19,19,7
افزایشی 18
اقتباس 7
اقتصاد 12,17,17,17,17,17,18,18,18
اقتصاددانان 17
اقتصادی 17,17,19
اقدام 18,7
البته 17,17,17,7
الهام 17
الکترومکانیک 19
الکترونیکی 17,18,18,19,2,2
الگو 11,11,16,16,16,17,17,3,3
الگوهای 19
الگوی 1,11,17
امرارمعاش 2
امروز 7,7
امروزه 1,18,19
امضا 17,17
املا 12,4
امنیتی 18
امور 17,17,7,7,7,7,7,7
امکان 12,12,17,18,18,18,18,19,4,4
امکاناتی 3
انبوه 19,19
انتخاب 17,17,17,17,17,17,17,17,17,17,17,17,17,17,17,17,18,18,19
انتشار 1
انتشارات 3
انتظار 18
انتقاد 17,17
انتقادات 17
انتقاداتی 17
انتقال 17,18,18,19,19,4
انجام 1,11,12,12,12,12,17,17,17,17,18,18,18,18,18,18,18,18,19,19,19,19,19,19,19,3,4,7,7,7
انجمن 2
انحلال 17
اندروید 7,7
اندرکنش 11,11
اندکی 17,17,17
اندیکیتور 18
انرژی 12,18,19,3,3
انزوای 17
انسان 11,11,19,19
انسانی 12,18,4
انشا 12,4
انفیلد 18,18
انواع 19,19
انگلستان 18
انگلیسی 17,3
انگیزه 18,18
اهدا 17,17,17,17,17,17,17,17,17,17,17,17,17,17,17,17,17,17,17,17,17,17,17,17,17,17
اهداء 17
اهداف 17,2
اهدای 17,17,17,17,17,17,17,17,17,17,17,17,17,17,17,17,17,17,17
اهدایی 17
اواخر 17
اواسط 19
اوایل 17,19
اوربیتال 17
اورولوژیست 7
اوضاع 7
اوقات 3
اولین 17,18,18,19,7,7,7
اولیه 19,19
اپتیک 3
اپراتور 18,18,19,19
اکتبر 1,17,17,17,7,7,7
اکتشاف 17
اکثریت 17,18
اکسپتور 18
اکسید 17
اکنون 18,18
اگرچه 17,18,19
ایالات 19,4,7
ایتالیا 17
ایجاد 17,17,18,19,7,7
ایران 18,18,18,18,18,18
ایرانی 18,18
ایرلند 17
ایزاکسون 7
ایمن 18
ایمنی 19
ایمیل 7
اینترنتی 3
اینجانب 17,17
اینکه 17,17,17,17,17,17,18,18,19
بارز 19
باروت 17,17
بارکد 18,18
بارکدهایی 18
بارکلیز 18,18
بارکِلیز 18
بارگیری 19
بازار 18,19,7
بازاریابی 7
بازبینی 17
بازدیدکنندگان 7
بازرگانان 18
بازرگانی 3
بازگرداندن 17
بازگشت 7
بازی 17
بازیافت 18
باشد 12,17,17,17,17,18,18,19,3,4,4
باشند 17,18,3
باشگاه 17,17
باعث 17,17,19,7
بافت 19
بالا 17,18,19,19,7
بالای 17,19
بالایی 18,18,19
بالستیت 17
بانک 17,17,17,17,17,18,18,18,18,18,18,18,18,18,18,18,18,18
بانکدار 18
بانکهای 18
بانکی 18,18,18,18,18
باهوش 18,7,7
باید 11,12,12,17,17,17,17,19,19,19,19,7
بتواند 17
بخشی 17,18,7
بد 17
بدان 18
بدرد 3
بدزدم 7
بدنم 7
بدنه 19
بدون 11,11,11,11,12,12,17,18,19,19,2,7
بدیهی 12
برابر 17
برادر 17,17,17
برادری 17
براده 19
برای 1,11,12,12,12,12,12,12,16,17,17,17,17,17,17,17,17,17,17,17,17,17,17,17,17,17,17,17,17,17,17,17,17,17,17,17,17,17,17,17,17,17,17,17,17,18,18,18,18,18,18,18,18,18,18,18,18,18,18,18,18,18,18,18,18,19,19,19,19,19,19,19,19,19,19,19,2,2,3,3,4,4,7,7,7,7,7,7,7,7,7
برتر 7
برتراند 17
برجسته 17,17,17
برخلاف 7
برخوانی 3
برخی 12,12,12,12,17,17,18,18,18,18,19,2,3,4,7,7,7
برداری 19
برداشت 18
برداشتن 7
برده 17
بررسی 1,17,19,19
برطبق 11
برطرف 7
برعهده 17,17,17,17
برقرار 18
برقراری 4
برنارد 17
برنامه 18,18,18,18,18,18,18,18
برنده 17,17,17,17,17,17,17,17,17,17,17,17,17,17,17,17,17,17,17,17,17,17,17,17,17,17,17
برندگان 17,17,17,17,17,17,17,17,17,17,17,17,17,17,17,17,17,17,17,17,17,17,17,17,17
برنرز 7
برهم 11
برپایه 17
برچسب 12,4
برگزار 17,17,17,17,17,17,17
برگزاری 17
بزرگ 17,17,17,18,19,19,7
بسازید 12,17,18,19,2,4
بسته 18,19
بسزایی 17
بسیار 18,19,7
بسیاری 17,17,17,18
بشردوستانه 7,7
بشریت 17,17,17,17
بشکافند 7
بصری 3
بطری 19
بعدی 18,18,18,19,19
بعضی 18,18
بعلاوه 19
بلوغ 12
بلکه 12
بنابراین 17,18,18,4
بنیاد 17,17,17,17,17,17,17,17,17,17
به 12,17,17,17,17,17
بهبود 11,12,18,19,19,19,19,3
بهتر 12,19,19,4,7
بهداشتی 3
بهره 17
بهرهوری 12
بهینه 12,19,19
بودن 12,17,18,4,7
بودند 17,17,17,7
بوده 19,19,19,19,19
بودیم 7
بورس 7
بورینگ 19
بوسیله 18
بپندارند 2
بکار 18,3
بگیرد 18,7
بگیرند 18,7
بیان 7
بیش 12,17,17,18
بیشتر 1,11,12,12,16,17,17,17,17,17,17,18,18,18,19,19,19,3,4,7,7,7,7,7,7,7,7
بیشتری 17,17,19,19,7,7
بیمه 18
تأثیر 11,17,17
تأثیرهایی 17
تأسیس 17,17,17
تأسیسات 19,3
تأمین 17
تأکید 4
تأیید 17,17
تئوری 17
تئوریک 17
تاجر 17
تاختند 17
تاریخ 17,17,17,17,18
تازه 17
تبدیل 17,17,19,19,19,7
تبلیغات 1
تبلیغاتیِ 17
تجاری 1,11,16,17,18,18,3,7
تجربه 19
تجزیه 7
تجهیزات 12,18,18,19,19,19,19,19,19,3
تجهیزاتی 19
تحریم 7
تحقیقات 17,17
تحول 11,3
تحویل 18,18
تخصصی 2
تخطی 16
تخلیه 19
تدابیری 12
تداومی 11
تراش 19,19,19
تراشه 18
تراشهٔ 7
تراشی 19
ترافیک 3
ترامپ 17
ترانسدیوسر 19
ترانسمیتر 19
تربیت 2
ترتیب 17,17
ترتیبی 19,19
ترجمه 18
ترحیم 17,17
تردید 17
ترغیب 2
ترمینال 18
ترور 17
تسهیل 2
تشبیه 17
تشکیل 17,17,17,17,17,18
تصادفی 12,17,18,19,4
تصاویر 1,12,17,18,19,4
تصمیم 17,17,17,7
تصور 7
تصویب 17
تطبیقی 19
تعجب 17
تعداد 17,17,17,17,17,17,18,18,18,18,18,7
تعدادی 7
تعریف 12,12,12,19,4,7
تعطیلات 2,2
تعلق 17,17,17
تعلیم 2
تعمیرات 3,3
تعویض 19
تعیین 17,17,19
تغذیه 19
تغییر 11,17,19,19,7
تغییرات 12,17,18,19,4
تفاوت 18,18
تفریحی 18
تفسیر 18,19
تفسیرهای 18
تفکّر 12
تقاضای 18
تقدیر 17
تقریبی 17
تقسیم 17,17,17
تقلید 18
تلاش 17
تلفن 1,11,16,17,18,18,3
تلویزیونش 7
تمام 7
تمامی 7
تمبر 18
تمیزکاری 18,18
تناسلی 3
تنبل 7
تنظیم 19,19
تنظیمات 18
تنها 17,7
تنوعی 4
تنیده 17
تهدید 7
تهران 18
تهیه 17,18
توافق 17
توافقات 17
توالی 19
توان 12,18,18
توانایی 12,18
تواند 18
توانمند 2
توانمندی 7
توانند 18,18
توجه 11,12,12,17,18,18,18,7
توجهی 19,19
توروالدز 7,7
تورینگ 17
توزیع 17,17
توسط 17,17,17,17,17,17,17,17,17,17,17,17,17,17,17,17,18,18,18,18,18,19,19,19,19,7,7,7
توسعه 18,19,19,19,19,19
توسعهٔ 7,7,7,7
توضیح 7
تولید 12,12,18,18,18,18,19,19,19,19,19,19,19,19,19,19,19,19,19,19,19,19,19,19,19,19,19,19,19,19,19
تولیدی 19
تکراری 12
تکمیل 18
تکنولوژی 7
تیمی 17
ثروت 17,17,17,17,17,17
ثروتمندی 7
جابجایی 18,18,19
جابز 7,7,7,7,7,7,7,7,7,7,7,7,7,7,7,7,7,7,7,7,7,7,7,7,7,7,7,7,7,7,7,7,7,7,7
جانبی 18
جاوا 18,18
جایزه 17,17,17,17,17,17,17,17,17,17,17,17,17,17,17,17,17,17,17,17,17,17,17,17,17,17,17,17,17,17,17,17,17,17,17,17,17,17,17,17,17,17,17,17,17,17,17,17,17,17,17,17,17,17,17,17,17,17,17,17,17,17,17,17,17,17,17,17,17,17,17,17,17,17,17,17,17,17,17,17,17,17,17,17,17,17,17,17,17,17,17,17,17,17,17,17,17,17,17,17,17,17,17,17,17,17
جایزه_نوبل 17
جایزهٔ 17,17,17,17,17,17,17,17,17
جایگزین 18,2
جایگزینی 19
جایی 17,7
جدال 7
جداگانه 18
جدای 7
جدید 18,19
جدیدتر 18,18,18
جدیدی 18,18
جراحی 7
جزئی 17
جزئیات 1,11,16,17,18,3,7
جستارهای 17
جستجو 7,7
جغرافیا 12
جلسه 17,17
جمعیت 16
جمله 17,17,7,7
جنبه 17,18
جنبهٔ 17
جنوب 18
جهان 17,17,17,18,18,18,7,7
جهانی 16,16,17,19
جوائز 17
جواد 3
جوایز 17,17,17,17,17,17,17,17,17,17,17,17,17,17,17,17,17,17,17,17,17,17,17,17,17,17,17,17,17,17,17,17,17,17,17,17,17,17,17,17,17,17,17,17,17,17,17,17,17,17,17,17,17,17,17,17,17
جوایزی 17,17
جورج 17
جویی 19
حاصل 12,17,17,7
حاضر 17
حالا 17
حالی 17,18
حالیکه 17
حتمی 16
حتّی 12
حداقل 18,18
حداکثر 12,12,17,18
حدود 17,18,7
حروف 19
حرکات 19
حرکت 18,19,19,19,7
حساب 12,12,17,17,17,17,17,18,18,18,18,18,19,19,19,19,19,4,4
حسگر 19,19
حسگرهای 19
حضور 4
حقوق 12,18,2,4
حقوقی 17
حقیقت 17
حلالیت 11
حلقه 19
حمایت 17
حوزه 17,18,4
حوزهٔ 4
حکمفرما 17
حکومت 17
حیات 3
خارج 18,18
خارجی 7
خاصی 18,7
خاطر 17,17,17,17,17
خالی 17
خاموش 19,19,19
خانه 7
خانواده 17
خانگی 3
خاورمیانه 18
خدمات 12,18,18,18
خدماتی 12
خدمت 17,17
خدمتی 17
خرابی 18
خروجی 19,19
خرید 17,18,18,7
خریدارانی 7
خریداری 17
خصوص 12,17,18,19,4
خصوصی 17
خطای 19
خلاف 12,17
خنجراب 18
خواسته 17,17,7
خوان 18,18
خواندن 17,17,18,18
خوانده 3
خواهد 17
خواهند 19
خوبی 7,7,7
خودداری 17,17,7,7
خودرو 18
خودروی 4
خودپرداز 18,18,18,18,18,18,18,18,18,18,18,18,18,18,18,18,18,18,18,18,18,18,18,18,18,18,18,18,18,18,18,18,18,18,18,18,18,18,18,18,18,18,18,18,18
خودکار 18,18,18,18,19,19,19,19,3
خودکارسازی 19
خودکارِ 18
خوراک 3,3
خورشیدی 18
خوشحالی 7
خونریزی 17
خیانت 7
خیریه 7,7,7
داخل 18,19
داخلی 18
دادند 17
داده 1,11,12,17,17,17,17,17,18,18,19,19,4,7
دارای 1,1,1,11,11,12,12,12,16,17,18,18,19,19,19,2,3,3,4
دارایی 17
دارد 1,12,12,17,17,17,18,18,18,19,19,4,4
دارند 11,12,17,17,18,18,18
دارندگان 18
داستان 17
داشت 12,17,19,7,7
داشتند 17
داشته 17,17,18,18,18,3,4
دانش 17,17,19
دانشجوی 7
دانشجویان 2,2
دانشمند 17
دانشمندان 17,17,17,4
دانشنامهٔ 1,11,12,12,17,17,18,18,19,19,2,4,4
دانشگاه 17,17
دانشگاهی 17,7
داوری 17
دخالت 19,7
درآمد 7
دربارهٔ 11,12,16,16,17,17,17,17,17,17,18,19,3,4,7,7,7
درجه 17,18,18
درحالی 7
درحالیکه 17
درخواست 17,7
درست 3
درستی 12,4,7
درصد 17,17,19,7
درنظرگرفته 4
درهم 17
دروغ 17
درون 18
درگاه 7
درگذشت 17,17,17,17,17
درگذشتند 17
درگذشته 17,17,17,17
درگیر 17,2
درگیری 19
دریافت 17,17,17,17,17,17,17,17,17,17,17,17,17,17,17,17,17,17,17,17,18,18,18,18,18,18,7
دریافتی 18
دریل 19
دزدی 7
دسامبر 17,17,18,7
دسترس 1,11,16,17,18,18,3
دسترسی 18,18,18,18,19
دستمزد 2,2
دسته 17,7
دستور 17
دستکاری 18
دستگاه 18,18,18,18,18,18,18,18,18,18,18,18,18,18,18,18,18,18,18,18,18,18,18,18,19,19,19,19,19,19,19
دستگاههای 18,18,18,18,18,18,18,18,18,18,18,18,18,18,18,18
دستگاهک 3
دستگاهی 18
دستی 19
دستیابی 2
دشوار 19
دعوت 12,17,17,18,19,4,7
دعوی 17
دفاع 7
دفتر 7
دفعات 17
دقیق 17,19
دلار 17,17,7,7,7
دلاری 7,7
دلخواه 18
دلیل 12,12,17,17,17,17,17,17,17,17,17,17,19,19,19,7,7
دماهای 18
دموکرات 7
دنبال 12
دهند 18,18
دهندگان 18,18
دوباره 19
دوره 1,7
دورهٔ 2,7
دوست 7
دوستان 7
دوشنبه 17
دولت 12,17,17
دونالد 17
دونالسون 2
دیجیتال 19,19
دیدگاه 11,4
دیرین 1
دیزنی 7
دیسپنسر 18
دیکشنری 3
دیگر 1,11,12,12,12,17,17,17,17,17,17,17,17,17,17,17,17,17,17,17,18,18,18,18,19,19,19,2,4,4,7,7,7,7
دیگران 7
دیگری 18,7
ذخیره 18,18
ذرات 11
رئیس 17
رابط 18,7,7
رابطهٔ 7,7,7
راحت 19,7
راحتی 19
رادولف 17
راندمان 19
راهنما 2
راگنار 17
رایانه 18,18,18,18,18,18,18,18,19,19,19,19,19,19,19,19,19
رایج 18
ربات 19
ردینگتون 7
رسانایی 17,17,17
رساند 17
رساندن 18,18
رسانه 4
رسماً 17
رسمی 17,17,17,7
رسمیت 17,17
رسوایی 17,17
رسید 17,18,18
رشته 17,17,17,17,17
رشتهٔ 4
رفته 3
رقیب 7
رمزگذاری 18,19
روابط 17
روزنامه 17,17
روستایی 18
روشن 17,19,19,19
روشی 19
روند 17,17,17,17
رونمایی 7
روکش 17
رویداد 17
رویدادهای 12,17,18,19,4
رویکرد 7
ریاضی 17,17,17,17
ریاضیات 17,17,17,17,17,17,17
ریاضیدانان 17
ریدر 18,18
ریزی 18
ریمو 17
زبان 11,11,12,16,16,18,18,18,18,19,19,19,3,3,3
زبانهای 18,18
زبانی 18
زمان 17,17,17,18,18,18,18,19,4,7
زمانی 19,4,7,7
زمینه 17,17,17,17,17,17,17,17,17,17
زمینهٔ 7,7
زنان 17,17
زنده 17,17,4,7
زندگی 17,17,7
زودتر 17,7
زودی 17
زیاد 2
زیادی 17,2,7
زیبایی 18
زیرا 17,19
سابق 17,17
سابقاً 17
سابقه 18
ساخت 12,17,17,17,18,19,19,19,19,19,4,7
ساختار 17,17
ساختمان 18,3
ساختن 19,2
ساختند 7
ساخته 17,18,18,7
ساده 19
سادگی 18
سازمان 1,11,16,17,17,17,17,18,19,3
سازمانهای 17
سازمانی 12,12
سازی 18,19,19,19
ساعات 18
ساعت 1,11,16,17,18,19,2,2,3
ساقط 17
سالانه 17,17
سالم 7
ساله 12,17
سالهای 17,17
سالگرد 17,17,18
سالگی 17
سالی 17
سامانه 1,12,12,12,17,17,17,18,18,18,19,19,19,4,4,4
سانتیگراد 18
سایت 3,3
سایر 17,17,17,18,19,7
ستون 3
ستونی 19
سراسر 17,18
سرانجام 17,17
سرانه 18
سرتاسر 4
سرطان 7
سرطانش 7
سرعت 19,19
سرمایه 17,17,19
سرواژهٔ 3
سرورهای 18
سریع 19
سطوح 12,12,12,12
سفارشی 18
سلطنتی 17,17,17,17
سنتی 19,19
سنسور 18,18
سنسورهای 18
سنگین 18
سهام 7
سهولت 7,7
سوئد 17,17,17,17,17,17,17,17,17,17,17,17,17,17,17,17,17,17,18
سوئدی 17
سوئیس 18,18
سوئیچ 18
سوخت 16
سودمندی 12
سودِ 12
سوراخ 19
سولمان 17
سپتامبر 17,7
سیاست 7
سیاستمداران 7
سیستم 18,18,18,18,18,18,18,18,18,18,19,19,19,19,19,2
سیستمهای 18
سیصدمین 17
سیما 3
سیگنال 7
شاخص 18,18
شارژی 17
شاغل 7
شامل 17,17,18,18,18,18,19,19,4
شانسی 7
شاید 2
شباهت 17
شبکه 18,18,18,18,18,18,19,19
شبیه 18
شتاب 18
شخصی 17,17,17,17,17,17,17,18,18,18,18,18
شخصیتی 17
شدند 17
شرایط 17,19,19
شرایطِ 12
شروع 18,18,19
شرکت 18,19,7,7,7,7,7,7,7,7,7,7,7,7
شریک 7
شریکِ 7
شعار 7,7
شعبات 18
شعبه 18,18,18
شمار 17,17
شمارش 18
شمارشگر 18
شماره 1,18
شمال 18,18
شناختن 17
شناخته 17,17,18,7
شناسایی 18,18
شناسی 18
شهرداری 17
شوند 17,18,19
شونده 19
شوید 12,12,17,17,18,18,19,19,4,4
شکایت 7,7
شکستم 7
شیشهٔ 7
شیمی 17,17,17,17,17,17,17,17,17
شیمیدان 17
صادر 18,18
صحبت 17
صحنه 17
صدای 18
صرافی 18
صرفنظر 17
صفجه 11,12,17,18,19,4
صفحات 3,7
صفحه 1,11,11,11,11,12,12,12,12,16,17,17,17,17,17,18,18,18,18,18,18,18,18,18,19,19,19,19,3,4,4,4
صفحهٔ 11,12,12,12,17,17,17,18,18,18,19,19,19,4,4,7
صلاحیت 17,17,17
صلیب 17
صنایع 12,17,19
صنعت 18,18,19,19
صنعتی 19,19,3,3
صوتی 3
صورت 12,17,17,17,17,17,18,19,19,19,19,19,19,4
ضربه 18
ضرورت 19
ضعیف 7
ضوابط 12
طراحی 18,19,19,7
طرفداران 7
طریق 18,19,19,19,19,19
طلای 17
طلایی 18
طولانی 17,7
عابربانک 18,18,18,18,18,18
عالی 17
عامل 18,18,18,18,18,18,18,18
عامیانه 18
عبارت 12,12,17,17,18,19,19,4
عبارتند 17,19
عددی 19,19,19,19,19,19,19
عرصه 17
عرضه 7
عصبانی 7
عضویت 17
علاقه 18
علاقهٔ 7,7
علامتی 1,11,16,17,18,3
علاوه 19
علمی 16,17,17,17,17,17,17,17,17,7
علنی 17
علوم 17,17,17,17,17,17,17,17,17,17,17,17,17,17,17,17,17,17,17,17
علیرضا 1
علیه 7
عمدتاً 17
عمده 18
عمرشان 7
عملاً 12
عملکرد 18,18,19,7
عملکردی 7
عملی 17,17
عملیات 19,19,19,19,19
عموماً 19
عمومی 18,18
عنصر 12
عنوان 17,17,18,18,18,18,19
عهده 17,17
عهدهٔ 17
عواقب 18
عوامل 19
عیار 17,17
غالباً 18
غدهٔ 7
غربی 17
غلتک 19
غیرانتفاعی 1,11,16,17,18,3
غیرمجاز 7
غیرمستقیم 7
فارسی 3
فاصله 17,18
فاقد 19
فایده 17
فرآیندهایی 19
فرانس 17
فرانسوی 17,17
فرانکویس 17
فراهم 18,18,18,18,18,18
فراوانی 17,17,17,19,19
فرایند 19,19,19,19,19,4
فرایندهای 19,19,19
فرایندی 4
فردا 7
فردی 12,12,12
فرستاده 17
فرستنده 4,4,4
فرضیه 17
فرهنگ 3
فرهنگستان 17,17,17
فرهنگی 17,17
فروردین 17
فروش 18,19,7,7
فروشندگان 18
فرکانس 3
فزاینده 18
فشار 17,7
فصلنامه 1
فضای 19,19
فعال 17,18
فعالیت 17,17,7
فلزی 19
فلوید 7
فناوری 17,17,17,19,19,3,3,3
فهرست 17,17,17,17,17
فوریه 17,17
فیزیولوژی 17,17,17,17,17,17,17,17,17,17
فیزیک 17,17,17,17,17,17,17,17,17,17,17
فیزیکدان 17
فیلم 11,17,18,7
فیکسچر 19
قابل 11,11,12,12,17,18,18,18,18,19,19,19,19,19,19,19,19,19,19,19,19,4,4,4,7,7
قابلیت 16,18,18,18
قادر 18,18,18,18,19
قانون 17
قانونی 7
قبلاً 17,18
قبلی 17,19
قبول 19,7
قدرت 19
قدرتمند 19
قدرتی 7
قدیمی 18,18
قرار 17,17,17,18,18,18,18,18,18,3
قراردادن 18
قرمز 7,7
قریب 18
قسمت 17,17,17,17,17,19
قطعات 18,19,19,19,19,19,19
قطعه 19,19,19
قهرمانان 17
قوانین 17
قوهٔ 7
قیمت 18,18,19,7
لایق 17
لایه 18
لحاظ 4
لطفا 18
لطفاً 11,11,12,12,18,4
لفظی 7
لفلر 17
لمسی 18
لندن 18
لهستانی 17
لودویگ 17
لوله 16,16
لوکاس 7
لوییس 17
لیست 17,17
لیلیِکوئیست 17
لینوکس 18,18,18,18
مؤثر 12,12
مؤسساتی 17
مؤسسه 17,17,17,17,17,18
مؤسسین 7,7
مادر 11
مادهٔ 12
مارس 11
ماسبق 2
ماشین 11,18,18,19,19,19,19,19,19,19,19,19,19,19,19,19,19,19
ماشینی 18
مالی 17,17,18,18,18,18,18,7,7
مانترای 18
ماندل 17
مانند 17,18,18,18,18,18,18,19,19,19,19,4,7
ماهاتما 17
ماهر 19
ماژول 18,18,18,18,18
ماژولهای 18,18,18,18
ماکیارینی 17
مایع 19
مایکروسافت 7,7
مایکل 17,7,7
مباحثه 2
مبارزه 7
مبتلا 7
مبتنی 18,19,7
مبلغ 17,17,17,17,17,17,17,7
مبلغی 17,17
مبنای 7
مبهوت 17
متحده 16,19,4,7,7,7
متحرک 3
مترجم 18
مترو 18
متری 18
متصل 1,12,17,18,18,19,4
متعدد 19
متعلق 1,11,16,17,18,3
متعهد 2
متفاوت 17,19
متفاوتی 18,19
متقابل 11,11
متقاضیان 18
متقاعد 17
متهم 17,17
متوجه 7
متوسط 18,2
مثابهٔ 2
مثال 18,19
مجاز 17
مجازی 19,3
مجامع 17
مجبور 17
مجتمع 18,19
مجدد 18,19,19
مجدداً 7,7
مجریان 17,17
مجزا 17
مجلهٔ 7
مجمع 17,17
مجموع 17
محاسبات 18
محاسباتی 18
محافظت 17
محبوبیت 19,19
محتوا 18
محتوای 11,11,12,17,18,19,2,4
محتویات 11,12,12,17,18,19,4,4
محدود 17,17,18
محدودیت 17
محروم 17
محصول 19,19,7,7,7
محصولات 19,19,19,7,7,7
محفظه 18,18,18
محقق 17
محله 18
محلول 11
محلی 16,16,17,17,17,4
محوطه 18
محیط 18,18,3
مخالف 17
مخالفت 17
مختار 17
مخترع 17,7
مختلف 12,18,18,18,19,19,19,19,19,19,7
مختلفی 12
مخزن 1,12,17,18,19,4
مخصوص 17,17,17,19
مخصوصاً 19
مخصوصی 3
مداخله 7
مدارهای 18
مدال 17,17,17
مداوم 18,19
مدرس 17,2,2,2
مدرن 19
مدرک 7
مدیر 3
مدیران 7
مدیرعامل 7,7,7,7
مدیره 17
مدیرهٔ 7
مدیریت 12,18,7
مذکور 17,17,17,17,17
مراسم 17,17,17,17,17,17
مراکز 18
مربوط 12,17,17,17,17,17,18,19,7,7
مرتبط 17,18,18
مرحله 19,2,2,2
مردم 17
مردی 17
مرسوم 18
مرور 18
مرورگر 7
مرکز 18,19
مرکزی 17,17,17,17,17,18,19,19
مرگش 17,17
مرگشان 17
مزاحم 7
مزایای 18,19
مسئله 17,17,17,7,7
مسئول 17,7
مسائل 17
مساوی 17
مستقل 17,18
مستقیم 17,18,19,19,19,19
مستقیماً 17,19
مستندات 17
مسلمان 17
مسلمانان 17
مسنجر 3
مسیحیان 17
مسیرهای 19
مشابه 16,16,17,17,19,4
مشاغل 12,18
مشاهده 11,12,16,16,17,18,3
مشاوران 17
مشترک 17,18
مشترکات 4
مشتری 18,18,18,18,18,18,18,18,18,18
مشتریان 18,18,18,18
مشخص 17,17
مشهور 17,17
مشوش 17
مشکل 2,7,7,7
مصاحبه 7
مصنوعی 19
مصوب 3
مطالب 11,12,18,3
مطالعاتی 4
مطالعه 17
مطرح 12
مطلب 17
مطمئن 17
معادل 17
معاملات 18,18,18
معامله 18,18,7
معانی 4
معتبر 12,17,17
معتقدند 17
معرف 17
معرفی 17,17,17,17,17,19
معلم 7
معلوم 7
معماری 18,18
معماریهای 18
معمول 18,18
معمولا 18
معمولاً 17,17,17,18,18,18,18,18,19,19,19,7
معمولی 19
معنا 4,4
معنای 19
معنی 18,19,3
معیارهای 18
مغزی 17
مفاهیم 12,4
مقابل 12,7
مقاله 11,12,12,12,12,17,18,18,18,3,4,4
مقامات 17
مقایسه 12,17,17,7
مقدماتیِ 17
مقننه 17
مقولهٔ 7
مقیاس 19
ملاقات 7
ملاقاتی 7,7
ملوانان 18
ملّی 12
ملیت 17
ممکن 11,12,12,12,17,17,18,18,18,18,18,4,7
منابع 11,12,17,19,3
مناسب 17,19,19
مناسبت 17,17,18
مناطق 18
منبع 11,11,11,16,16,18,18
منتخب 17,17
منتفی 17
منجر 19
منحل 17
منزله 17
منصوب 17
منطقی 16,19,19,19,19,19
منظور 11,12,4
منفجره 17,17
منفی 1,17,7
مهارت 12
مهروموم 17
مهلت 17
مهم 17,17
مهمی 17
مهندس 17,17,2
مهندسی 16,18,3,7
مهندسین 7
مواد 11,17,17,19,19,19,19,19
موارد 17,17,17,17,19
مواردی 12,17
موانع 17
موثرتری 19
موجب 11
موجود 17,17,18,19,19,19,3
موجودات 4
موجودی 18,18
مورد 11,17,17,17,17,17,17,17,17,17,17,17,17,17,17,17,17,17,17,18,18,18,18,19,19,4,7,7,7,7,7,7,7
موسسات 17,17,18,18
موسیقی 7,7,7
موضوع 12,17,17,19,7
موفق 17,2
موفقیت 17
موقع 7
موقعیت 19
مولکول 17
مُوازی 12
مکان 18
مکانی 18,4
مکانیزه 19
مکانیک 19
مکانیکی 19
مکاینزاسیون 19
میان 11,17,17,17,17,17,18,19
میتاگ 17
میرشکاری 3
میزان 11
میزبان 18,18
میلادی 17,17,17,18,7
میلیاردی 7
میلیون 17,17,17,18,18,18,7,7,7
میکرو 3
میکروکنترلر 18
میگیرد 17
نابود 7
نادرست 1,18
نادیده 17
ناراحت 17
ناراحتی 7
ناشی 18
ناظر 19
نامزد 17,17,17,17,17,17,17,17,17,17,17,17,17,17,17,17,17
نامزدهای 17,17,17,17,17,17,17
نامزدی 17,17,17,17,17,17
نامشروع 17
نامه 17,17,17,17,17,17
نامیده 18
نانو 3
ناکارآمد 19
ناگزیر 17
نبود 17,17,17,17
نتایج 17
نتوانند 2
نتیجه 17,17,19,19
نجات 7
نحوه 17,7
نخستین 12,17,17,17,17,17
نخواهد 17,7
نخواهند 17
نداد 7
ندارد 4,7
ندارند 19
نداشت 7
ندانستن 17
ندرت 17
نرسند 17
نروژ 17,17,17,17,17,17,17,17,18
نروژی 17,17,17
نزدیک 18
نزدیکی 18
نسبت 12,17,19
نسخه 12,17,18,18,19,4
نشان 17,17,7
نشانی 1,12,17,17,18,18,19,4
نشده 17
نشریات 17
نشریه 17
نشست 7
نظامی 17,17,17,17,3
نظرات 17
نظرش 17
نظریه 17,17
نظیر 18
نفرِ 17
نفوذ 17
نقاط 17
نقدشدنی 17
نقطه 19
نماد 7
نمایان 7
نمایش 18,18,3,3
نمایشگر 18
نمونه 17,17,17,17,18
نهاد 17,17,17
نهادن 17
نهایی 17,17,17,17,17,19
نوآوری 3
نوار 12,17,18,19,4
نوامبر 11,16,17,17,17,17,17
نوبل 17,17,17,17,17,17,17,17,17,17,17,17,17,17,17,17,17,17,17,17,17,17,17,17,17,17,17,17,17,17,17,17,17,17,17,17,17,17,17,17,17,17,17,17,17,17,17,17,17,17,17,17,17,17,17,17,17,17,17,17,17,17,17,17,17,17,17,17,17,17,17,17,17,17,17,17,17,17,17,17,17,17,17,17,17,17,17,17,17,17,17,17,17,17,17,17,17,17,17,17,17,17,17,17,17,17,17,17,17,17,17,17,17,17,17,17,17,17,17,17,17,17,17,17,17,17,17,17,17,17,17,17,17,17,17,17,17,17,17,17,17,17,17
نوبه 19
نورد 19
نوشتار 11
نوشته 17,17
نویسنده 17,17
نویسندگان 17
نویسی 18
نوین 1,16
نویی 3
نکته 7
نکتهٔ 7
نکرده 17
نکست 7,7,7,7
نگاری 18
نگاه 7,7
نگرانی 17,18
نگرفت 17
نگرفته 18
نگیرد 17
نیاز 12,18,18,18,18,19,19,19,19,19,19,2,4
نیازمند 11,11,12,12,12,18,18,18,18,18,3,4,4,4
نیازهای 1,19
نیازی 19
نیروهای 17
نیروی 12,12,19,19,19
نیست 12,12,17,18,19,4,7
نیستند 18
نیمی 7
هامبورگ 18
هایپرتکست 7
هایی 18
هدایا 17,17
هدایت 18
هردویمان 7
هرساله 17
هرچند 12,17,18,19,4
هرگز 17,7,7,7
هرگونه 7
هریک 17,17
هزار 18,7,7
هزینه 12,12,19,19,19,19,19,19
هستند 17,17,17,17,18,18,18,3
هستهٔ 7
هستیم 12
هفته 2,2,2,2
هلند 18
همان 17,17,17,17,17,17,18
همراه 12,12,17,17,4
همسان 4
همسایهٔ 7
همسر 17
همسرش 17,7
همهٔ 1,12,12,17,17,18,18,19,19,4,4,7
همواره 7
همچنان 17,17,18
همچنین 11,17,18,18,18,19,19
همکار 7
همکاران 17,17
همکاری 17,7
همگی 7
همیشه 7
همین 1,12,17,17,18,19,19,4,7
هندلینگ 19
هندوی 17,17
هنرمندان 7
هنوز 17,18,18,19,19,4
هنگام 17
هنگامی 11,7,7,7,7
هنگفتی 17
هوشمند 19,19,19
هپاتیت 16
هیئت 17,17,17,17,17,17,7
هیتلر 17
هیچگاه 17
وابسته 17
وابستگی 17,17,17
واحد 12
وارد 1,1,12,12,12,17,17,17,18,18,18,18,18,19,19,19,2,4,4,4
واریز 18
واسطه 18
واقع 12,17,18,18
واقعی 17,19
واقعیت 17,17
والت 7,7
والتر 7
والز 17
واژه 19,19,3
واژهٔ 12
واژگان 11,12,19,3,3
واکنش 7
وبشان 7
وبگاه 7
وجود 11,11,11,11,11,11,11,16,16,16,16,16,16,16,16,16,16,16,16,16,16,16,16,16,16,16,16,16,16,16,16,16,16,16,16,16,16,16,16,16,16,16,16,17,17,17,17,17,17,17,17,17,17,17,17,17,17,17,17,17,17,17,17,17,17,17,17,17,17,17,17,17,17,18,18,2,2,2,2,2,2,2,3,3,3,3,3,3,3,3,3,3,3,3,3,3,3,3,3,3,3,3,3,3,3,3,3,3,3,3,3,7
ورود 18
وسائل 3
وسایل 18
وسعت 4
وصیت 17,17,17,17,17,17,17,17,17,17,17,17
وصیتنامه 17
وضعیت 18,19,3
وظایف 12
وظیفه 17,17,17,17
وفات 17
وهله 18
ویدیویی 18
ویرایش 1,11,11,11,16,16,16,17,17,18,3,3
ویروس 17
ویلای 17
ویندوز 18,18
ویژه 1,12,17,17,17,17,18,18,19,19,4
ویژگی 7
ویکی 12,17,18,19,4
پادشاه 17
پادشاهی 17,17,17,17,17,17,17,17
پارامترهای 19,19
پارلمانی 17
پاریس 17
پاسخ 7,7
پاسخگو 17
پاکت 18
پاکستان 18
پایان 17,17,18,18,2,2
پایانه 19
پایتخت 17
پایدار 12,17,18,19,4
پایه 17,2,3
پایهٔ 17,17,17,17,17,17
پایگاه 18
پاییز 7
پایین 19,7
پتنت 17
پذیرایی 17
پذیرش 18,3
پرتاب 16
پرتوی 16
پرداخت 18,18,18,18,18
پرداختن 18
پرداخته 7
پرداز 18,18,18,18,18,18,18,18
پردازش 18,19,19,19,19
پردازنده 18,19
پرسرعت 19
پرسیده 7
پرنده 16
پرهزینه 19,19
پروتئین 17
پروتکل 18,18
پرورش 17
پروژه 7,7
پرینتر 18,18
پزشکان 7
پزشکی 17,17,17,17,17,3,7
پستی 4
پسوندهای 18
پشته 18
پشتی 18
پشتیبانی 18,7
پشیمانی 7
پلتفرم 18,18
پلیمرهای 17
پنجاه 17
پنجاهمین 18
پنجگانه 17,17
پندار 12
پنهان 18
پنهانی 7
پنوماتیک 19
پوند 17,18
پوینکار 17
پيداواري 12
پژوهش 17
پژوهششان 17
پیاده 18
پیام 4
پیانو 19
پیدا 19,19,19
پیرامون 1,11,12,12,12,17,17,17,17,18,18,18,19,19,19,4,4,4
پیروزی 7
پیشبرد 17,17
پیشتازان 7,7
پیشرانه 17
پیشرفت 17,19,19,19,19
پیشرفته 19,19
پیشنهاد 17,17,17,17,7,7
پیشگوی 7
پیشی 7,7
پیشین 11,12,17,18,19,4
پیوست 17
پیوستن 18
پیوند 1,1,1,1,1,1,12,12,12,16,17,17,17,17,17,17,17,18,18,18,19,19,4,4,4
پیوندهای 11,12,16,17,17,17,18,19,4
پیچیده 19,19
پیچیدگی 16
پیکسار 7,7,7,7
چالش 11,7
چاپگر 18
چراغ 18
چراغهای 18
چرندیات 7
چشمک 18
چشمگیر 17
چشمگیری 19
چندان 17
چندکاره 3
چندگانه 7
چندین 17,17,19
چنین 12,19,19,19,7
چهار 17,17,17,2
چگونه 17
چگونگی 12,17,17,18,19,4
چیدمان 12,4
چیده 19
چیزهایی 7
چیزی 17,7
چینش 19
ژئوتکنیک 3
ژنتیک 16,3
ژوئن 17,17,18,18,3
ژورنال 18
کادرهای 3
کارآمد 19
کاراس 17
کارایی 19,19,19,19,19
کاربر 18,18
کاربرد 19,19,2
کاربردی 18,3
کاربری 12,12,17,17,18,18,18,19,19,4,4,7,7
کارت 18,18,18,18,18,18
کارتهای 18,18,18,18
کارخانه 17
کارشناسان 17,4
کارل 17
کارمند 19
کاره 18
کارهای 3
کارولین 17
کارولینسکا 17
کارکنان 7
کارگر 19,19,19
کاری 12,12,2,2,2
کاغذ 18,18
کالا 12,19
کالای 19
کامل 12,17,18,19
کاملاً 17,18,19,19
کامپیوتر 7,7,7,7,7
کامپیوتری 7
کانادا 18
کاهش 12,17,18,18,19,19,19,19,19,19
کتابداری 1,1
کردم 7
کردن 12,17,18,18,18,18,18,18,19,19,2,2,4,7
کردند 17
کرده 12,17,17,17,17,17,18,18,18,19,19,4
کرون 17,17
کسالت 19
کسانی 17,17,17
کشاورزی 3
کشتی 3
کشور 17,17,17,17,17,17,17,18,18,18,2
کشورش 17
کشورهای 17,17,18,2
کشورهایی 18
کشید 12,17,18,3
کشیده 11
کلید 18,18
کلیدی 18
کلیه 17,18,19
کلیهٔ 17
کلیوی 7
کلیک 7
کم 18
کمال 17
کمبود 12,7
کمتر 19
کمتری 19
کمیته 17,17,17,17,17,17,17,17,17,17,17,17,17
کمیتهٔ 17
کنار 17
کناری 12,17,18,19,3,4
کنترل 18,19,19,19,19,19,19,19,19,19,19,19,19,19,19,19,19,19,19,19
کنسرت 17,17,17,17
کنفرانس 7
کنند 18,18,18,18,19,2
کننده 17,18,18,19
کنندگان 17,18
کنید 1,12,4,7
کوانتوم 3
کودکان 17
کوردیت 17,17
کوپرتینو 7
کوچک 19,3,3,7
کوچکترش 17
کیفیت 12,19
گاهی 17
گذاری 3
گذاشته 4
گذرواژه 18
گذشت 17
گذشته 7
گرافیک 7
گرافیکی 7
گرایشی 17
گردنه 18
گردونه 17
گرفت 17,17,17,7,7,7,7
گرفتار 17,17
گرفتن 18
گرفتند 18
گرفته 17,17,17,17,17,18,19,19
گروه 12,12,17,17,7
گروهِ 12
گروهی 17,19,19
گرچه 12,17,18,19,4
گزارش 17,17,18,18,7
گزارشی 17
گزینش 17,17,17,17
گسترده 18,18,19
گستردهٔ 4
گسترش 12,12,12
گفتاوردهای 17
گفتند 17
گفتنش 7
گفته 17,17,17,17,18,19,3,7
گفتهٔ 7,7
گلابر 17
گمارده 17
گوته 17
گوستا 17
گوناگون 12,17,18
گوناگونی 18
گونه 19
گوگل 7,7,7,7
گویند 11
گیتس 7,7,7
گیربکس 19
گیرد 18
گیرنده 4,4
یابی 18
یادبود 17,17,17,17,17
یادشده 17
یادکرد 1,11,12,17,18,19,4
یادگیری 2,2
یافت 12,18
یافته 18,18,19
یاهو 3
یعنی 12,12,17,17,17,18
یهودی 17
یهودیان 17
یورو 17,17
یونیورسال 19
یکدیگر 11,12,7
یکسال 17
یکسان 19
یکپارچه 19,19
یکپارچگی 18
