آخری 7
آدرس 7
آراء 7
آرامش 7
آرشیو 26
آرگومان 29
آزادی 26
آزمایش 26
آسان 4
آسپارتام 26
آسیا 25
آسیب 24
آشنا 2
آشکارسازی 26
آغاز 7
آلبرت 4
آلتو 7,7
آلوده 1
آلیاژهای 25
آلیاژی 20
آماده 19,7
آماری 26
آمالگام 26,26
آمدن 26
آمده 26,26
آمریکا 7
آمریکایی 26
آموزش 2,2,26,26,26,26,26,28,4
آموزشی 12,19,2,2,26
آموزگار 26
آمیختن 21
آنان 26
آنلاین 2
آنچه 26,4
آنکه 26,28,28
آوردن 21
آوریل 21,26
آکادمیک 26
آگاه 19
آگاهی 26,28,28,28
آیتم 20,21,22,23,24,25,26,27,28,29
ابتدا 26
ابداع 28
ابراز 26
ابزار 25,25,25,25,25,7
ابزاردقیق 19
ابزارهای 19,25
اتاق 7
اتحاد 26
اتخاذ 26
اتصال 29,29
اتوماسیون 19,19,19
اتّفاقی 26
اثبات 20
اثرات 28
اثربخشی 12,12,12,12
اجباری 2,20,21,22,23,24,25,26,27,28,29
اجتماعی 12,12,12,23,26,26,26,28
اجرا 12
اجراء 12
اجزاء 19,22
احترام 26
احتمال 7
احتمالاً 7
احساسات 4,4
احساسی 4
احمد 26
اختراع 26
اختراعات 26
اختصاص 7
اختصاصی 27,27
اختلاف 28
اختلال 4
اختیاری 2,20,21,22,23,24,25,26,27,28,29
اخیر 20,20,21,21,22,22,23,23,24,24,25,25,26,26,27,27,28,28,29,29,4,4
اداره 12,20
ادراک 26
ادراکی 23
ادعا 12,26,26
ادعاهای 26,26
ادعای 26,26
ادعایی 26
ادوات 19,19
ادواتی 19
ادّعا 26,26
ادّعاهای 26
ادّعایی 26
ادیسون 7
ارائه 12,19,26,26,28,7
ارائهٔ 26
ارایهٔ 22,25
ارتباط 28,28,28,28,4,4,4,4,4,4,4,4,4,4,4,4,4,4,4,4,4
ارتباطات 12,12,19,19,4,4,4,4,4,4,4,4,4,4,7
ارتقای 12,12,12
ارجاع 21,21,22,22,25,27,27
ارجاعات 12
اردیبهشت 19
ارزش 2,7
ارزیابی 12,12,19,26
ارسال 19,4,7
ارغوانی 25
اروپا 2,2
اریک 7
اساس 12,12,12,12
اساساً 26
اساسی 19,19,19
استاد 7
استانجمن 12
استاندارد 12,19,19,19,19,20,24,26
استانداردهای 12,19
استثنائات 4
استخدام 7
استخراج 12
استخوان 20,20
استدلال 26
استرس 4
استعداد 7
استعفای 7,7
استفاده 12,12,12,12,12,12,19,19,20,20,20,21,22,23,23,24,24,24,25,25,26,26,26,26,27,27,27,27,28,28,28,28,28,29,29,29,4,4,4,4,4,4
استفادهٔ 4,4
استقرار 4
استقلال 26
استنفورد 7
استوارت 26
استیو 7,7,7,7,7,7,7,7,7,7,7,7,7,7,7
اسلامی 26
اسناد 12
اسکن 7
اسید 29
اشاره 19,19,26,26,29,29,4,4
اشتباه 26,4
اشتراک 27,4,4,7
اشتغال 4
اشخاص 2
اشعهٔ 26
اشمیت 7
اشکال 4
اشیا 23
اصحاب 26,26,26,26
اصلاح 12,12,19
اصلی 19,2,20,21,22,23,24,25,26,27,28,28,28,29,7
اضافه 2,2,27
اطراف 4
اطلاعات 1,12,12,19,19,19,2,20,21,22,23,24,24,25,26,26,27,28,28,28,28,29,4
اطّلاعیه 7
اظهار 26
اعتقاد 26
اعتقادات 26
اعتماد 23
اعصاب 12,19,23
اعضای 7,7
اعلام 7,7,7,7,7,7
اعمال 26
اغلب 20,24
افتخار 7,7
افراد 26,7,7
افرادی 2,26,26,28,7,7
افزایش 12,12,12,28,28
افزایشی 21
اقتصادی 12,12,12
البته 24
البتّه 26
الفجوة 28
الماس 25
الکترومغناطیسی 26
الکتروموتور 19
الکترونیکی 2,2,20,27,4,4
الکتریسیته 19
الگو 12,12,12,12,19,19,21,23,23,23,23,24,24,24,25,25,26,26,26,26,26,26,26,26,26,26,26,26,26,27,27
الگوهای 23,28
الگوهایی 4
الگوی 20,20,26,26,28,28
الگویی 28
امتیازی 23,23
امروز 7
امروزه 19,20
امروزی 26
املا 23
امواج 24,27
امولسیون 29
امّا 26
امکان 1,12,2,20,21,22,23,23,24,25,26,26,26,26,26,27,28,29
امکانات 19
انتخاب 26,7,7,7
انتزاعی 4
انتشار 28
انتشارات 12,19,20,24,26
انتقال 19,4,4,4,4,4
انجام 12,12,12,12,12,19,2,20,21,21,22,23,24,25,26,26,26,27,28,29,7
انجمن 12,26,26,26
اندیشه 26
انرژی 12,12,19,19,19,19,19,19,23,24,24,24,24,26,7
انزواء 26
انسان 19
انسانگرایی 26
انسانی 12,26,4,4,4,4
انشا 23
انطباقی 23
انقلاب 26
انقلابی 7,7
انواع 19,20,21,22,4
انٹرنیٹ 27
انکار 26
انگلیسی 26
انگیزش 28,28,28
انگیزه 28
اهالی 26
اهدا 7,7
اهداف 12,12,12,19,2,23,26,28
اهدافِ 12,12
اهمیت 26,4
اوقات 26,4
اولاً 12
اولین 28,7,7
اولیه 28
اپتیک 12,12,19
اپراتور 19
اکتبر 20,7,7,7
اکثر 27
اکثراً 20
اکولوژیکی 24,24
اگاتا 23
اگرچه 27
ایالات 2,20,20
ایجاد 2,20,25,26,29,29,29,4,7
ایدئولوژی 26
ایدئولوژیکی 26
ایدهٔ 7
ایران 12,26,26,26,26,26,27
ایرانپیوند 12
ایرانی 26
ایزاکسون 7,7
ایست 7
ایستادن 23
ایشان 26,26,26,26
ایفا 7
ایمره 26
ایمنی 19
ایمپلنت 20,20
ایمیل 7
ایمیلی 7
اینترنت 27,27,27,27,27,28
اینترنتی 7
اینجا 2
اینکه 2
اینگونه 26
بااستعداد 7
بابل 29
بابک 12
باردار 29
بارهای 21
بازار 12,12,12
بازدهٔ 12
بازرگانی 12,19
بازسازی 28
بازشناسی 24
بازودار 25
باستان 29
باستانی 25,26
باشد 12,12,21,23,23,26,4
باشند 4
باعث 19,20,26,26,26,29,29,7
باعنوان 25,25,25
باغبانی 25,25
بالا 7
بالاتر 7
بالاتری 28,28
بالادستی 12
بالارفتن 7
باند 27
بانوی 7
باور 26,26,26,4,7
باورند 26
باورهای 26,26
باید 12,12,2,2,20,26,4,4,4
بایستی 21
ببینید 2
بتوان 26
بتوانند 2,26,7
بتوانید 2
بتون 25
بتونه 25
بخشی 20,23,26,26
بدست 21,7
بدنش 4,7,7
بدنه 19
بدهید 2
بدون 2,21,21,21,26,26,26,27,27,27,27
بدکاری 20
بدیعی 26
بدین 7
برآوردگار 26
برابر 20,23
براون 23
برای 12,12,12,12,19,19,19,19,19,19,2,20,20,20,20,20,20,21,21,21,22,22,22,23,23,23,23,23,23,24,24,25,25,25,25,26,26,26,26,26,26,26,26,26,26,26,26,26,26,26,26,26,26,26,26,26,26,27,27,27,28,28,28,28,29,29,4,4,4,4,4,4,7,7,7
برحسب 20
برخی 26,26,26,27,29
برداشت 12,4
بردند 2
بررسّی 12
بررسی 26,26,26,26,26,26,4
برطبق 21,27
برعهده 19
برقرار 27,29,4
برقراری 26,4,4,4
برقی 25
برلین 26
برنجین 25
برندهٔ 7
برنزی 7
بروز 12,20
برون 12
برچسب 23
برگرفته 12,19
برگزاری 7
برگیرندهٔ 19,23
بریتانیا 25
بزرگ 19,26,7,7,7,7,7
بزرگانی 26
بزرگی 27
بسازید 1,2,20,21,22,23,24,25,26,27,28,29
بسته 27,27,7
بسنجیم 12,12
بسیار 20,24,26,26,26,4,7
بسیاری 2,26,26,26,26,26,4,4
بشری 4
بصری 12,19,4
بعدی 4,7,7
بعضی 20,20,26
بفهمم 7
بلند 29
بلوغ 12,21
بلکه 26,26,28,4,4,7
بنابراین 28
بناسی 26,26
بنشینند 26
به 12,12,26,29,7
بهبود 12,22,25,7
بهبودی 12
بهتر 23,7
بهداشت 26
بهداشتی 12,19
بهره 27
بهمن 26
بهینه 12,12
بودم 7
بودن 12,19,20,26,26,26,26,7
بودند 26
بوده 20,7
بکار 20,20,24,25
بکاربرنده 25
بگذارم 7
بگویند 26
بیان 26,26,4
بیانیه 7
بیاید 7
بیست 12,26
بیشتر 19,20,20,21,21,22,22,23,23,24,24,25,25,25,26,26,26,26,27,27,28,28,29,4,4,4,4
بیشتری 4
بیماران 20,26
بیمارستان 7
بیماری 7
بیمه 26
بینایی 19,19
بینِ 12
بیولوژیک 20
بیکاری 2
تأثیر 28,28,4,4
تأسیسات 12,12,19
تألیف 23
تأکید 4
تأیید 26,26
تئوری 23,26,27
تابع 29
تاریخ 26,26,26,7,7,7,7,7
تاریخچه 26
تاریخچهٔ 26
تاریخی 26
تازه 26,26,26
تانکارد 28
تانکی 25
تاون 21
تبدیل 19,19,19,7,7
تبلت 7
تبلیغ 26
تبیین 28
تجارب 26
تجارت 23,7
تجاری 19,20,21,22,23,24,25,26,27,28
تجربه 26
تجربی 26,28
تجربیات 26
تجزیه 12
تحریف 26
تحریک 19,20
تحصیلات 28,28,28,28,28
تحقق 12,12,12,12
تحقّق 12
تحقیق 26,26
تحقیقات 28,4,4
تحلیلی 26
تحول 12,19,26
تحویل 19,4
تخصصی 26
تخمک 24
تدبیر 19,19
تدریس 2,2
تدفین 7
تدوین 12
ترافیک 12,19
ترانسدیوسر 19,19,19,19,19,19
ترانسمیتر 19,19,19
ترتیب 21,4,7
ترجمه 12,23
ترجمهٔ 26
ترسیمی 12
ترفندهای 26
ترویج 26,26
ترکیب 12,12,23,29
ترکیبی 12,20,29
تسلیتشان 7
تشخیص 26,26,26,7
تشکیل 19,2,20,20,20,23,23
تصادف 7
تصادفی 2,20,21,22,23,24,25,26,26,27,28,29
تصادفیِ 26
تصاویر 20,21,22,23,24,25,26,27,28,29,4,4
تصدی 23
تصمیم 26,26
تصورات 26
تصویر 19,4,4
تصویری 4,4,4,4
تطهیر 29
تعادل 7
تعاریف 12,12
تعامل 23
تعاملی 28
تعداد 7
تعدادِ 12
تعدادی 12,19
تعدیل 28
تعریف 21,23,29,4
تعطیل 2
تعمیرات 12,19,19
تغییر 26,26
تغییرات 20,21,22,23,24,25,26,26,27,28,29
تغییراتی 12
تفسیر 26,4,4
تفکر 26
تفکیک 26,26
تقریبا 4
تقسیم 20,4
تقویت 20
تلاش 26,26
تلاشی 26
تلفن 19,20,21,22,23,24,25,26,26,27,28,7,7,7
تلقّی 26
تلویزیون 4
تماس 20,20,27,4,4
تمام 19
تمامی 12
تمامیّت 23
تمایز 26,26,26
تمایل 27,28
تمیز 25,26,26,26,26
تمیزکاری 29
تناسلی 12,19
تنظیم 19
تنفسی 7
تنها 12,27
تنوع 4
تهدیدهای 26
تهران 12
تهیه 12,29
تهیهٔ 29
توان 24,24
توجه 12,22,25,26,4,4
توجیه 26
توزیع 19
توسط 12,24,24,25,26,26,28,28,28,4,4,7,7,7
توسعه 12,21,21,23,23,26,26,4,4
توسعهٔ 4
توسّط 26
توصیف 4,4,7,7
توضیحات 12
توضیحی 26
توطئه 26,26,26,26,26
تولید 12,12,12,12,12,12,21,26,4,7
تولیدکنندهٔ 7
توماس 7
تومور 7,7
تومورهای 7
تکامل 26
تکرار 26
تکراری 21,21
تکنولوژی 26
تکیه 26,26,4,4
تیزهوش 7
ثابتی 26
ثانیاً 12
ثانیه 27,27
ثروت 26
جابز 7,7,7,7,7,7,7,7,7,7,7,7,7,7,7,7,7,7,7,7,7,7,7,7,7,7,7,7,7,7,7,7,7,7,7,7
جاذبه 29,29
جامد 29
جامعه 26
جانداران 20,20
جانش 7
جاگذاری 20
جایزهٔ 7
جایگزین 2,26,26,7
جایگزینی 20,20
جایی 21,26
جبران 26,28
جداگانه 7
جدید 25,27
جراحی 7,7,7,7
جریان 1,23
جزئی 19,23
جزئیات 19,20,21,22,23,24,25,26,27,28
جستارهای 20,21,22,23,26,28
جستجوی 7,7
جعبه 21
جعلی 26
جلوگیری 28
جلوی 26
جماهیر 26
جمعی 28,28
جمعیت 12,28
جمله 12,25,26,26
جمهور 26
جهان 23,26,7,7,7,7
جهانی 12,27,7
جواب 7
جواد 19,20,24
جوان 26,7
جوانهٔ 24
جوانی 7
جواهر 25,25
جواهرات 25
جوایزی 7
جوران 12
جوشکاری 25
جُستارهای 12
جیمز 26,26,7
حاصل 12,12,29
حافظه 19,19
حالات 19,19
حالت 26,4
حالی 26,26,4
حالیکه 4,4
حاکم 12
حاکمه 26
حاکمیتی 12
حاکی 7
حتّیٰ 26,26
حداقل 2,2,2,2,26
حداکثر 27
حدود 29,29,7,7
حدّاقلِ 12
حدّاکثرِ 12
حرارت 19
حرارتی 25,26
حرفه 4
حرکت 19,4
حساب 1,2,2,20,20,20,21,21,22,22,23,23,23,24,24,24,25,25,26,26,27,27,27,28,28,28,29,29
حساس 19
حسگر 19,19,19
حسین 12
حضورش 7
حضوری 2,2
حفاظت 24
حقایق 26
حقوق 2,2,23
حقوقی 23
حمایت 20,26,26,4
حوالی 7
حوزه 28,28
حوزهٔ 26,4
حکومت 26
حیات 19,21,21,23,23
حیوانی 29
خارج 20,7
خارجی 19,19,20,20
خاردار 22
خاستگاه 26
خاطر 7
خاطرات 7
خاموش 19
خانه 26,7
خانواده 7
خانگی 12,19,27
خاکستر 29,29
خبرگزاری 20
خدمات 27,27,28,4
خدمت 7
خراطی 25
خرافات 26
خروج 24,7
خروجی 12,19,19,19
خریدن 7
خسته 4
خصوص 20,21,22,23,24,25,26,27,28,28,29
خصوصی 12,7
خطرات 20
خطرناک 26
خطوط 27
خطّی 23
خلاق 7
خلاقیت 12
خلال 28
خمیده 22,22
خمیدگی 22
خواب 7
خواهد 12,12,4
خواهند 4
خواهید 7
خودبه 29
خودش 7
خودشان 26
خودکار 19
خودی 2
خوراک 12,12,19,19,26
خوشحال 4,7
خویش 12
خیلی 7,7
داخلی 19,19,20
دادن 12,26,26
دادنِ 12
داده 12,20,20,21,22,23,24,25,26,27,28,29,7
دارای 19,19,20,20,20,20,23,23,23,23,24,24,26,26,26,26,26,26,27,27,28,28,29,4
دارد 19,20,21,21,22,22,23,23,23,24,25,26,26,26,26,27,28,28,29,4,4
دارم 7,7
دارند 26,27,28,28,28,28,28
داروئی 20,20
دارونما 26
داری 12
داریم 7
داستان 7
داشت 26,7,7
داشتن 26
داشته 20,26,26,27,4
دانایی 26,28
دانش 23,26,28
دانشمندان 26
دانشمندانی 26
دانشنامهٔ 20,20,21,21,22,22,23,23,24,24,25,25,26,26,27,27,28,28,29,29
دانشگاه 28,7
دبیرستان 26
دختر 26
درآمدی 26
درباره 26,26,26,26
دربارهٔ 12,12,19,20,21,21,22,23,23,23,23,24,24,24,25,25,25,26,26,26,26,26,26,26,26,26,27,27,28,29,4,4,7
درجه 4
درحالیکه 26
دردرجه 4
درست 12,12,23,25,26
درستی 23
درصد 12,7,7,7
درمان 20,20,26,7
درمانش 7
درمانی 26,26,26,7
دروغپردازی 26
دروغین 26
درون 12,20,20,26,26
درونکاشت 20
درگذشت 7,7
درگیر 7
دریافت 7,7
دسامبر 19,23,26,7,7,7
دستاورد 21
دستاوردهای 26
دسترس 12,19,19,20,21,22,23,24,25,26,26,27,28
دسترسی 27,27
دستمزد 2,2,2,2,2
دسته 25,26,7
دستور 4
دستکاری 4
دستگاه 19,23,25,26,7,7
دستگاهی 26
دستی 25,25,25,25,25
دستیابی 27
دشمنانی 26
دشوار 26
دعوت 1,2,20,21,22,23,24,25,26,27,28,29
دفاع 26,26
دفاعی 20
دفتر 7
دقّتی 26
دقیق 20,26,26,4
دقیقاً 26
دلار 7,7,7
دلیل 19,20,20,23,4,7
دماهای 24,24
دمای 24
دنبال 21,23
دندانی 20,26
دنیا 7
دنیاگیری 26
دهقان 28
دهنده 27
دوبرابرِ 12
دوران 7
دوره 7
دورهٔ 7
دوست 7
دوسر 25
دوسوکور 26
دولت 26
دولتی 12
دچار 20
دکتر 12,7
دگرگونی 26
دیجیتالی 26,27
دیدگاه 28,7
دیدی 23
دیزنی 7
دیسه 26
دیوید 23
دیگر 12,12,12,19,20,20,21,21,22,22,23,23,23,23,24,24,25,25,26,26,26,26,26,26,26,26,26,27,28,29,29,4,4
دیگران 4
دیگری 4,7,7
ذاتی 4
ذخیره 19
ذهنی 26,4
رئیس 26
رابط 28
رابطهٔ 12,26,4
راتاتویی 7
راجع 26
راستای 12,12,12
رانندگی 7
راهبری 12
راهنمای 21
رایانه 19,19
رایج 26
رتبهٔ 7
ردهٔ 7
رساندن 4
رسانه 12,28,28,4
رسمی 26,26,26,26
رسیدن 19
رشتهٔ 26,4
رفتاری 20,26
رفته 20,24
رقیب 28
رمانتیک 4
رمزگذاری 4,4
رمزی 7
رهاوردهای 12
روابط 12,4
رواج 26,26
روال 21,21,21,21
روانشناسی 4
روزمره 4
روزنامه 26
روزهای 7
روزی 7,7
روست 26
روشن 4
روشنفکر 26
روشهای 26,26
روشی 4
روغن 29
روند 23
رویدادهای 2,20,21,22,23,24,25,26,27,28,29
رویکرد 12,28
رژیم 7
ریاضی 23,4
ریاضیات 12
ریتم 4
ریسک 12,12
ریسیدن 29
ریشه 23,26,26
ریشهٔ 26
زانویی 22
زاویه 12
زاییده 4
زبان 12,19,19,2,20,20,20,20,23,23,23,24,26,26,26,26,26,26,28,28,28,4,4,4,4,4,4,4,4,4,4,4,4,4,4,4,4,4
زلزله 26
زمان 2,2,2,26,29,4,4,7
زمانی 26
زمین 26
زمینه 4,7
زمینی 23
زنان 7
زنده 20,23,26,4
زندگی 4,7
زنگار 26
زودهنگام 7
زیاد 19,7
زیادی 7
زیباکلام 26
زیرا 26
زیرزمین 26
زیست 19
زیستی 20,20,23,24
سابق 26
ساخت 2,20,20,20,20,21,22,23,24,25,26,26,26,27,28,29,7
ساختار 20
ساختمان 12,19
ساختن 29,29
ساخته 19,20,20,20,23,4,7
سازمان 12,12,12,12,12,12,12,12,19,20,21,22,23,24,25,26,27,28
سازمانی 12,12
سازی 19
ساعت 19,20,21,22,23,24,25,26,27,28,7
ساله 7
سالهای 28
سالگی 7
سامانه 1,2,2,2,20,20,20,21,21,21,22,22,22,23,23,23,23,23,23,23,23,23,23,23,24,24,24,25,25,25,26,26,26,27,27,27,28,28,28,29,29,29
سامانهٔ 23
سانتیگراد 24
سایت 19,4
سایر 27
ساییدن 25
سخنران 7
سرآستین 25
سراسر 7
سربار 27
سرتاسر 7
سردرگمی 26
سردی 24
سرطان 7,7
سرعت 27,27,27
سرقطبی 29
سرما 24
سرماداری 24,24
سرمایش 24
سرمایشی 24
سرمایه 12,12
سرواژهٔ 19,20,24
سرویس 27,27,29
سرویسی 27
سرگرم 4
سرگرمی 28
سریعتر 28
سطحی 25
سطوح 25
سعید 26
سفید 7
سقفی 28
سلامت 26,26,26,26,26,26,26
سنباده 25,25
سنتی 26
سنجشِ 12
سندرز 26
سنگین 25
سنین 4,7
سهام 7,7,7
سواحل 29
سوخت 24,26
سوختی 24
سوزاندن 29
سومی 7
سوهان 25,25,25,25
سوهان_ 25
سوهانگر 25
سپاه 26,26
سپتامبر 19,27
سپرده 7
سکوت 4
سیاست 26
سیاستمداران 26
سیاسی 26,26,26
سیاه 7
سیبرنتیک 23
سیستم 19,19,19,19,19,23,23,23,23,23,23
سیستمی 19,23
سیما 12,19
سینگر 26,26
سیگنال 19,19,19,19
شامل 12,19,4,4,4,4,4,4,4,4
شاگردان 2
شباهت 22
شبهعلم 26
شبکه 26,26,26,26,27
شبیه 26,29
شترگلویی 25
شخصی 26,4,7
شرایط 12,21
شروع 4
شرکت 7,7,7,7,7
شرکتی 7
شستشوی 25
شفافیت 26
شفاهی 4,4,4
شمارهگیری 27
شناخته 26,4,7
شناختی 26
شناسایی 26
شنونده 4
شنوندگان 4
شهیر 26
شواهد 26,7
شوروی 26
شوید 2,2,20,20,21,21,22,22,23,23,24,24,25,25,26,26,27,27,28,28,29,29
شکاف 28,28,28
شکاف_دانایی 28
شکست 23
شکستنش 26
شکستگی 20,20,20
شکلک 4
شکلی 4
شیار 25
شیاردار 25
شیرهای 19
شیمی 26,7
شیوع 2
شیوه 4
صابون 29,29,29,29,29,29,29,29,29,29
صحبت 4
صحّت 26
صحیح 1
صداوسیما 26
صدای 26
صدایش 4
صفجه 20,21,22,23,24,25,26,27,28,29
صفحه 1,19,20,20,20,20,20,21,21,21,21,22,22,22,22,23,23,23,23,23,24,24,24,24,24,25,25,25,25,25,25,26,26,26,26,27,27,27,27,27,28,28,28,28,28,29,29,29,29,7
صفحهٔ 1,2,2,20,20,20,21,21,22,22,23,23,23,24,24,24,25,25,25,26,26,27,27,27,28,28,28,29,29,29,7,7
صلاحیت 26
صنایع 25
صنعت 7
صنعتی 12,12,19,19,22,25,26
صورت 1,12,12,19,2,2,20,21,22,23,24,25,26,26,26,27,28,28,29,29,4,4,4
صورتی 12,27
صیقل 25
ضعیف 2,26,7
طبقهٔ 7
طبیعت 12,26
طبیعی 4
طراحان 4
طراحی 21,4,4
طرفداران 7
طریق 24,26,26,4,4,4,4,4
طوری 4
ظاهراً 7
عالی 26
عامل 12,12,7
عامه 20
عبارات 26,4
عبارت 1,12,12,12,2,20,21,22,23,24,25,26,27,28,29,4
عبارتست 19
عبارتند 19
عددی 19,19,19
عرضه 26
عرفان 26
عروضی 4
عصبانی 4
عصبی 19,19,26
عضویت 7
عقاید 26,26
عقایدی 26
علائم 4
علاقه 7
علامتی 19,20,21,22,23,24,25,26,27,28
علمی 26,26,26,26,26,26,26,26,26,26,26,26,26,26,26,26,26,26,26,26,4,4,4,4
علوم 12,26,26,26,26
علّت 12,26,26
علیه 26
عمدتاً 29,29
عمده 19
عملکرد 12,19,2
عمودی 25
عموم 26,7
عموماً 12,26
عمومی 12,23,26,26,4,7
عمیقاً 7
عناصر 23,23,4,4,4
عناصری 23
عناوین 7
عنصر 12,4
عنوان 12,12,12,19,26,26,26,26,26,26,26,26,26,26,26,26,26,26,4,4,4,4,4,4
عهده 4
عوارض 20
عوارضی 20,20
عوامل 12,12,12,12,12,28
عکسی 7
غذائی 20
غذایی 7
غلبه 19
غلطی 26
غلیظ 29
غمگین 7
غیبت 7
غیرانتفاعی 19,20,21,22,23,24,25,26,27,28
غیردولتی 12
غیرعلمی 26
غیرمحتومش 7
غیرممکن 26
غیرمنطقی 26,26
غیرکلامی 4,4
فارسی 23,23
فاصلهٔ 26
فرآیند 23
فرآیندهای 23
فرآیندی 12
فراتر 4
فرانسیز 23
فراهم 12,19,21
فراورده 21
فرایند 12,19,19,19,19,19,21,23,26,4
فرایندی 19
فردی 12,28,28,4
فرستاده 26,7
فرستنده 4
فرضیه 28
فرمان 19
فرماندار 7
فرهنگ 12,19,20,24
فرهنگی 12,26
فروخت 7
فرود 26,26
فروردین 26
فرکانس 12,19
فرگرد 26
فریب 26
فریفتار 26
فشار 19
فشاری 25
فعال 26,28
فعالان 12
فعالیت 12,12,12,20,4
فلزهای 25
فلزی 20,20,25,25
فلسفهٔ 26
فلسفی 26,26
فلوئوردار 26
فناوری 12,12,19,19,23,26,26,7
فنّاوری 19
فوربز 7
فورچون 7,7
فوری 26
فوریه 20,20,20
فکری 26
فیزیک 26,26,26,26,26
فیزیکدانان 26
فیزیکی 19,20
فیلسوف 26
فیلم 7
قائل 4
قابل 1,12,19,19,19,19,20,21,21,21,22,22,23,23,24,24,25,26,26,26,27,27,27,28,29,7
قابلیت 19,21,21,24,25,26,4
قادر 4
قبرستان 7
قدرت 26
قدرتمند 26,7,7
قدیمی 26,26
قرار 12,20,26,26,7,7
قرون 29
قسمت 19,19,26,29
قطعات 22
قلبی 20
قلمداد 12
قلمرو 26
قوانین 12,26,26
قورباغه 26
قیمت 7
لازم 12,4
لاکاتوس 26
لباس 4
لزوماً 4
لطفاً 21,22,23,25,27
لمسی 4,7
لهجه 4
لورن 7
لوله 24,24
لیبرال 26
لیتیم 24
لیزری 25
لیست 7
لیسنکوئیسم 26
لیمو 25
لینکلن 23
مؤثر 12,12,12,4,4
مؤسسه 12
مؤلفه 12
مؤمن 26
مابقی 26
ماده 23,26,29
مارس 24,26,7,7
ماریا 7
ماشین 19,19,19,19,19
مالکیت 12
مانادانش 26
ماندن 26
مانع 26
مانند 12,20,24,25,26,4,4,4,4,4,4,7
ماهر 4
ماهیت 23,26
ماکول 23
مایکل 7
مباحث 26
مباحثی 12
مبارزه 26
مبتلا 7
مبتنی 19,19,26,26,26,26,28
مبحث 12,12
متأسفانه 7
متحده 2,2,20,20
متخصص 7
متداول 12,23,23
مترقی 2
متصل 20,21,22,23,24,25,26,27,27,27,27,28,29,29
متعدد 27
متعلق 19,20,21,22,23,24,25,26,27,28
متغیر 28
متقابل 4
متمایز 26
متمرکز 4
متناسب 12,19,2,4
متنوع 27
متوالی 4
متوسط 2
متکی 12,12,26
مثال 12,26,4,4,4
مثالی 26
مثبت 26
مثلاً 20,26
مجاری 22
مجازی 12,19
مجامع 26
مجدّداً 26
مجرا 4
مجری 4
مجزا 12,7
مجسمهٔ 7
مجله 26
مجلهٔ 7
مجمعه 25
مجموع 28,4
مجموعه 12,12
محاسبات 21
محاسباتی 19
محاسبه 12
محافظت 26
محتوای 20,21,22,23,24,25,26,27,28,29,4,4
محتویات 1,20,21,22,23,23,24,25,26,27,28,29
محدود 2,4
محرابیان 4
محرک 19
محسوب 19,20
محصول 12,7,7,7
محقق 12
محلی 27,29
محیط 12,19,19,20,20,20,20,26,26
مخابرات 27,27
مخاطب 4,4
مخاطبان 4
مختصات 28
مختلف 19,19,4
مختلفی 21
مخزن 20,21,22,23,24,24,25,26,27,28,29
مخصوصاً 26
مدارهای 20
مداوم 12
مدرسهٔ 7
مدرن 7
مدعا 26
مدعاهای 26
مدعیات 26,26,26
مدّعا 26
مدّعی 26
مدّنظر 12
مدیر 12
مدیرعامل 7,7
مدیرعاملی 7
مدیرهٔ 7
مدیریت 12,12,12,12,12,12,23,23
مدیریتِ 12
مدیریتی 12
مذهبی 26
مراتب 7
مراحل 4
مراسم 7
مراقبت 26
مراکز 2
مربوط 20,20,23,26,29,29,7
مرتاضان 26
مرتبط 23,23,23,24,26,4
مرحله 26
مردم 20,26,7
مرزی 26
مرکز 23,7
مرکزی 19,19,7
مرگش 7,7
مسئله 26,7
مسئولِ 12
مسئولیت 7
مسائل 7
مستقل 19,2,28
مستقیم 19
مستقیماً 19,26,26,7
مستند 24
مسیر 1
مشابه 26,28,29
مشاهده 12,12,19,21,23,23,23,24,24,25,25,26,26,26,26,26,26,26,27
مشاهدهٔ 26
مشاهیر 7
مشتاقانه 28
مشتبه 26
مشترک 23,4
مشتقی 26
مشخص 21,26
مشخصات 4
مشخصی 21
مشرب 7
مشهوری 7
مشکل 19
مشکلات 26
مصرف 20
مصری 29
مصوب 19,20,24
مطالب 21,22,25,26,27
مطالعات 12,26,26,26
مطالعاتی 4
مطالعه 26,26,26,26
مطبوعات 26
مطرح 12,26,26,28
مطلع 7
مطلوب 12,19,19
معادلات 23
معامله 7
معانی 26,26,4
معایب 19
معتبر 12
معتبری 20
معتقدم 7
معرفی 26,26,26,7,7,7,7,7,7,7,7
معروف 19,20,4
معطوف 28,28
معلمان 26
معلول 26
معلولی 12
معلوم 29
معماری 4
معمول 4,4
معمولاً 23,23,23,24,26,26,27
معمولی 27,29
معنا 26,4,7
معناداری 28
معنایی 4
معنی 12,23,23,23,24,4,4
معیار 26
معیارهای 12,26,26
معیاری 26,26
مغالطه 26,26
مغناطیس 19
مفاهیم 26,26,26
مفهوم 12,19
مفید 12
مفیدی 12
مقابل 20,4
مقابله 26,26
مقادیر 19
مقاله 19,22,22,23,23,25,25
مقاوم 20
مقایسه 7
مقبول 12
مقدار 19
مقصد 12
مقصود 26
مقوله 12
ملات 25
ملاقات 4,7
ملزم 26
ملوانان 29
مموریال 7
ممکن 21,23,26,26,27,27,4,4
ممکنست 20,20
منابع 12,12,12,12,19,21,23,26,27,29
مناسب 4
مناسبی 27
منبع 19,21,27,7
منتشر 4,7
منحصر 4
مندل 26
منطبق 4
منطقی 24
منظور 12,27
منظومه 23
منظّم 23
منفرد 19
مهمی 29,4
مهندسی 12,12,19,23
مواد 20,20,20,20
موارد 20,20,26,27,4
مواردی 20,26,26
موازی 25
مواضع 26
موتورهای 26
موجب 1
موجبات 12
موجود 19
مورد 19,19,19,19,19,20,26,26,26,26,26,4
موزهٔ 7
موسوم 26
موضعی 20
موضوع 12,26,28,7
موضوعات 26,26,26,26,26,4
موضوعاتی 26
موفق 7
موفقی 7
موقع 7
موقعیت 20,20
مولکول 29
مویی 25,25
مُستمر 12
مکاتب 26
مکان 2
مکانیک 26
میان 26,26,4,7,7,7
میانه 26
میخایلوویچ 26
میرشکاری 19,20,24
میزان 12,12,12,12,12
میزانی 12
میلاد 29,29,29
میلادی 29,7,7
میله 25,25
میلیارد 7
میلیون 7,7
میکرو 12,19,19,7
میکرورایانه 19
نابخردی 26
نابغه 7
ناحیهٔ 7
نادر 7
نادرست 26,26,26,26,26,26
ناسازگار 4
ناشناخته 26
ناشی 7
نامه 7
نامید 7
نامیده 4
نانو 12,19,24
نانومتری 26
ناهمگن 29
ناکارآمد 26
نباید 2
نبوده 26
نتایج 12,26,26
نتواند 26
نتوانم 7
نتیجه 19,21,21,29
نتیجهٔ 12
نحیف 7
نخبگان 26
نخست 7
نخستین 26,7
نخواهیم 26,26
ندارند 26
نزدیک 24,24
نزدیکی 4
نسبت 26,28,4
نسبتاً 26,29
نسخه 20,21,22,23,24,25,26,27,28,29
نسوج 20
نشان 12,12,19,28,7,7,7
نشانهٔ 26
نشانی 1,2,20,20,21,22,23,23,24,24,25,26,27,28,28,29
نصیب 7
نظافت 25
نظام 28
نظامی 12,12,19
نظرسنجی 7,7
نظری 26
نظریات 26,28,28,28
نظریه 28,28,28
نظیر 19,27,7
نفوذ 26
نقاشی 4
نقشه 12
نقطه 12,19,2,24
نقطهٔ 19
نقّادانه 26
نماد 4,4
نمادهایی 4
نمایش 7,7
نمایشی 25,25,25
نمودار 26
نمونه 21,26,26,26,26
نهاد 12
نهادهای 26
نهادهایی 27
نهایت 28,7
نوآور 7
نوآوری 12,12,19,23,26
نوار 1,2,20,21,22,23,24,25,26,27,28,29
نوامبر 22,7
نوجوان 26,7
نوجوانان 7
نورث 26
نوری 27,27
نوشتار 21,26,27
نوشتاری 26,4,4,4
نوشتند 26
نوشته 21,4
نوعی 20
نوپدید 24
نویسندگان 20
نکات 12
نکته 4
نگاران 26
نگاره 7
نگاه 12,4,4
نگهداری 19,24
نیاز 19,19,19,22,25,7,7
نیازمند 12,20,22,22,22,23,23,23,25,25,25
نیروهای 4
نیروی 12,12
نیست 2,20,21,22,23,24,25,26,27,28,28,29,4
نیستند 7
نیمی 12,7
نیکولای 26
هاروارد 7
هدایت 12,24,24
هدفِ 12
هرچند 2,20,21,22,23,24,25,26,27,28,29
هزاران 26,4
هزینه 19
هستند 19,19,2,20,20,20,20,25,26,26,26,27
هستید 2
هستیم 7
هشداردهنده 26
هفته 7
هفدهم 7
همان 21,26,27,29,4
همانند 26,26
هماهنگی 12
همبستگی 28
همتایان 26
همجوشی 24
همدیگر 2
همراه 24,24,4,4,7,7
همزمان 4
همسرش 7
همهمه 26,26
همهٔ 20,20,21,21,22,22,23,23,24,24,25,25,26,26,27,27,28,28,29,29,7,7
همواره 7
همچنین 25,26,4,4,4
همچون 26,26,26
همگان 2
همیشه 4
همین 12,2,20,20,21,22,23,23,24,25,26,26,26,26,27,28,29,29,4
هندبوک 12
هنوز 7
هنگام 19,24,28,29,4,7,7
هنگامی 26
هوابرش 25
هوای 24
هورمون 26
هوشمند 19,24
هوپا 26
هیئت 26,7
هیچینز 23
هیکو 23
وابسته 26,28
واحد 24
واحدهایی 23
وادار 7
وارد 2,2,2,20,20,20,21,21,21,22,22,22,23,23,23,24,24,24,25,25,25,26,26,26,26,26,27,27,27,28,28,28,29,29,29
وارفیلد 23
وازنیک 7
واقع 12,12,19,26,27,7
واقعاً 7
واقعی 26,26,26
والت 7
واژه 26,4,4
واژهٔ 23,23,23,23
واژگان 19,2,20,20,20,21,21,23,23,26,26,26,26,26,26,28,28,28
واکر 21
واکسن 26,26
وبگاه 7,7,7
وجود 12,12,12,12,12,12,12,12,12,12,12,12,12,12,12,12,12,12,12,12,12,12,12,12,12,12,12,19,19,19,19,19,19,19,19,19,19,19,19,19,19,19,19,19,19,19,19,19,19,19,19,19,19,19,19,19,19,2,2,2,2,2,2,2,20,21,21,21,21,21,21,21,22,23,23,23,23,23,23,23,23,23,23,23,23,23,23,23,23,23,23,23,23,24,24,24,24,24,24,24,24,24,24,24,24,24,24,24,24,24,24,24,24,24,24,24,24,24,24,24,24,24,24,24,24,24,24,24,24,24,24,24,24,24,24,24,24,24,24,24,24,24,24,24,24,24,24,24,24,24,24,24,24,24,25,25,25,25,25,25,25,25,25,25,25,25,25,25,25,25,25,25,25,25,25,25,25,25,25,25,26,26,26,26,26,26,26,26,26,26,26,26,26,26,26,26,26,26,26,26,26,26,26,26,26,26,26,26,26,26,26,26,26,26,26,26,26,26,26,26,26,26,26,26,26,26,26,26,26,26,26,26,26,26,26,26,26,26,26,26,26,26,26,26,26,26,26,26,26,26,26,26,26,26,26,26,26,26,26,26,26,26,26,26,26,27,27,27,27,27,27,27,28,4,4,4,7,7
وراثت 26
ورود 7
ورودی 12
وسائل 20
وسایل 20,25
وسیلهٔ 20,26,7
وضعیت 19,19
وضعیتی 28
وضوح 24
وظایف 21,7
وظیفه 19
وقتی 12,26
وقوع 26
ومنابع 4
وویلوف 26
ویدئو 4
ویرایش 12,12,19,19,20,21,21,22,23,23,23,23,24,24,24,25,25,25,26,26,26,26,26,26,26,26,27,27,28
ویروس 26
ویلهلم 26
ویژه 12,20,21,22,23,24,25,26,27,28,29
ویژهٔ 26
ویکی 20,21,22,23,24,25,26,27,28,29
پائین 20
پارامتر 19
پارامترهای 19,19
پارانرمال 26
پارسی 23,23,26,26,26
پارسیگ 26
پاسخ 26
پاسخی 26
پاسدارن 26
پاول 7
پاکیزگی 29
پایان 29,7,7
پایانی 28
پایدار 20,21,22,23,24,25,26,27,28,29,29
پایش 12
پایه 19,2,2,24
پایهٔ 26
پایگاه 23,23,28
پایین 7
پایینی 24
پختن 21
پدیده 26
پذیرد 12
پذیرش 19
پذیری 12,12
پرتاب 24
پرتودرمانی 7
پردازش 19,19,24,24
پرشماری 27
پرنده 24
پرهزینه 26
پرونده 27
پروژه 7
پزشکان 7
پزشکی 12,19,21,26,26,26,26,26,26,7,7
پلاتین 20
پنجاه 12
پنجم 26,26,26
پوست 26
پوشش 7
پوشیدنی 25
پوپر 26
پویانمایی 7,7
پیام 26,4,4,4
پیدا 26
پیدایش 26
پیرامون 2,2,20,20,20,21,21,21,22,22,22,23,23,23,24,24,24,24,25,25,25,26,26,26,27,27,27,28,28,28,29,29,29
پیشبرد 2
پیشرفت 26,4,7
پیشرو 7
پیشنهاد 26,26
پیشین 20,21,22,23,24,25,26,27,28,29
پیوسته 23
پیوند 20,20,20,21,21,22,22,22,23,23,23,23,24,24,24,24,25,25,25,26,26,26,27,27,28,28,28,29,29,29,7
پیوندهای 1,20,21,23,24,25,26,27,28,29
پیچیده 23
پیچیدگی 24
پیکسار 7,7
چارچوب 12,12
چالش 21,27
چالمرز 26
چربی 29,29
چرخه 12
چرخهٔ 12
چشمی 4,4
چندان 7
چندین 4
چنین 12,23,24,26,28,29,4,7,7
چهارشنبه 7
چهارم 26
چهره 4,4
چوبی 25
چوونەناو 27
چگونگی 20,21,22,23,24,25,26,27,28,29,4
چیدمان 23
چیزی 4
ژئوتکنیک 12,19
ژاله 26
ژانویهٔ 7,7
ژنتیک 12,19,26
ژوئن 25,28,7,7
ژوئیه 7
ژوئیهٔ 7,7
کاتسو 23
کارآزمایی 26
کارآفرین 7,7,7
کارا 12
کاراکترهای 20,20
کارایی 12,12,12,23
کاربران 27,27
کاربرد 28
کاربردی 26
کاربری 1,2,2,20,20,21,21,22,22,23,23,24,24,25,25,26,26,27,27,28,28,29,29
کارشناس 26,7
کارل 26
کارمندان 2
کارمندانش 7
کارهایی 26
کارِ 12,12
کارکردی 23
کاری 12,2,25
کاشت 20
کاشتی 20
کافی 23,26
کالیفرنیا 7,7
کامل 22,25,26,7
کامپیوتر 19,7
کانادا 2
کاهش 26,28,7
کبدش 7
کتاب 12,26
کتابخانه 24
کتابداری 26
کتابی 12
کثرت 23
کدام 12,19
کردـ 4
کردم 7
کردن 1,12,2,20,20,21,21,22,23,24,25,25,26,26,26,26,26,27,28,29,4,4
کردند 28
کرده 19,23,4
کروم 20
کرونا 2,26,26
کسانی 7
کسرایی 26
کشاورزی 12,19
کشتی 12,19
کشور 26
کشورهای 2,26
کشید 22,25
کشیده 21,27
کلاس 2
کلامی 4,4,4,4,4,4
کلمات 4,4
کلمه 4,4
کلیدی 4
کمال 26
کمتری 28
کنار 26
کناری 1,2,20,21,22,23,24,25,26,27,28,29
کنان 4
کنترل 19,19,19,19,19,19,19,19,19,19,19,19,19,19,19,20,23,23,24
کنترلر 19
کنترلی 19
کندنیازمند 4
کنفرانس 7
کنند 20,26,26,28
کننده 26,26,26
کنندگان 26
کنید 2,23,25,26,26,26
کنیم 7
کوانتوم 12,19,26
کوتاه 26
کودکی 4
کوشش 26
کومونیسمی 26
کوچک 19,27,7
کیفی 12,19,20
کیفیت 20,21,21,27,4,4
کیلوبیت 27,27
کیمیاگری 26
گامهای 21
گاهی 26
گذاردن 21
گذاری 19,26
گذاشتن 4
گذاشته 4
گذشت 12
گذشته 7
گرافیک 4
گرافیکی 4,4
گرای 4
گردد 26
گردن 20
گرفت 21
گرفتن 12,2
گرفته 19,23,4
گروه 20,20,28
گروهی 23,26
گرچه 2,20,21,22,23,24,25,26,27,28,29
گزارش 20,26
گزارشی 26
گزینشی 26
گزینه 27,27
گسترده 26,4,4
گسترش 7,7
گسیل 24
گفتار 4,4
گفتاری 4
گفتن 4
گفته 21,21,22,23,25,26,26,29,4,4,4,7
گفتهٔ 26,7
گفتگو 4
گمراه 26
گمراهیی 26
گنجانده 4
گواهی 26,7
گوستاو 26,26
گولاگ 26
گیاهی 29
گیتس 7
گیرنده 4
گیرندگان 26
گیلرد 26
یابد 28
یادشده 27
یادکرد 20,21,21,22,23,24,25,26,27,27,28,29
یافت 7
یافته 12
یعنی 2,23,23
یوزف 26,26
یونانی 23
یونی 20
یکایی 23
یکدیگر 19,26
یکپارچه 21
یگانه 23
