آبرنگ 38,38,38,38,38
آبرنگی 38
آثار 34
آرامش 14
آرایشی 38
آرشیو 7
آرگومان 14,29,29
آزاد 38,38
آزادانه 38
آزادی 38
آزمایش 33
آزمایشگاه 33,33,33
آزمایشگاهی 36,36
آسیای 34,34
آسیایی 13,34
آشامیدنی 31
آشکار 34
آغاز 29,34,4,7
آقای 7
آلات 34
آلمانی 7
آماده 13
آمار 31
آمده 35,35
آمریکا 7
آموزش 2,2,2,2
آموزشی 35
آمیزی 38,38,38,38,38
آنالوگ 13,13
آنالیزور 36
آنجا 29,29,35
آندره 7
آندهنیتکارشناخته 29
آنلاین 2
آنچه 29
آنکه 34
آهنگران 29
آورده 34
آوند 37,37,37,37,37
آیتم 13,14,2,30,31,32,33,34,35,36,37,38
آیسیک 31
آیلاس 37
آیند 14
آینده 35,4
ابتدا 4,7,7
ابداعات 34
ابراهیم 35
ابری 34
ابزار 30,33,34,35,35,35,35,35,35,35,35,35
ابزارهای 34,34,38
ابزارهایش 35
ابزارهایی 35
ابزاری 35,35,35,35
ابعاد 38
اتاق 36,36,36
اتصال 33,33
اتصالات 33
اتصالی 32
اتومبیل 33
اجازه 38
اجباری 13,14,30,31,32,33,34,35,36,37,38
اجتماعی 34,34
اجرای 14
اجرایی 7
اجسام 34
احتیاجی 33,33
احتیاط 34
احساس 35
احساسات 4
اختراع 29,35,4,7
اختراعات 35,35
اختصار 31
اختصاص 35
اختصاصی 4
اختلاف 31,33,33,33
اختیار 2,35
اختیاری 13,14,30,31,32,33,34,35,36,37,38
اخیر 13,13,14,14,2,2,30,30,31,31,32,32,33,33,34,34,35,35,36,36,37,37,38,38,4
ادوات 34
ارائه 13,31,31,31,35,35,35,35
ارائهٔ 35
ارتباط 33,35,35,4,4,4,4,4,4,4,4
ارتباطات 35,35,4,4,4,4,4,4,4,4,4,4,4,4,4,4,4
ارتباطی 4,4,4
ارتقای 35
ارتوپدی 36
ارجاع 30,30,35,37,37,37,38
ارزیابی 4
ارسال 29
ارشد 7
ارشک 34
اروپای 29
اروپایی 13
ارکان 35
ارگانهای 30,30
اساس 7
اساسی 31,4
استارتاپی 35
استاندارد 2,2,29,29,33,35,4,7,7,7,7
استثنای 35,35,35
استحکام 32,32,34
استخراج 34,35,36
استخوان 34
استراتژی 31
استرس 4
استریت 7,7
استعلاجی 2
استفاده 13,13,14,2,29,30,31,31,31,31,32,32,32,32,33,33,33,33,34,34,34,34,34,34,34,34,35,35,35,35,35,35,35,35,35,35,36,37,38,38,38,38,38,38,38,38,4,4,7,7,7
استفادهٔ 35,35
استقراری 13
استنفورد 7
استوار 37
استور 7
استیو 7,7,7,7,7,7,7,7,7,7,7,7,7,7,7,7,7,7
اسلامی 34
اسلحهو 34
اسمش 7
اسناد 35
اسپانیا 29,29
اسکندر 34
اشاره 35
اشتباه 38
اشتغال 2
اشکانی 34,34
اشیاء 34,34,34,34,34,34,34,34,35,35
اصطلاح 35
اصطکاکی 34
اصلی 13,14,29,30,31,31,31,32,33,34,34,34,35,35,36,37,38,38,4,4,7,7,7
اصناف 29
اصول 35,35
اصولاً 38,38
اضافه 29
اضافهٔ 38
اضافی 4
اطراف 33,33
اطلاعات 1,13,14,30,31,32,33,34,35,35,35,35,35,35,36,37,38,4,4,4
اطلاق 35,35
اعتباری 31
اعتراضی 7
اعصاب 35
اعضای 7,7
اعمال 14,38
اغلب 13,34,34,34,34,34,34,34,35,35,4,4
افتادگی 2
افراد 34,35,35
افزار 35,35,35
افزایش 34
افزودن 38
افزوده 14
افزون 33
افکند 34
اقتباس 34
اقتصاد 31,35
اقتصادی 30,30,31,34,34
اقسام 32
اقصی 29
اكتبر 7,7,7
الأدوات 34
الزاماً 31
الفبای 4
الوی 7
الکترونیکی 2,2,2,35,4
الکتریسیته 33
الکتریکی 33,33,33,33,33,33
الگو 30,30,32,32,33,34,34,34,34,34,34,34,34,34,34,34,34,34,35,35,35,35,36,36,7,7,7,7,7
الگوهای 4
الگوی 13,13,33,7,7,7
الیاف 32,38,38
امروزه 35
امروزهٔ 34
امریکن 7
امواج 4
امور 32
امپراتور 34
امپراتوری 29
امپراطوری 34
امکان 13,14,30,31,32,33,33,34,35,36,37,38,38,4
امکانات 35
امیرکبیر 30
انتشار 1
انتشارات 35,35,7
انتظار 35
انتقال 33,35,4,4,4
انتهای 33
انتهایی 33
انجام 13,13,14,30,31,32,33,33,34,34,34,34,35,35,35,35,36,37,38,38,38
انحنا 38
انحنای 38,38
اندازه 33,33,34,34,34,34,34,34,37
اندازهٔ 29
انرژی 35,35
انسان 32,33,33,35,35,35,35,35
انسانی 34,35,35,35,35
انستیتو 35
انفجار 13
انقلاب 7
انقلابی 4
انواع 13,31,32,34,34,35,37,38,4
انگشت 33,33
انگشتان 33
انگلستان 29
انیمیشن 7
اهرم 38
اهمیت 38,38
اهمیتی 34
اواخر 29
اواسط 34
اوراق 31,31
اوقات 4
اولین 7
اولیه 31,34,34,34,4,4,4,4,4
اولیهٔ 38
اوّلین 29
اپتیک 35
اکتبر 7,7,7,7,7
اکتس 7
اکثر 34,34,35
اکنون 7
ایالات 7,7,7
ایالت 34,34
ایتالیا 29
ایجاد 33,33,35,38,38,38,38,38,38,38,38,7
ایران 2,29,30,30,30,30,30,30,30,30,30,34,34,34,34,34,34,34,34,34,34,34,34
ایرانی 34,34
ایرانیان 34
ایستگاهی 4
ایفا 34
اینتل 7
اینوستیگ 7
اینچ 34
اینکه 34,34,35
باده 37,37,37,37,37
بارز 34
باریک 37,37,38,38,38
بازار 35,35,35,35,35,35
بازارهای 34
بازاریابی 31
بازبینی 33,33,33
بازتاب 4
بازرسی 30
بازرگانی 30,30,35
بازنویسی 4
بازه 14
بازگشت 7
بازی 4,7
باستان 34,34,34
باشد 33,33,33,38,38,38,4
باشند 14,14,14
باعث 33,33,33,34,38
بافت 38,38,38,38,38,38
بافتی 36,38,38
بالا 29,38
بالاتری 38
بالاخره 29
بالقوه 35
باید 33,33,33,34,34,34,38,7,7
بتواند 33
بخاری 35
بخاطر 34
بخشی 34,35
بخشیدن 32,38
بدست 14,14
بدهد 33,33
بدون 12,30,30,30,30,33,33,33,33,34,35,37,37,37,37,38,4
بدین 34
برابر 34,7
برادکستینگ 7,7
براساس 31
براش 36
برای 12,13,13,14,14,14,2,2,2,2,29,29,30,30,31,31,31,31,31,32,32,32,32,33,33,33,33,33,33,33,33,33,34,34,34,34,34,34,34,35,35,35,35,35,35,35,35,35,35,35,35,35,35,35,35,35,36,36,37,37,37,38,38,38,38,38,38,38,38,38,38,38,38,38,38,38,38,38,38,38,38,38,38,38,4,4,4
برتری 34
برخلاف 13
برخورد 35
برخوردارند 34
برخی 31,31,33,34,34,35,35,37,7
برداری 34,38
برداشت 38
برداشتن 38
بردستیابی 34
بردن 35
بردند 4
برده 29,4
بررسی 2,35,35,38,7
برطبق 30,37
برقرار 4,4,4,4
برقی 33
برنامه 4
برندهای 13
برنز 34,34
بروجردی 29
برون 36
برکلی 7
برکناری 7
بریدن 34
بزرگ 34,37,37,37,4
بزرگانشان 4
بزرگتر 34
بزرگشان 4
بسازید 13,14,30,31,32,33,34,35,36,37,38
بستن 32
بسته 33,33,34,34
بستگی 13
بسزایی 35
بسیار 34,34,35,4
بسیاری 35,35,4,4,4
بشری 34,35
بشریت 34
بشود 33
بشکه 37
بصری 35
بطری 37
بقای 35
بنابراین 34,4
بهادار 31
بهبود 34,35,35,35,38
بهداشت 2
بهداشتی 35
بهره 32,35
بهینه 14
بودن 4
بودند 29,4,4
بوده 34,34,35,35,35
بورنیت 34
بُرش 29
بپرسند 2
بکار 32,33,35
بگیرند 32,33
بیان 35
بیرولز 4
بیرون 7
بیرونی 35
بیزانسی 34
بیزینس 7
بیسیم 13,13,13,13
بیشتر 1,12,13,13,14,14,2,29,30,30,31,31,32,32,33,33,33,34,34,34,35,35,36,36,37,37,38,38,38,38,4,7,7
بیشتری 32,38
بیماری 2
تأثیر 34,34,35,35,35,4
تأثیرگذار 13
تأسیسات 35
تئوری 14
تئوری_کنترل 14
تابع 14,14,29,29
تابعهٔ 34
تابیدن 32
تابیده 32
تاریخ 32,32,32,32,33,33,33,34,34,35,7
تاریخچه 29
تاریخچهٔ 34
تاریخی 34,34,34,7,7
تازه 34,35
تازگی 35
تاکنون 4
تاینی 7
تبادل 4,4
تبحر 35
تبدیل 14,14,29,35,7,7
تبلت 7
تبلیغات 1
تجاری 12,13,13,29,30,31,32,33,34,35,36,37
تجزیه 36,36,4
تجهیزات 31,35,36,36,36,36,36,36
تحریف 7
تحقیقات 4
تحلیل 31,31,4
تحول 35
تحولات 34,34
تخلیه 34
تداوم 38
تدریج 34
تدریس 2,2
ترابری 30,30
تراش 34
تراشکاری 34
تراشیده 37
ترافیک 35
ترانسفر 34
ترتیب 33
ترجمهٔ 31,35,7,7
ترقیات 35,35
ترکیب 34,38,38
ترکیبی 34,34
تزئین 34
تزئینات 34
تزئینی 34
تستی 7
تسلسل 38
تسلط 35,35
تشخیص 33,33,33,33,33,33,34,36,4
تشخیصی 33
تشعشعات 34
تشکیل 31,33,4,7
تصاحب 34
تصادفی 13,14,30,31,32,33,34,35,36,37,38
تصاویر 13,14,2,30,31,32,33,34,35,36,37,38
تصمیم 7,7,7
تصور 31,35
تصویر 7
تصویری 4
تعاریف 35
تعامل 29
تعاملات 4
تعاملی 4
تعبیر 35
تعبیرهای 31
تعبیه 7
تعریف 14,31,31,31,35,4
تعلق 34
تعمیر 35
تعمیرات 35,35
تعیین 38
تغییر 32,34,35,38,38,38,38,38,38,7,7,7
تغییرات 13,14,14,2,30,31,32,33,33,34,35,36,37,38,4
تفاضلی 33,33,33
تفسیر 4
تفکیک 38
تقسیم 34,34,34,38,4
تقویت 14
تلاش 35,35,4
تلفن 12,13,29,30,31,32,33,34,35,36,37,4,4,7,7
تلفنی 4,4
تلفیق 34
تماس 2,2,33,33,33,33,33
تماسه 33
تماسی 33
تمام 31,31,31
تمامی 34,35
تمدن 34
تمیز 38
تناسلی 35
تنفس 36,36
تنها 13,33,33,34
تنوع 34
تهران 2,31,35
تهیه 29,29
تهیهٔ 29,31
توالت 29
توالی 38
توان 33
توانایی 33,35,38
توانند 34
توجه 31,34
توجّه 31
توزیع 31
توسط 14,14,29,29,29,31,31,34,34,34,34,34,35,35,7,7,7,7,7,7
توسعه 35,4
توصیف 14
تولید 13,29,29,29,29,29,29,30,31,31,31,31,31,35,35,35,4,4
تولیدات 34
تکامل 2,34
تکراری 14
تکنولوژی 35,35,35,35,35,4
ثابت 13,14
ثبات 34
ثمره 4
جابز 7,7,7,7,7,7,7,7,7,7,7,7,7,7,7,7,7,7,7,7,7,7,7,7,7,7
جادویی 35,35
جاذبه 7
جانشین 29,34
جانشینان 34
جانوران 38
جایگزین 2,31
جداسازی 34
جدید 35,35,38,7,7,7,7
جدیدی 34
جراحی 36
جریان 33,33,33,33,33,33,33
جزئی 34,38
جزئیات 12,13,29,30,31,32,33,34,35,36,37
جزئیاتی 38
جستارهای 2,32,33,35
جستجوی 7,7,7
جفری 7
جلسات 7
جلسه 7
جلوه 35
جلوی 35
جلویی 33
جمعی 2
جمله 4
جنسی 4
جنوب 34,7
جهان 35,35,35,7
جهانگیری 31
جهانی 7
جواب 14
جواد 35,35
جوامع 35
جوامعی 35,35
جواهرات 34
حاتم 35
حاصل 29,34
حاضر 7
حالت 29,38,38
حالی 33
حالیکه 4
حتماً 38
حجمی 38
حداقل 33
حداکثر 35
حدود 29,29,35
حرارت 34
حرکات 4
حرکت 33,38,4
حساب 13,13,13,13,14,14,14,30,30,30,31,31,32,32,32,33,33,34,34,35,35,36,36,36,37,37,37,38,38,38
حسگر 33
حشرات 4,4
حضوری 2
حفاری 34
حفاظتی 2
حلقهٔ 14
حمله 4,4
حواشی 38,38
حیات 12,35
حیاتی 4,4,4,4,4,4
حیطه 35
حیوان 34,34,4
حیوانات 4,4,4,4,4
حیوانی 29,29,37,4,4
خارجی 34
خاصی 14,34
خاصیت 38
خاطر 38,38,38,38,4
خالص 34
خانه 7,7,7,7
خانهٔ 7,7
خانواده 29
خانگی 35
خانۀ 7,7
خاورمیانه 29
خدمات 30,30,30,31,31,31,35,35,35,35
خدمت 35
خدمتی 35
خراسانی 34,34
خرداد 31
خرمشهر 30
خروجی 13,14,14,14,14
خصوص 1,13,14,2,30,31,32,33,34,35,36,37,38
خطوط 38,38,38,38,38,38
خطوطی 38
خمیری 38
خواص 34
خواهد 33
خواهر 7,7
خوبی 2,29,38,4
خودداری 7
خودرو 13
خودرویی 13
خودش 7
خوراک 35,35,35
خوردار 34
خوری 37,37
خُنب 37
خیابان 7,7
خیلی 33,34
دائم 7
داخل 33,4,4,4
داخلی 34
دادن 13,33,33,34,4,4
دادند 34
داده 13,14,2,29,30,31,32,33,33,33,34,34,35,35,36,37,38
دارا 13
دارای 12,12,12,13,13,13,14,14,29,29,31,32,32,33,33,33,33,33,34,35,35,35,35,35,35,38,4
دارد 13,13,14,2,30,31,32,33,33,33,33,33,34,35,35,35,35,35,36,37,38,38,38,38,38,4
دارند 31,31,34,34,38
داستان 7
داشته 14,33,34,35,38
دانست 34
دانش 35,35,35,35,35,35
دانشجویان 7
دانشنامهٔ 13,13,14,14,2,30,30,31,31,32,32,33,33,34,34,35,35,36,36,37,37,38,38
دانشگاه 2,30,30,35,7,7
دانشی 35,35
دانهٔ 38,38
درآمد 31
درآورد 34
درآورده 34
دراز 32
درایران 34
دربار 34,34
دربارهٔ 1,13,14,2,29,30,30,31,32,32,33,33,34,34,34,34,34,34,34,34,34,34,35,35,35,36,36,37,38,7,7,7,7
دربر 34
دربرمی 34
درتوسعه 4
درختان 38
درست 2,32,38
درستی 33,4
درسی 33
درصد 35,7
درصورت 33
درقرن 34
درمجموع 31
درهٔ 7
درون 33,4
دریا 30,30,32,32
دریافت 4,4
دریانوردی 30,30
دریایی 13,30,30,30,30,30,30,30,30,30,30,30,30,30,30,30
دریچه 33
دریک 4
دسامبر 29,34,37,7
دستاوردهای 34,35
دسترس 12,13,13,29,30,31,32,33,34,35,35,36,37
دستشویی 29
دستمزد 2
دسته 14,14,14,31,33,34,34,37
دستور 29,29
دستکاری 14
دستگاه 13,13,13,29,33,33,33,35,4
دستی 13,13,13,34,34,34,34,35
دعوت 13,14,30,31,32,33,34,35,36,37,38
دقیق 31,34,34,38
دقیقی 34
دلار 7
دلالت 35,35
دلپذیر 29
دلیل 34
دمای 33
دنبال 14,34,35
دنبالهٔ 34
دندان 36,36
دندانپزشکی 36
دنور 7
دنیا 35
دنیای 4
دهانه 33,33
دهنده 31
دهیم 33
دوام 34,34
دوران 32,32,34,34,34,34,34,34
دوره 34,34,34,34,34,34,7
دورهٔ 34
دوسر 33,33
دویستچمن 7
دکمه 13
دیجیتال 13,13,13,13
دیجیتالی 2,2
دیرینه 35,35
دیزرت 7
دیزنی 7
دیفرانسیل 14,14
دیلی 7
دینامیکی 14
دیوار 33
دیگر 13,14,14,2,2,30,31,31,32,32,32,32,33,33,33,33,34,34,34,35,35,35,35,35,35,36,36,37,37,38,38,38,4
دیگری 29,34,38,4,4
ذکرست 31
رابط 7
رابطه 14,14,14
راحتی 38
رادیو 13,4
راهنمایی 2
رجوع 4
ردیف 31
رسانی 35
رشته 32,4,4,4
رشتهٔ 32,34
رشدکننده 4
رفتار 14,14,14,14,14,4,4,4,4
رفتارهای 35
رفتاری 4
رفتن 34
رفته 29,32,35
رقابتی 31,31
رقبا 31
رنگبر 38
رنگرزی 38
روزانه 2,35
روسی 37
روشن 33,33,33,33,33
روشنی 34
روغن 29,38,38
رومی 34
روکش 36
رویدادهای 13,14,30,31,32,33,34,35,36,37,38
رویکرد 35
ریاضی 14
ریتونرا 34
ریشه 35
زاویه 38,38
زبان 12,12,35,35,35,35,35,37,38,4
زمان 13,14,29,29,34,4,7
زمانی 29,38,4
زمانیکه 4
زمین 33,33,33,33,33
زنان 36,36
زنده 4,4
زندگی 34,35,35,35,7,7,7,7
زوایا 38
زکریا 29
زیاد 38,38,38,38
زیادی 34,34,35,38,38,38,38,38,38,4,4
زیبا 34
زیتون 29
زیرا 14,34,34
زیرنویس 7
زیرپای 33
زیرین 4
زیستی 4
زیورآلات 34
زیورهای 34,34,34
سؤال 2,7
ساحکر 34
ساخت 13,14,30,31,31,32,33,34,34,34,34,35,35,35,35,35,36,37,38,7,7
ساختمان 35,35
ساختن 34,35,35,35
ساخته 29,31,33,34,34,34,34,34,35,38,38,4
ساده 33,35,38,4
سازان 29
سازمان 12,13,2,29,30,31,31,32,33,34,34,35,36,37,4,4,4,4,4,4
سازماندهی 4
سازمانی 7
سازنده 29
سازگاری 34
سازی 29,29,29,29,29,37
ساسانی 34,34,34
ساسانیان 34,34
ساعت 12,13,29,30,31,32,33,34,35,36,37
ساقه 4
سالکر 34
سامانه 13,13,13,14,14,14,14,14,14,14,14,14,14,14,30,30,30,31,31,31,32,32,32,33,33,33,34,34,34,35,35,35,36,36,36,37,37,37,38,38,38
سایر 29,29,31,31,31,34,34,35
سایه 38
سایکولوجی 7
سبوی 37
سختی 34,34
سخنرانی 7
سراسر 35
سراغ 35
سرامیک 31
سربار 34,34
سرزمین 34
سرعت 33,4
سرعتی 35
سرمایه 31,35
سرواژهٔ 35
سروکار 31
سرویس 29
سطوح 35,36,38
سفال 34,34
سفالگری 34
سفالی 37
سفالین 37,37
سلاح 34
سلسله 34
سلطه 34
سلول 4
سلولی 4,4
سلوکوس 34
سلوکی 34
سنتی 34
سنگین 38
سهام 7
سهرابی 2
سهیم 35
سودجویی 34
سوریه 29
سیاسی 34,34,34
سیستم 14,4
سیستماتیک 35
سیلیکون 7,7
سیما 35
سیمان 31
سیمهای 13,13,13
سیمون 7
سیمی 33
سیگنال 14,33
سیگنالینگ 4,4
شامل 31,34,4,4,4
شانون 4,4
شاید 35
شایع 35
شبکه 14
شبیه 38
شخصی 34,34,35,4,7,7
شدند 34
شرابخوری 37
شرابی 37
شرایط 4
شرقی 34,34
شرکت 31,33,7,7
شعار 7
شغلی 2,2,2,2
شماری 34
شمال 34
شناخت 4
شناخته 13,13,13,29,29,38,4,4
شناختی 34
شناسان 35
شهرام 34
شهرهای 29
شهری 33
شورای 12
شوند 13,13,13,34,38
شوید 13,13,14,14,30,30,31,31,32,32,33,33,34,34,35,35,36,36,37,37,38,38
شپهارد 29
شکار 34
شکستن 34
شکلی 38
شکوفائی 34
شگرد 35,35
شیشه 34,37
شیمیایی 34,34,36,4,4,4,4
شیوه 35
شیوهٔ 31
شیپور 34,34
صابون 29,29,29,29,29,29,29,29,29,29,29,29,29,29,29,29,29,29
صاحب 35,7,7
صادر 29
صحبت 4,4
صحیح 33
صدای 2,2,4
صراحی 37
صرفاً 38
صفجه 13,14,2,30,31,32,33,34,35,36,37,38
صفحه 12,13,13,13,13,13,14,14,14,14,2,2,2,2,29,30,30,30,30,31,31,31,31,31,32,32,32,32,32,33,33,33,33,33,34,34,34,34,34,35,35,35,35,35,35,36,36,36,36,36,36,37,37,37,37,37,37,38,38,38,38,7,7
صفحهٔ 13,13,13,14,14,14,2,30,30,30,31,31,31,32,32,32,33,33,33,34,34,35,35,35,36,36,36,37,37,37,38,38,38
صنایع 30,31,34,34,34,34,35,35
صنایع_دریایی 30
صنایعی 31
صنعت 29,31,31,31,31,31,31,31,31,31,31,31,32,34,34,34,35,35,35,35,35,35,35
صنعتت 34
صنعتی 2,30,30,30,30,31,31,31,34,35,35,35,35,35,35
صورت 13,13,14,29,30,31,32,32,33,34,34,34,34,35,35,35,36,37,38,38
صورتی 33
ضخیم 33,38,7
ضدعفونی 36
ضرایب 14
ضروری 34
ضعیف 33
طبیعت 35
طبیعی 34,35
طراحی 34,35,4,7
طریق 33,33,35,4,4,4,4
طناب 32,32,32,32,32
طوری 35
طولانی 38,38,4,4
ظروف 34,34,34,37,37
ظروفی 37
ظریف 38,38,38,38,38,38
ظریفه 34
عامل 35,7
عایق 33
عایقی 33
عبارت 13,14,30,31,32,33,34,35,35,35,36,37,38
عبارتست 31
عبارتند 34
عباس 34
عباسقلی 34
عبور 33
عجیب 35
عرضهٔ 7,7,7
عصبی 4,4
عقبی 33
علائم 36,4
علامتی 12,13,29,30,31,32,33,34,35,36,37
علاوه 31,34,38
علمی 34,35,35,35,35,35,35,35
علوم 14,30,30,30,30,30,30,30,30,35,35,35
عمده 4
عملاً 7
عملکرد 33,4
عملی 35,35,35,35,35,4
عملیات 34
عمومی 4
عناصر 34,34,35
عناوین 2
عنوان 29,29,31,33,34,34,4,4,4
عوامل 13
غربی 34,34
غشایی 36
غلیظ 29
غنای 34
غیرانتفاعی 12,13,29,30,31,32,33,34,35,36,37
غیرانسانی 4
غیرخطی 14
غیرعادی 34
غیرمجاز 7,7
غیره 31,35,4
فارسی 35,37
فازمتر 33,33,33,33,33,33,33,33,33,33,33,33,33,33,33,33
فاصله 34,34
فاضلاب 7
فتحیان 35
فتومتر 36
فراخوانی 14
فرار 4,4
فراوان 34
فراوانی 31
فراورده 31
فراوری 30
فرایند 31,31,34,34,35,35,4,4
فرایندهای 34,35,35,35,4
فرایندهایی 35
فرایندی 4
فردا 35
فردی 35,4
فرزکاری 34
فرسایش 34
فرستنده 4,4
فرستندگی 13
فرصت 38
فرمان 14,14
فرهنگ 35,4
فرهنگی 31,31,34,34,34
فروخت 7
فروسرخ 33,33
فروش 29,7
فرکانس 13,13,35
فریر 34
فشار 13,2,29,33,33
فعالیت 31,35,35
فعالیتی 35
فلزات 34,34,34,34,34,34,34,34,34,34
فلزخیز 34
فلزکاری 34,34,34,34,34,34,34,34,34,34,34,34,34,34,34,34
فلزی 31,33,34,34,34,34,34,34,34,34,34,34,34,7
فلزیِ 34
فناوری 12,12,34,35,35,35,35,35,35,35,35,35,35,35,35,35,35,35,35,35,35,35,35,35,35,35,35,35,35,35,35
فنری 38
فنون 35
فهرست 4
فهرست_تجهیزات_و_لوازم_پزشکی 36
فهرست_ظروف_شرابخوری 37
فهرستی 38
فوریه 7
فولادی 34
فیزیکی 35
فیلتر 4
فیلمی 7,7
قابل 13,14,2,30,30,30,31,32,32,33,33,34,34,35,35,35,36,37,37,38,38,4
قابلیت 13,34
قادر 4
قارچ 4
قارچی 4,4,4,4
قالب 34,34,34,34
قالی 34
قبیل 34,4,4
قدامی 34
قدرت 13
قدما 35
قدیمی 34,35,35,35
قرار 14,31,31,32,33,33,33,33,33,33,33,34,34,34,34,35,35,38,38,7,7
قراردادی 38
قرون 29,29
قسمت 33,33,33,33,34
قسمتی 4,4,4
قصدداشت 7
قطعات 34,34
قطعه 33
قطعی 33,33
قلممو 38
قلمو 38,38,38,38,38,38,38,38,38,38,38,38,38,38,38,38,38,38,38,38,38,38,38,38,38
قلموهای 38,38,38,38
قلموی 38,38,38,38,38,38,38,38
قلیا 29,29
قواعد 4
قوسی 34,34
لاتین 35
لاروس 35
لازم 31
لاست 34
لامپ 33,33,33,33
لاپلاس 14
لاینر 38
لاینری 38
لباس 34,34,36,36
لحاظ 31,34
لحظه 38
لطفاً 30,34,37
لوازم 34,36,36,36,36
لولا 7
لیدینگ 7
لیوان 37,37
لیکن 35
مؤسسه 31
مادر 4
مادهٔ 29
مادی 35
مارس 30,34,7,7,7,7
ماسه 34
ماشین 35
ماقبل 32
مالاکیت 34
مالکیت 7
مانع 4
مانند 29,31,35,35,4,4,4
مانی 7,7,7,7,7,7,7
ماوراء 36
مایع 29,29,29,36
مایعات 34
مایو 36
مایکل 31
مبانی 35
مبشر 35
مبلغ 7
مبهم 38
متبلور 35
متحده 7,7
متخصص 35
متشکل 4
متشکله 35,36
متصل 13,14,2,30,31,32,33,33,34,34,35,36,37,38
متعدد 34
متعددی 34,35
متعلق 12,13,29,30,31,32,33,34,34,35,36,37
متغیر 33,33,33
متفاوت 13,34,34,38,38,38,4,4
متفاوتی 31
متقابل 4,4
متمرکز 4
متناوب 33,33
متنوع 34,38
متوالی 38
متوجه 33
متون 31,31
مثال 31
مثلاً 31,31,34
مجاز 7
مجازی 35,35
مجدد 7,7,7
مجدداً 14,7
مجموعه 34,34,35
مجموعهٔ 31
محاسبه 14,14
محتوای 13,14,2,30,31,32,33,34,34,35,36,37,38,4
محتویات 13,14,2,30,31,32,33,34,35,36,37,38
محسوب 34
محشر 7
محصول 34,7,7,7
محصولات 34,35
محلول 29
محلی 14,29,29,38
محمد 35
محیط 35,35
محیطی 13
مختلف 13,31,31,33,33,34,34,4,4,4,7
مختلفی 13,2,34,34
مخزن 13,14,2,30,31,32,33,34,35,36,37,38
مخصوص 36
مخصوصاً 4
مخلوط 34
مدار 33,33,33
مدارک 35
مداری 33
مداوم 34
مدرک 34
مدیرعامل 7
مدیرهٔ 7,7
مدیریت 2,2,31,35,35
مذاب 29,29
مذهبی 34,35,35
مذکور 31,31
مراسم 35
مراغه 29
مربوط 31,35,35,35,4,7,7,7
مربوطه 31
مرتبط 4,4,4
مرجع 14,14
مرحله 4,4,4,4
مردم 35,35
مرسوم 4
مرطوب 38
مرکزی 34
مرگش 7
مزیت 33
مسائل 4
مستغلّات 31
مستقیم 33,33,33,33,35,38
مستقیما 33
مستند 12,35
مشابه 14,29,29,31,31,38,4,4,4
مشارکت 2,4
مشاغل 35,35
مشاهده 30,32,33,34,34,34,34,34,34,34,34,35,35,36,4,4,7,7,7
مشاوره 30,30
مشترک 34
مشترکی 4
مشخص 33,33,34,4
مشخصاتی 34
مشکل 34
مصداقهای 35
مصرف 31
مصرفی 7
مصطفی 2
مصنوعات 35
مصنوعی 38
مصوب 35
مطالب 30,37
مطالعات 35,35
مطالعه 2,34,4,4,4,7
مطالعهٔ 35,35
مطالهٔ 34
مطبوعات 4
مطرح 2,7
مطلوب 14
معادل 35
معادلات 14,14
معادلاتی 14
معادلی 38
معادن 34
معامله 7
معاینه 36
معرض 4
معرفی 7,7
معروف 29,7
معلومات 35,35
معماری 7
معمول 29,32,34
معمولا 33,33
معمولاً 14,38
معمولی 37
معنای 35,35,35,35
معنایی 4
معنی 35,35,4,4,4,4
معیار 7
معین 29,4
معینی 14
مفاهیم 34
مفهوم 35,4
مقاله 13,34,38,38
مقالهٔ 2
مقاومت 33,34,34
مقدار 14
مقرر 2
مقولهٔ 35
ملزوم 31
ملزومات 29,35
ممتد 38
ممکن 30,31,33,35,35,37,4
منابع 30,34,35,35,37,38,38
مناسب 14,38
مناسبی 14,38
مناطق 30
منبع 30,31,37
منتهی 38
منحرف 1
منحنی 38,38
منشأ 4
منصوب 7
منطقه 7
منظم 35,35,35,35
منظمی 35
منظور 34,34,34
منفی 1,14
مهارت 35,4
مهارتی 35
مهدوی 35
مهدی 7
مهرپویا 31
مهمی 4
مهندسان 35
مهندسی 30,30,30,30,33,33,33,35,35
مواجهه 35
مواد 32,32,34,35,35,35,36,36,36,4,4,4
موادّ 31
موادی 35
موارد 31,33
مواردی 34
موازی 34
موافقت 7
مواقع 14
موانع 2,4
موتور 33
موجب 14
موجود 29,34,34,35,35,4
موجودات 4,4,4,4,4
مورد 31,31,31,32,33,33,33,34,34,34,34,34,35,35,35,35,35,35,35,35,38,38
موردو 7
موردی 34
موسسه 31
موسیقی 7
موضوع 7,7
موضوعات 31,31,34,34,35,35
موفق 4
موفقیت 2
موقعیت 33,33,4
مولتی 33
مولکول 29,4
موهای 38
مکالمه 13,4
مکان 13
مکانیسم 34
مکتب 34,34,34,34
مکرر 2
مکیده 38
میان 31,34,34,34,4,4
میتالورژی 34
میتالورگی 34
میتواند 2
میدان 33,33
میدانی 35
میرشکاری 35
میزه 7
میلاد 34,34
میلادی 4
میلیون 7,7,7
میکرو 33,35
ناحیه 4
نازک 38
ناصر 7
نافلزی 31
نالج 7
نامزد 13,13,13
نامیده 13,14,14,31
نانو 35
ناوبری 34,34
ناوهای 30
ناپل 29
نباشد 33,38
نباشند 4
نتایج 35
نتیجه 33,35
نجاران 29
نحوی 4
نخست 34
نخستین 32,35
نخواهد 33,33,33
ندارد 38
نزدیک 14,29
نزدیکی 31,34
نساجی 34
نسبت 33,38
نسبتا 37,37
نسبتاً 37,37
نسخه 1,13,14,2,30,31,32,33,34,35,36,37,38,7,7
نسوز 34
نشان 2,31,32,33,34,34,35,4,4,4
نشانه 4
نشانی 13,13,14,14,30,31,32,33,33,33,34,35,36,36,37,37,38
نظافت 34,34
نظام 35
نظامی 35,35
نظران 35
نظرهای 31
نظیر 29,29
نفتی 30,30
نفره 37
نقاش 38,38,38,38
نقاشی 38,38,38,38,38
نقاط 29,29
نقره 34,34,34,34,34
نقطه 14,14,29,33,33,33,33,34
نقوش 34
نماد 31
نمادین 4
نمای 4
نمایش 34
نماینده 4
نمونه 13,34,34,34,34,34,36,38
نمونهٔ 38
نهاد 30,30,35
نهادهای 31
نهایت 7
نهایی 34
نوآورد 35
نوآوری 35
نواحی 34,38
نوار 13,14,30,31,32,33,34,34,34,35,36,37,38
نوامبر 31,7
نوسان 14
نوشتار 30,37
نوشتهٔ 35
نوشیدن 34,37
نوشیدنی 34
نوپا 35
نوین 35
نژادشناسی 4
نکست 7
نگارش 4
نگارینی 37
نگرفته 33
نگهداری 35,38
نیاز 33,34,35,35,38
نیازمند 12,12,34,34,34,4
نیازی 38
نیرو 35
نیروی 32,35,35
نیست 13,14,30,31,31,32,33,34,35,36,37,38
نیمه 4,4
نیمو 7
نیوز 7,7
نیویورک 7
هاوایی 7
هایفریر 34
هخامنشی 34,34,34,34
هخامنشیان 34
هدیه 34
هرسال 29
هرچند 13,14,30,31,32,33,34,35,36,37,38
هرگونه 7
هزارم 34
هزاره 34,34,34,34
هستند 13,30,34,34,35,38,4
هشتم 29,34
هشدار 4
همان 35,37,7
همانند 34
هماهنگ 4
هماهنگی 4
همجوار 34
همراه 12,12,29,33,33,35,35,35,35,4,4
همزمانی 4
همسان 4
همسایه 4
همهٔ 13,13,14,14,2,2,30,30,31,31,32,32,33,33,34,34,35,35,36,36,37,37,38,38,38
همواره 34
همچنان 33,33,38
همچنین 29,31,33,33,35,35,38,4
همچون 35
همکاران 2
همکاری 4
همین 13,14,30,31,32,33,34,35,35,35,36,37,38
هنروران 34
هنری 34,34
هنوز 29,34,38,4
هنگام 38,7,7
هنگامی 14,32,34
هیئت 7,7
هیستوری 7
هیولا 7
وابسته 31,31
وارد 13,13,13,14,14,14,30,30,30,31,31,31,32,32,32,33,33,33,33,33,34,34,34,35,35,35,36,36,36,37,37,37,38,38,38
واسطهٔ 4
واقع 34,35,4,4
والتر 7
والدین 2
والدینشان 4
والی 7
واژه 35,37
واژگان 12,35,35,35,35,35
واکنش 34,4,4
وبلاگ 2
وبگاه 7
وجود 12,12,12,12,12,12,14,2,2,2,2,2,2,2,2,29,29,30,30,30,30,30,30,30,30,30,30,30,30,31,31,31,31,31,31,31,32,32,32,32,32,32,32,32,32,32,32,32,32,32,32,32,32,32,32,32,32,32,32,32,32,32,32,32,32,32,33,33,33,33,33,33,33,33,33,33,33,33,33,33,33,33,33,33,33,33,33,33,33,33,33,33,33,33,33,33,33,33,33,33,33,33,33,33,33,33,33,33,34,34,34,34,34,34,34,34,34,34,34,34,34,34,34,34,34,34,34,34,34,34,34,34,34,34,34,34,34,34,34,34,34,34,34,34,34,34,34,34,34,34,34,34,34,34,34,34,35,35,35,35,35,35,35,35,35,35,35,35,35,35,35,35,35,35,35,35,35,35,35,35,35,35,35,35,35,35,35,35,35,36,36,36,36,36,36,36,36,36,36,36,36,36,36,36,36,37,37,37,37,37,37,4,4,7,7,7,7,7,7,7,7,7,7,7,7,7,7,7,7,7,7,7,7,7,7,7,7,7,7,7,7,7,7,7,7,7,7,7,7,7,7,7,7,7
ورزش 36
ورقه 34
ورودی 14,14,14,14
وسائل 35,35
وسایل 35,36,36
وسایلی 34
وسطی 29
وسیع 38,38,38,38
وسیعی 4
وسیله 33,33,33,33,4
وظایف 35,35
وفور 33
وقتشان 35
ولتاژ 33,33,33,33,33
ولتاژی 33
وکترونیکس 7
ویرایش 12,13,29,30,30,31,32,32,33,33,34,34,34,34,34,34,34,34,34,34,35,35,35,36,36,37,7,7,7
ویزه 34
ویلایی 7
ویلیام 29,7
ویور 4
ویژه 13,14,2,30,30,30,31,32,33,34,35,36,37,38,4,7
ویژگی 34,38,38
ویکی 13,14,2,30,31,32,33,34,35,36,37,38
پادشاهان 34
پادشاهی 29,4
پارازیت 4
پارت 34
پارتی 7
پارس 34
پانزده 7
پاول 7
پاپیروس 4
پایدار 1,13,14,2,30,31,32,33,34,35,36,37,38
پایداری 14
پایه 12,12,35,37,37
پایین 29,33
پتانسیل 33,33
پتانسیلی 33
پتنت 7,7
پدید 14
پدیدار 4,4,4
پدیده 35,35
پدیدهٔ 35
پذیرش 12,35,7
پذیرفته 4
پرتو 34
پرداخت 31
پرداختن 35
پرداخته 35
پردازش 4
پرسرعت 34
پروسه 34
پروژه 7
پروگرام 13
پرکاربرد 13
پریز 33
پزشکی 35,36,36
پشمی 34
پنبه 36
پنداشتند 4
پودر 38
پوشی 2
پوشیده 33
پژوهش 35,35
پیاله 37
پیام 4,4,4,4,4
پیدا 29,34,38,38,38,38
پیرامون 13,13,13,14,14,14,2,30,30,30,31,31,31,32,32,32,32,32,33,33,33,34,34,34,35,35,35,36,36,36,37,37,37,38,38,38
پیشرفت 31,35,4
پیشوند 13
پیشکش 34
پیشین 13,14,2,30,31,32,33,34,35,35,36,37,38
پیوند 12,13,13,13,13,14,14,14,14,14,2,2,29,29,30,30,30,31,31,32,32,32,32,33,33,34,34,35,35,35,35,35,35,36,36,36,37,37,37,37,38,38,38,7
پیونددار 30,30
پیوندهای 14,2,31,32,33,34,35,36,38
پیچیده 35
پیچیدگی 4
پیکسار 7,7,7
چابک 38,38
چالش 30,37
چتول 37
چراغ 33,33
چربی 29
چندلمسی 7
چنین 31,35,4
چهارم 35,37
چگونگی 1,13,14,2,30,31,32,33,34,35,36,37,38
چیزی 38
ژئوتکنیک 35
ژانویهٔ 35
ژنتیک 35
ژنتیکی 4
ژوئن 2
ژوئیهٔ 12,13,33,7
کاتیونی 29
کارایی 33
کاربر 14,33
کاربرد 32,34,35,35,35,35,35,35,35,38,38,38,38,38
کاربردن 35
کاربردی 38
کاربری 13,13,14,14,30,30,31,31,32,32,33,33,34,34,35,35,36,36,37,37,38,38
کاربیدی 34
کارخانه 31
کارهای 34,34,35
کارگران 2
کارگردانی 7
کاری 2
کاسه 37,37
کاغذ 38,4
کالا 31,35,35
کالای 35
کالایی 35
کالت 7,7
کالکوسیت 34
کالکوپیریت 34
کالیفرنیا 7
کامل 33,34,36
کاملاً 34
کامپیوتر 7
کانال 4,4,4
کانی 31,34
کتاب 35
کتابخانه 12,35
کتان 32
کتبی 4,4
کثیری 31
کردن 13,14,30,31,32,32,33,33,33,33,34,34,35,36,37,38,38,4,4,4
کرده 34,34,38,7
کشاورزی 34,35
کشتی 35
کششی 32,32
کشور 1,29,34
کشورهای 34
کشید 38
کشیدن 38,38,38
کشیده 30,32,37
کلمه 4
کلیهٔ 35
کم 35
کمال 7
کمتر 33,34,38,7
کمتری 34,38
کمکی 35
کمیسیون 7,7
کنار 29,31
کناری 13,14,30,31,32,33,34,35,36,37,38
کنترل 12,14,14,14,29,35,38,4
کنفی 32
کنند 14,4,4
کنون 4
کنونی 4
کنیم 31
کوانتوم 35
کوتاه 38,7,7
کوتاهی 38
کورپوریشن 7
کوزه 37
کولب 35
کولیس 34,34,34
کولین 34
کوچک 33,37,7
کوچکی 33
کیفیت 38
کیور 36
گالری 34
گانتر 34,34
گداز 34
گذاری 12,35
گذاشت 34
گرایش 35
گربه 38
گردبادی 36
گردن 37
گردیده 34
گرفت 29,34
گرفتن 38
گرفته 34
گرفتگی 33,33
گرنه 33
گروه 31,31,31,31
گروهی 34
گرچه 13,14,30,31,32,33,34,35,36,37,38
گریز 34
گسترده 34,34
گستره 34
گشای 35,35
گشایی 34
گشته 35
گفته 31,31,32,35,4
گلیسیرین 29
گواه 34
گوتنبرگ 4
گوشتی 33,33
گولد 35
گوناگون 30,31,31,34,34,35,38
گوناگونی 31,31
گونه 13,33,38,4
گویش 37
گیاه 4,4,4
گیاهان 4,4,4,4,4,4,4,4,4
گیاهی 29,4,4
گیتاشناختی 31
گیتس 7
گیرد 29
گیرنده 4
گیرندگی 13
گیری 33,33,33,33,33,34,34,34,34,34,34
یابی 34
یادکرد 13,14,2,30,30,31,32,33,34,35,36,37,37,38
یادکردهای 38
یادگیری 4
یافتن 14
یافته 35
یافتهٔ 35,38
یانگ 7
یعنی 33,34,35,35,35,38,4,4
یونانی 37,4
یکدست 38,38,38,38
یکدیگر 31,34
یکسان 4,4,4
