آبرنگ 38
آثار 4
آدمی 43
آدولف 14
آرگومان 43,43,43,8
آزمایشگاهی 39,39,40
آزمایشی 14
آسانی 43
آستانه 43
آسیا 38
آسیاب 14
آشکار 42
آغاز 14,14,43,43,44,44
آلتو 7,7
آلوده 1
آلودگی 1
آمادگی 42
آماری 43,43
آمدند 14
آمده 44,44
آمریکا 40,40,40,40,40,40,44
آمریکایی 44,7,7
آموختگان 40,40
آموزش 2,2,2,2,2,40,43,44
آموزشی 40,40,40,40,41,42,43,43,43
آمیز 14
آمیزی 38,38,38
آنتی 44,44
آنست 43
آنچه 4,42
آنگاه 42
آوریل 38
آگاهی 43,44
آیتم 39,40,41,42,43,44,8
آیوی 40
ابتدا 14,44
ابتدای 43,7
ابتکاری 43
ابداع 43,43
ابراهیم 41
ابری 42,42
ابزار 38,38,39,41,41,41,41,41,44,44,44
ابعاد 38,42,42
ابپا 44
اتصالات 42
اتفاقات 7
اتمی 40
اتوماسیون 44
اتومبیل 44
اتّخاذ 43
اجاره 42,42
اجباری 2,2,39,40,41,42,43,44,8
اجتماع 4
اجتماعی 4,4,43,7
اجرا 42,42,42,42
اجرای 42,42,42,42,44
اجرایی 42,7
احتراقی 43
احترام 44
احتمال 43
احساسات 4
اختراع 44,44,44,44,44,44
اختصاصی 44,44
اختیاری 39,40,41,42,43,44,8
اخلاقی 43
اخیر 2,39,39,40,40,41,41,42,42,43,43,44,44,8,8
ادارهٔ 4
ادامه 42
ادراک 43
ادعا 42
ادغام 44
ادلان 44
ادوارد 14
اذیت 2,2
ارائه 14,2,4,4,4
ارتباط 4,4,4,4,4,4,4,4,4,4,4,4,4,4,4,4,44
ارتباطات 2,2,4,4,4,4,4,4,4,4,4,4,4,4,41,41
ارتباطی 4,4,4
ارتقا 42
ارتقای 42,42
ارجاع 2,2,42,42,43,43
ارجاعات 7
ارزانتر 42
ارزش 43,43,43,43
ارزشگذاری 43
ارزشیابی 2
ارزیاب 8
ارزیابی 43,43,8
ارسال 4
ارشد 40,40,7,7,7
اروپا 40
اروپایی 40,44
اریوپان 44
ازآن 14
اساس 38,39,4,42,43,43,43
اساسی 40
استادان 40
استارک 40
استاندارد 2,2,42,42,43,43
استخراج 14,39,43
استدلال 4
استعماری 4
استفاده 1,14,14,14,14,14,14,2,2,38,38,38,38,38,38,39,39,4,4,4,40,40,40,40,41,41,41,42,42,42,42,42,42,42,42,42,42,43,43,43,43,43,44,44,44,44,44,44,44,44,8,8,8
استفادهٔ 43
استنتاج 43,43
استنتاجی 43
استوار 43,43
استوارت 4
استودیوهای 7,7
استور 7
استونی 40
اسرائیل 40
اسفندی 43
اسلامی 43
اسلون 40,40
اسماعیل 41
اسمیت 7
اسمیتون 44,44,44
اسکاتلندی 44
اسکرم 4
اسکندریه 44
اسکولم 43
اشاره 4,4,41,42,43,7
اشتراک 4,42
اشتغال 2
اصطلاح 43,44,44,44,44
اصطلاحاتی 14
اصطکاکی 41
اصلاح 44,44
اصلاحی 14
اصلی 14,39,4,40,40,41,41,42,42,42,43,43,44,44,8
اصول 44,44,44,44,8
اصیل 44
اضافی 42
اطلاعات 1,2,2,39,4,4,4,4,4,4,40,40,40,40,41,41,41,41,42,42,43,43,43,44,7,8
اعتقادی 43
اعداد 43,43
اعصاب 41
اعضای 40,40,40,40
اعمال 14,4,43
اعمالی 4
اغلب 42,44,8
افراد 2,4,4,43,43,43
افزایش 14,2,42,42,42,42,42,42,42,42,42,42,42,42,42,42,42,42,42,42,42,42,42,42,42,44
افزودن 42,42,42,42,42,43
افقی 42,42,42,42,42,42
اقتدار 4
اقتصاد 14,14,44
اقتصادی 40,43
اقدام 42,7
اقدامات 14
اقوام 44
البته 42
التحصیلان 40
الزاماً 42
القزوینی 43
الماس 38
النفیس 43
الکترومغناطیسی 43
الکترونیک 14,2,44,44,44
الکترونیکی 2,2,2,2,44
الکتریسیته 44,44,44,44
الگو 2,2,38,38,38,38,39,40,40,40,40,40,40,41,41,41,41,41,41,41,41,41,41,41,41,41,41,41,42,42,43,43,43,43,43,43,43,43
الگوبرداری 8
الگوبندی 43
الگوریتم 8,8,8
الگوریتم_ژنتیک 8
الگوی 42,43,8
الیاف 38
امتاگ 44
امتداد 40
امروزه 44
امنیت 44
امواج 14
امور 40,40,40,43,7,7
امپراتوری 4,44
امکان 39,40,41,42,42,42,42,43,43,43,43,44,8
امکانات 2,4
امکانپذیر 42,42
امید 43
انبار 39,39,39
انتخاب 4
انتخابی 8
انتخابیه 40,40
انتزاعی 14
انتشار 44
انتشارات 41,43,43,43
انتظار 42
انتقال 4,4,4,4,4,4,41
انجام 14,14,14,14,14,2,2,39,39,40,41,42,42,43,43,44,44,44,8
انجمن 43
اندازه 40,40,40,42,42
انرژی 40,41
انسان 14,14,43,43,43,43
انساندررو 44
انسانی 14,2,2,40
انسٹیٹیوٹ 40
انشاء 43
انفجار 14
انقلاب 44,44,44
انواع 14,4
انگلیسی 44
انگیزه 7
انیکا 44
اهداف 4,43,44,44,44
اهدایی 40
اهرام 4,44
اهمیت 42,44,7
اواخر 44,44
اواس 7
اواسط 43,43
اوقات 14
اولاً 43
اولی 42
اولین 14,43,43,44,44,44,44
اولیه 4,42,44,44,44,44
اوهم 44
اپتیک 41
اکبر 40
اکبری 43
اکتبر 40,41,42
اکثر 14,43,7
اکروپلیس 44
اکنون 14,44
اگرچه 4,42,44,44
ایالات 40,40,40,40,40,40,40,40,40,44,7,7,7,7,7,7,7,7,7,7,7,7,7,7,7,7,7,7,7
ایالتی 40,40,40
ایجاد 14,4,42,43,43,43,44,44,44,44,44
ایران 4
ایرانی 38
ایرفویل 14
ایست 42
ایستادن 43
ایلینوی 40
ایمان 43
اینترنت 42,43
اینجا 14,43
ایندیانا 40
اینصورت 43
اینچ 38
اینکه 2,39,42
بابلی 44
بابند 42
بابک 43
بادبزنی 38
بادی 14
بارهٔ 41
بازار 14,14
بازرگان 43
بازرگانی 41
بازهٔ 43
بازودار 38
بازگشت 7
بازگشتی 43
باستان 14,44,44
باستانی 38
باشد 14,14,38,38,42,42,43,43,43,43,43,43,43,8
باشند 14
باعث 14,14,38,44,44,44,44
باغبانی 38
بالا 40,42,43,43
بالابر 14
بالاتری 7
بالاست 39
بالستا 44
باله 14,14
باند 14
بانک 40,40
بانکی 43
باپیدایش 42
باید 14,4,42,42,8
بایکدیگر 43
بایگانی 7
بتواند 14,42,42,42
بتوانند 14,43,7
بتون 38
بتونه 38
بخار 44
بخشهای 44
بخشی 42
بدست 14,42
بدون 2,41,42,42,42,42,42,43,43,43
بدین 14,42,42,43
برائے 40
برابر 42,42,42,43,43,43
برادران 14,44
براده 41,41
براساس 40,43,43,43,43
برای 14,14,14,14,14,14,14,14,14,14,14,14,14,2,2,2,38,38,38,38,38,38,38,39,39,39,39,39,4,4,4,4,4,4,40,40,41,41,41,41,42,42,42,42,42,42,42,42,42,42,42,42,42,42,42,42,42,42,42,42,42,42,43,43,43,43,43,43,43,43,43,43,43,43,43,43,43,43,43,43,44,44,44,44,44,44,44,44,44,44,44,44,44,7,7,7,8,8,8,8
براین 42
برجسته 40,44
برخاست 43
برخط 42
برخوردار 40
برداری 43,43
برداشت 42
برده 43
بررسی 4,4,4,42,43,43,43,43
برسد 39
برسرعت 42
برطبق 2
برقرار 4
برقی 38
برلو 4
برمی 14,44
برنامه 42,42,42
برنده 40,40
برندگان 40
برگزار 4
بریتانیا 40
بریزیم 39
بریهاد 44
بزرگ 41,42,42,42,42,42
بزرگتر 42,42
بزرگی 42
بسازید 39,40,41,42,43,44,8
بسته 4,43
بستهٔ 43,43
بستگی 14,4,42
بسیار 14,41,42,42,42,43,43,43,43,44
بسیاری 40,40,43,43,43,43,43
بصری 41
بعدی 44
بعضی 4,44
بلند 43,7
بلندی 43
بلکه 43
بنابراین 14
به 43
بهبود 14,39
بهتر 14
بهداشتی 40,41
بهره 2,42
بهشتی 43,43
بهینه 42,8
بودن 14,38,39,42,43,43,44
بودند 14
بوده 14,43,43
بوسیله 43
بولی 43
بِهِرا 43
بکار 38,4,42
بکشد 14
بگذارد 7
بگویید 14
بیاموزد 43
بیان 14,14,4,4,43,43,43,43,43,43
بیانگر 43,43
بیتس 40
بیتی 42
بیرون 43
بیست 43
بیشتر 38,39,39,40,40,41,41,41,42,42,42,42,43,43,43,44,7,8
بیشتری 14,14,14,42,42
بیمه 43
تأثیر 4,7
تأثیرگذار 4
تأخیر 14
تأسیس 40,40
تأسیسات 41,43,43
تأکید 40,7
تئوری 14,44
تابع 14,43,43,43,43,43,8,8
تاریخ 43,44
تاریخی 14
تاریک 43
تازه 43
تالار 7
تانکی 38
تاکنون 40
تایمز 40
تبادل 4,4
تبدیل 14,14,14,43,43,8
تثبیت 14
تجارت 14
تجاری 38,39,40,41,42,43,44,7,7,7
تجربهٔ 7
تجربی 4
تجزیه 14,14
تجهیزات 14,39
تحصیل 44
تحصیلی 40,41
تحقق 42
تحقیق 14
تحقیقات 43,43
تحقیقاتی 40
تحقیقی 44
تحلیل 14,14,14,14
تحول 41,41,43
تخصصی 4
تخلیه 41
تداخل 4
تدریجی 43
تدریس 2,2,4
تدوین 2,2,2
تراش 41
ترافیک 41
ترانزیستور 44
ترانسفر 41
تراکنش 42,42,42
ترتیب 4,43
ترجمه 43
ترجمهٔ 38,41
ترمز 43
ترکیب 38,38,39,39
ترکیبی 41,44,44
تریوم 44
تسبی 42
تسویر 43
تشدید 14
تشعشعات 41
تشکیل 4
تصادفی 39,40,41,42,42,43,44,8
تصاویر 39,40,41,42,43,44,8
تصمیمات 43,43
تصمیماتش 43
تصویب 4
تصویر 38,40,40,40,42,43,7,7
تصویری 43,7
تعامل 4
تعبیر 4
تعداد 42,42,42,42,42,42,42,42,42
تعدادی 7
تعریف 42,43,43,43,44,44
تعمیرات 41
تعمیم 14,43
تغییر 14,14,14,4,4,4,42,42,42,42,42,42,42,42,42,42
تغییرات 39,40,41,42,42,42,42,42,43,44,8
تغییرناپذیر 14
تفسیر 14,4
تفسیرهای 4
تفکر 43
تفکیک 39
تقاضا 42,42
تقاضاهای 42
تقاضای 44
تقریباً 14,7
تقریبی 8
تقسیم 14,41
تقسیمات 43
تقلب 2,43
تلفن 14,38,39,40,41,42,43,7
تلفنی 14
تلفیق 44
تلفیقی 40,44
تلویحی 42
تماس 14
تمام 42,42,43,43
تمامی 43
تمایز 44
تمایزی 43
تمدن 44
تمرکز 4,42,42,7
تمرینی 40,40,40
تناسلی 41
تنظیم 14,14,14,14,4,43,43
تنها 42
تهران 4
توابع 14,43
توان 14,42,44
توانایی 14,14,14,4,42,42,42,42,42,7
تواند 14,14
توجه 14,38,39,4,41,42,42,44
توجهی 14
توزیع 42,42,42,42,42,42,42
توسط 14,4,4,40,42,43,43,43,43,44,44,44,7,8
توسعه 14,14,40,44,44
توسعهٔ 7,7
توصیف 14,14,4,4,43
توصیه 42
توضیح 41,7
تولید 14,4,4,41,41,41,44,44
توماس 44,44
تکامل 8,8
تکاملی 8
تکراری 43,43,43
تکنالجی 40
تکنولوژی 40,43,44,7,7
تکنیک 14,14,40,44,8,8
تکنیکهایی 42
تکین 43
تکیه 42,43
تگزاس 40
تېخنولوگىيە 40
تەکنۆلۆژیی 40
ثابت 14,42,42
ثانویه 4
ثانیه 14
جابز 7,7,7,7,7,7,7
جادویی 39,39,39,8
جامعه 4,4
جانبی 14,7
جانز 40
جاوا 43
جایزه 40,40
جایگزین 2,43
جایگزینی 42
جایی 4
جاییکه 4
جبران 14
جداسازی 39
جداول 42
جداکردن 39
جداکننده 39,39
جداگانه 44
جدایی 39
جدول 42
جدید 43,43,43,43,44
جدیدی 42,43,43,44
جزئی 43
جزئیات 38,39,40,41,42,43,7
جستارهای 39,40,42,43
جستجو 8,8
جستجوگر 43
جعبه 40,40,40,7
جغرافیایی 42
جلوگیری 43
جمشید 43
جمعی 2,4
جملات 43,43
جمله 43,43,43,43
جمهوری 43,43,7
جنایت 2,2
جنبش 4
جنبشی 14
جنسیت 4
جهان 40,40,40,43,43
جهانی 14,44
جواب 14
جوامع 4
جوان 43,43
جوایز 7,7
جورج 44
جوسیه 44
جوشکاری 38
جویی 43
جیمز 14,44,44
حائز 44
حاصل 14,42,42,43
حاضر 40
حافظه 42,42,42
حالت 14,14,43,43
حالتی 39
حالی 43,44
حالیکه 42
حاوی 39,39,8
حجیم 44
حداقل 4
حداکثر 42,42
حدودی 43
حرارتی 38
حرفه 44
حرفهٔ 44
حرکت 14,43,7
حساب 1,39,39,40,40,40,41,41,41,42,42,43,43,43,44,44,44,8,8
حسابداری 2
حسنجانی 43
حضور 4
حضوری 2
حقوق 40
حمله 14
حمید 43,43
حمیدرضا 43
حوزه 14,4,44
حکمت 43
حیات 41
حیاتی 42,43
خاتمه 8
خارج 39,40,43,44
خارجه 40,40,40,40
خاصی 42,8
خاصیت 41
خاطرات 4
خالص 38
خانگی 41
خبره 43
خدمت 7
خراطی 38
خروج 8
خروجی 14
خرید 7,7
خسارت 43
خستگی 2
خصوص 39,40,41,42,43,44,8
خصوصاً 2
خصوصیت 42
خلاصه 14,43
خلاق 4
خلاقانه 44
خلیج 7,7,7
خوابیدن 43
خواسته 43
خواص 4
خوانده 42,42
خواهان 2
خواهد 4,4,42,43
خواهر 42
خوبی 42,8
خودرو 43
خودشان 4
خودکار 14,14,43,43
خوراک 2,2,41,41,41
خیلی 4,4,43
دائرةالمعارف 43
دائم 7
داخل 39
داخلی 14
دادن 38,43
دادند 14
داده 39,40,41,41,42,42,42,42,43,44,8
دارای 14,38,39,39,39,39,39,4,40,40,40,40,40,41,41,42,42,42,43,43,43,43,43,43,44,44,7,7,7,7,8,8,8
دارایی 44
دارد 39,40,41,42,43,43,43,44,44,44,44,44,44,44,8
دارند 14,14,38,43,43,44
داروین 8
داریم 43
داشت 14,4,44,7
داشتند 44
داشته 4,44,44
دامنه 14
دانش 4,40,40,40,41,43,43,43,44,44,44,44
دانشجویان 2
دانشمندان 4,4
دانشنامهٔ 39,39,40,40,41,41,42,42,43,43,44,44,8,8
دانشهای 44
دانشکده 40
دانشگاه 4,40,40,40,40,40,40,40,40,40,40,40,40,40,41,43,43,44
دانشگاهی 7
دانیل 4
دجوسر 44
دخالت 14
درباره 14,42
دربارهٔ 2,38,38,38,39,39,39,40,40,40,40,40,41,41,41,41,41,41,41,41,41,42,42,43,43,43,43,43,44,8
درجه 43,43,43,43
درختان 38
درخواست 42
درست 43,43
درستی 43,43
درصد 7
درون 4,4,4,44,44
درونی 44
درگاه 43
درگاهی 43
دریافت 4,4,4,4,40,40
دریافته 43
دریایی 40,40,40,44,44
دسامبر 14,40
دسترس 38,39,40,41,42,43,7
دسترسی 42,42,42
دستمزد 2
دسته 14,43,43
دستور 4,43,43
دستورالعمل 43
دستکاری 14
دستگاه 14,39,39,39,43,43
دستی 38,41
دستیابی 42
دعوت 39,40,41,42,43,44,8
دفتر 4
دقّت 43
دقیق 14,14,4,43,43,43,43
دقیقی 43
دلالت 42
دمگنت 44
دنبال 4
دنده 44
دنیا 40
دنیای 43
دهند 4
دهنده 14,4
دههٔ 43
دوارزشی 43
دوام 4
دوبرابر 42
دوران 14
دوره 14
دورهٔ 2
دوست 7
دوسر 38
دولت 4
دومین 42
دونالدی 2
دپارتمان 40
دکانته 39
دکانتهیک 39
دکانتور 39
دکتر 43
دکوراتیو 38
دیجیتال 43
دیجیتالی 2
دیداری 14
دیده 4
دیدگاه 4,42
دیفرانسیل 14,14,14,14
دینامیکی 14
دیوار 44
دیوید 4,40
دیگر 39,39,4,4,4,40,40,40,40,41,41,42,42,42,43,43,43,43,44,44,44,8
دیگران 44,44
دیگری 4,42,43
ذاتی 42
ذهنی 44
رئیس 40,40,40,40
رئیسِ 40
رابطه 14,4,42,42,43
راجان 40
راحتی 4
راهش 7
راهنما 14
راهنمای 2,2
راگبی 40,40,40
رایانش 42,42,42,42,42
رایانه 42,7
رایت 14,44
رایج 38,42
رباتیک 44
رتبه 40
رسانه 42
رسمی 14,4,44
رسوایی 2
رسیدن 14,14,42,42
رشته 44,44,44
رشتهٔ 41,44,44
رفتار 14,14,4
رفته 43,43
رفضای 4
رمزگذار 4
رمزگذاری 4
رمزگشایی 4
رندهای 44
روابط 4,4
روبین 38
روزافزون 40,43
روزانه 4
روزمره 43
روشن 43
روشهای 14
روشی 43,44
روند 41
رویدادهای 39,40,41,42,43,44,8
رگرسیون 8
ریاضی 14,43,43,43,43,43,43,43,43,43,43,43,43,44,8
ریاضیات 14,40,43,43
ریسک 43
ریشه 14
زاده 40,40
زاهدی 43
زاویه 14
زبان 39,39,39,4,4,40,40,40,42,42,43,43,43,43,7,8
زبانی 43,43,43,43,43,43,43,43
زمان 14,14,2,40,42,42,43,44
زمانمند 43
زمانی 43,44,44
زمینه 14,14,14,42,44,44,7
زندگی 44
زیاد 14,44,44
زیادی 38,4,4
زیرا 42,43,43,44
سؤال 4
سابق 40,40,40,40,40,40,40
سابقاً 40
ساتر 43
ساخت 1,39,4,40,41,41,41,41,42,43,44,44,44,44,44,44,44,44,44,44,8
ساختار 4,44,44
ساختارهای 44,44
ساختان 38
ساختمان 41,41
ساختن 42
ساخته 14,38,38,4,43,43,43,44,44,44,44,44,44
ساده 43,43
سادگی 4,42,42
سازمان 2,38,39,40,40,40,41,42,42,43,7
سازمانی 2,2
سازند 4
سازنده 44,44
سازندهٔ 39
سازهای 44
سازگاری 43
سازی 14,14
سازیهای 42
ساعت 38,39,40,41,42,42,42,43,7
سالی 43
سامانه 14,39,39,39,40,40,40,41,41,41,42,42,42,42,42,42,42,42,42,42,42,42,42,43,43,43,44,44,44,8,8,8
سانتا 40
ساوری 44,44
ساکارا 44
سایبر 7
سایر 14,42,7
سخنرانی 4,4
سراسری 42
سربار 41
سرجوج 44
سرریز 42
سرطان 40,7
سرعت 14,42,42,42,42,42,43
سرعتی 42
سرنشین 14
سرور 42,42,42,42,43
سرورهای 42,42
سرویس 42
سرپرستی 44
سریع 43,43,44
سفید 43
سفینه 44,44
سنباده 38,38
سنتی 43
سنگی 44
سنگین 38
سهولت 14,42,43
سوارتانجاوور 44
سوترا 43
سوددهی 7
سومین 44
سوپرپوزیشن 14,14
سویتلند 7
سیاست 40,43,43
سیاسی 40
سیاه 43
سیزدهم 40
سیستم 14,14,14,14,14,14,14,14,14,14,14,14,14,14,14,14,14,14,14,14,14,42,42,42,42,42,43,43,43,43,43,43
سیلابی 42
سیما 41
سیمان 44,44
سیگنال 4,4,43
شابک 43
شاخه 14,44
شامل 14,14,4,4,44,44,44
شانون 4,4
شاهد 14
شباهت 38,4
شبکه 42,42,42,42,42,43
شبیه 4
شترگلویی 38
شخصی 4,4,43,44
شدیدی 14
شرایط 43,44
شروع 43
شرکت 2,2,4,42,43,44,7,7,7
شستشوی 38
شفاف 43
شماره 38
شمالی 40
شمشیری 38,38
شناخته 14,14,44,44
شناختی 43
شناسه 7
شناور 43
شناورهای 14
شهارتی 44
شهرت 40
شهرستان 40,40
شهری 40,44,44,44,44,44,44,44
شهودگرایانه 43
شورای 40,41,7
شوند 14,39
شوید 1,39,39,40,40,41,41,42,42,43,43,44,44,8,8
شکسته 44
شکلی 43
شیمی 43,43,44,44,44
شیمیایی 44,44,44,44
شیوایی 43
شیوه 42,42,42
صادقی 41
صحبت 4
صحنهٔ 40,43
صدمات 43
صرفه 43
صفات 43
صفاتی 43
صفجه 1,39,40,41,42,43,44,8
صفحه 1,38,39,39,39,39,39,40,40,40,40,40,41,41,41,41,41,42,42,42,42,42,42,43,43,43,43,43,44,44,44,44,7,8,8,8
صفحهٔ 39,39,39,40,40,40,41,41,41,42,42,42,43,43,43,44,44,44,8,8
صنعت 41,44,7,7
صنعتگران 43
صنعتی 38,40,40,40,41,41,43,43,44,44,44,44,44,7
صوتی 14,43
صورت 14,14,14,14,39,4,40,41,42,42,42,42,42,42,42,43,43,43,43,44,44,44,8
صورتی 43,43
صوری 43
ضروری 14
ضعیف 42,42,43,43
ضمنی 4,43
طباطبایی 4
طبقه 14
طبیعت 43
طبیعی 43
طراحی 14,2,40,40,42,42,43,43,43,44,44,44,44,44,44,44,44,44,44,44,44,7
طرفدار 42
طرفین 4
طرٌاحی 42
طریق 4,4,4,44,44
طوری 43
طولانی 14
ظاهر 14,43,43
ظرفیت 42,42,42
ظهور 44
عادی 43
عامل 4,4,4
عبارات 43
عباراتی 43
عبارت 39,40,41,42,43,43,44,8
عبارتند 41,43
عددی 43,43,43
عراق 40
عرضه 7
عصبی 43,43,43
عضویت 43,43,43,43,43,43,43
عظیم 44
عقاید 2
علاقه 14
علامت 7
علامتی 38,39,40,41,42,43,7
علامه 4
علاوه 14,40,44
علمی 40,40,43,43,43,44
علوم 2,2,4,4,40,40,40,40,43,43,43,43,43,43,43
عمده 42
عمران 44,44
عملکرد 14,4,42,44
عملی 42
عملیاتی 44
عمودی 38,42,42,42,42,42
عمومی 14,40,40,40
عمومیت 14
عناصر 4
عنصر 43,43,43
عنوان 14,14,14,14,14,14,14,14,4,4,4,4,4,4,4,4,40,42,42,42,42,43,43,43,43,44,44,44,44,44,8,8
عنوانش 7
عوامل 43
عیسی 43
غلبه 14
غلتک 14
غیرانتفاعی 38,39,40,41,42,43,7
غیرخطی 14
غیردقیق 43
غیرممکن 43
غیرنظامی 44
غیره 43
فارغ 40
فازی 39,43,43,43,43,43,43,43,43,43,43,43,43,43,43,43,43,43,43,43,43,43,43,43,43,43,43,43,43,43,43,43,43,43
فاصله 42
فانوس 44,44
فاکتورهای 43
فدرال 40
فدرت 42
فراتر 43,43
فراخوانی 43,43,43
فرار 42
فراهم 42,8
فراگیر 2
فراگیری 4
فرای 42
فرایض 43
فرایند 4,4,42,7,8
فرایندهای 4,4,4,44,44,44,44
فردا 43
فردی 4
فرزندی 7,7
فرستادن 4,4,42
فرستاده 4,4
فرستنده 4,4,4,4,4
فرعی 44
فرمان 4
فرمول 43,8
فرهنگ 4,40
فروشنده 7,7
فروشندکان 42
فروشندگان 42
فرکانس 14,14,41
فزاینده 14
فشار 43
فشاری 38
فضانورد 40
فضاپایه 42
فضاپیما 14
فضای 42,43,43,43,43
فضایی 14
فعال 14
فلزات 41
فلزکاری 41
فلسفه 40,43
فلسفهٔ 43
فناوری 2,40,40,40,40,40,40,40,40,40,40,40,40,40,40,41,41,41,41,42,42,43,43,7,7
فناوریهای 42
فنون 40
فهرست 7
فوراً 7
فوریه 14,41
فیبر 42
فیزیک 43
فیزیکدان 14,40
فیلترهای 4,4
فیلدهای 42
فیلسوفان 43,43
فیلم 43,7,7
قائل 44
قابل 14,14,14,2,39,40,41,41,42,42,43,43,43,43,44,8,8
قابلیت 42,42
قادر 4,43
قاسم 38
قالب 41,41,43
قانون 4
قبلاً 14
قبول 14,43
قبیل 43,43
قدبلند 43
قدرت 40,42,44
قدرتمند 14
قدمتی 14
قدکوتاه 43
قدیم 43,43
قدیمی 40,44,44
قرار 38,39,40,40,42,42,43,43,43,44,44,7,8
قرقره 44
قرون 44
قسمتی 7
قضیه 14,14
قطار 43
قطری 42
قطعات 41,41,41,41,41
قطعه 41,41
قطعی 43,43,43,43,43,43
قطعیت 43
قلعه 44
قلمو 38,38
قلموهای 38
قلموی 38
قلمگیری 38
قواعد 4,4,43
قوانین 4,44
قوسی 41,41
قیاسی 43
قیف_جداکننده 39
قیمت 7
لازم 7
لاست 41,41
لاپلاس 14
لرزیدن 43
لزوماً 42
لشکر 4
لطفاً 2,39
لطفی 43
لنیس 4
لوازم 39,39
لوله 44
لوییز 7
لیزری 38
لینکلن 40,40
مؤثر 4,43
مؤسسه 40,40,40
مؤسسه_فناوری_ماساچوست 40
مابین 43
مارس 42
مارشال 40
ماساتشوستس 40
ماساچوست 40,40
ماشین 41,41,41,41,41,43,43,44
ماشینابزار 41
ماشینی 42,43,44,44
مالی 7,7
مانت 44
مانتین 7
مانند 14,14,14,14,38,40,42,7,8
ماهیت 7
ماکسول 14,14,14
مایان 44
مایع 39,39
مایعات 39,39
مایعاتی 39
مایعی 39
مبارزه 43
مبتنی 43
مبحث 42
مبنای 42,7,8
مبهم 43,43
متحده 40,40,40,40,40,40,40,40,44,7,7,7,7,7,7,7,7,7,7,7,7,7,7,7,7,7,7,7
متخصص 41
متخصصی 4
متصل 39,40,41,42,42,42,42,43,44,8
متعدد 42
متعلق 38,39,40,41,42,43,7
متغیر 43,43
متغیرهای 43,43,43,43,43
متغیرهایی 43
متغیری 43
متفاوت 39,39,42,7
متفاوتی 42
متقابل 14,4
متقابلاً 4
متقارن 42
متمایز 14,43
متناسب 14
متنفر 7
متوسط 43,43
متوقف 42
متکی 43
مثال 14,14,14,14,4,4,4,42,42,42,43
مثالی 39,43
مثلاً 39,42,43
مجازی 41,7
مجانبی 42
مجدداً 44
مجمعه 38
مجموعه 14,4,43,43,43,43,43,43,43,43,43
مجموعهٔ 44
محاسبات 42,42,43,43,43,43
محاسباتی 43
محاسبه 42
محتوا 4
محتواگرا 43
محتوای 1,39,39,40,41,42,43,44,7,8
محتویات 39,4,40,41,42,43,44,8
محدود 14,42
محسن 43
محصول 7,7,7
محصولات 44,44,7,7,7
محصولاتی 7
محقق 4,40
محلی 38,38,40,40,40,42,7
محمد 43,43
محمدتقی 43
محمودرضا 43
محیط 39,41
مخترعین 7
مختصات 40
مختلف 14,4,4,4,4,4,40,41,42,43
مختلفی 4,44
مخزن 39,39,40,41,42,42,43,44,8
مخلوط 39,39
مداد 38
مدال 40,40,7
مداوم 14,4,41
مدرن 40,44,44,44
مدلسازی 14
مدلهایی 42
مدلی 42
مدنظر 43
مدنی 2
مدیر 43
مدیرعامل 7
مدیریت 40,42,42,42,42,42
مراحل 7
مراکز 40
مربعی 38
مربوط 14
مرتبط 42,44,7
مرجع 14
مردم 4
مرکز 14,14,40
مرکزی 14,40,40,40,7
مریلند 40
مزایای 42
مسئله 42,42,7,8
مسئول 44
مسئولین 44
مسائل 43,43,43,43,8
مسابقه 14
مسایل 4
مستقل 14,40,40,40
مستند 41,7,7
مستندات 7
مسطح 38
مسعودی 43
مسلمان 43
مسندات 43,43
مسیر 42
مسیریابی 42,42
مشابه 38,40,40,40,44
مشابهی 42
مشارکت 2
مشاهدات 43
مشاهده 2,38,38,39,4,40,40,40,41,41,41,41,41,41,41,41,42,43,43,43,43
مشاهیر 7
مشاوره 4
مشاورین 40
مشترک 4,42,44
مشتری 7
مشتریان 43,43
مشهور 40,44
مشورت 4
مشکل 4,42
مشکلات 4,4,43
مشکلی 14,7
مصرف 42,43
مصطفی 2
مصنوعی 14,14,43
مضمون 4
مطابقت 44
مطالب 2,4
مطالعات 14,4,4
مطالعه 14,2,4,41,41,43,43,43,43,43
مطرح 43
مطلق 43,44
مطلوب 14,14,14,14
مطلوبی 4,42
مطمئن 14
مظفر 43
معادلات 14,14,14,14,43,43,43
معاصر 14
معاملاتی 4
معاون 40
معبد 4,44
معرفی 43,7,7
معروف 4,7
معلق 44
معماری 42,42
معمول 4
معمولاً 38,4,42,43
معمولی 4,43,43
معنا 43
معنای 43,43,43,44
معنایی 43
معنی 4,4,4,42,42,42,42
معکوس 43
معیار 14
معین 43
مغالطه 43
مفاهیم 43,43,44
مفاهیمی 43
مفهوم 4,42,42,42,43
مفهومی 4
مفید 42,44
مقابلهٔ 43
مقادیر 14,42,42,43,43
مقاله 39
مقدار 14,14,14,41,43,43
مقداری 43
مقدماتی 43
مقصد 4,4
مقیاس 42,42,42,42,42,42,42,42,42,42,42,42,42,42,42,42,42,42,42,42,42,42,44,44,44,44
مقیاسپذیری 42
ملات 38
ملاحظات 43
ممکن 14,14,14,14,2,4,4,4,4,4,43
منابع 2,2,41,42,42,42,42,42,42,42
منابعش 42
مناسب 38,38,42,43
منبع 14,2,4,4
منتشر 14
منجر 14,14,44
منزوی 4
منشأ 44
منشاَ 44
منطق 43,43,43,43,43,43,43,43,43,43,43,43,43,43,43,43,43,43,43,43,43,43,43,43,43,43,43,43,43,43,43
منطق_فازی 43
منطقه 14,7,7
منطقی 43
منظم 43
منظور 39,43,44,7
مهارت 14,44
مهمی 40
مهندس 44,44,44,44,44,44,44,44,44
مهندسان 44,44
مهندسانی 44
مهندسی 14,2,40,40,40,41,41,43,43,43,44,44,44,44,44,44,44,44,44,44,44,44,44,44,44,44,44,44,44,44,44,44,44,44,44,44,44,44,44,44,44,44,44,44,44,44,44,44
مهندسین 44,44,44,44,44,44
مواجه 7
مواد 39,44,44,44,7
موارد 43,44
موازی 42,42,42,42,42
مواقع 43
موانع 2
موتور 44,44,44,44,44
موتورهای 43,43,44,44
موجب 1
موجود 38,39,4,40
مورد 14,14,38,38,4,42,42,42,42,42,43,43,43,43,43,43,43,43,43,43,43,44,44,44,44,44,8
موریس 7
موسسات 40
موسوم 43
موسی 43
موضوع 14,14,7
موضوعات 42,43
موفق 43,44
موفقیت 14,2,39
موقعیت 4
مولکولی 44
مویی 38
مکاترونیک 44,44,44,44,44
مکان 2
مکانیزم 44,44
مکانیک 43,44,44,44,44
مکانیکی 14,43,44,44,44,44,44,44
مکسول 14
مکنزی 4,4
میان 4,42,42,42,43,44
میدلسکس 40,40,40
میزان 42,42,42,42,43,43
میلادی 43,43
میچل 40
میکرو 41
نابرابر 4
نابغه 40
ناتمام 43
ناحیه 7
نادرست 1
نادری 43,43,43
نادقیق 43
نادیده 4
ناشی 14
ناظر 42
ناقص 4
نامتقارن 42
نامحدود 43
نامحسوس 43
نامی 41
نامیده 14,4
نانو 41
ناواضح 43,43
ناوبری 41,41
ناپایدار 14
ناپیوسته 14,14
ناچار 14
نباشد 43
نتایج 14,14
نتواند 7
نتیجه 14,42
نتیجهٔ 43
نجفی 40,40
نحوه 4
نحوی 43
ندارد 40
ندارند 43
نداشت 7
نداشتند 7,7
نداشته 43
نزدیک 43
نسبت 42,42,42
نسخه 39,40,41,42,43,44,8
نشان 14,4,4,42,42,43,7
نشانه 4
نشانی 39,40,40,41,42,43,44,44,7,8
نشست 43
نصیرالدین 43
نظائر 43
نظارت 44
نظافت 38,41
نظامی 4,41,44,44,44,44,44,44,44,44
نظریه 14,14,14,14,4
نظریهٔ 43
نظیر 14,4
نقاط 4,4
نقشی 40
نقیض 1
نلرزیدن 43
نماد 4
نمادهای 43
نمایش 14
نمایند 14
نماینده 40,40
نمایندهٔ 44
نمایه 44
نماییم 43,43
نمود 43
نمودار 14
نمونه 14,39,42,42,43,44
نهاد 4
نهایت 44,7
نوآورانه 7
نوآوری 40,41,43
نوار 39,40,41,42,43,44,8
نوامبر 39,43
نوبل 40,40
نورث 43
نوسان 14
نوشتار 2
نوشتن 42
نوشته 4,41
نوعی 42
نوینی 14
نکات 38
نکست 7,7
نگارگر 38
نگارگران 38
نگاه 4
نگاهی 44,44
نگرش 4
نگرشی 43
نگهداری 44
نیاز 42,43,43,43,43,44
نیازمند 39,39,39,39,39,39,43,44
نیازمندیهای 42
نیازهای 44
نیافت 43
نیروی 40,40
نیست 39,4,40,41,42,43,43,44,8
نیوتن 7
نیویورک 40
هارولد 4
هایی 14,14,14,14,14
هخامنشیان 44,44
هدایت 14,43,43
هدفش 38
هرتز 44
هردوحالت 42
هرویتس 14
هرچند 1,39,40,41,42,43,44,8
هرچه 14,14
هرکدام 44
هرگونه 43
هریک 42,7
هزار 42,42
هزینه 4,4,41,42,42,42
هستند 14,14,4,42,43,43,44
همان 14,43,43,43
همانگونه 43
هماهنگ 43
هماهنگی 42
همتا 42,42,42,42
همتاهای 42
همراه 4,41,41,42,42,44,44,44,7,7,7,7,7,8,8
همهٔ 39,39,40,40,41,41,42,42,43,43,43,44,44,8,8
همچنین 14,14,38,40,40,40,40,42,42,7
همچون 42,43
همکاران 44
همکاری 44
همکلاسی 14
همین 39,40,41,42,43,44,8
هندی 43
هنرمند 7
هنرهای 44
هنری 38
هنریچ 44
هنگام 42
هنگامی 42
هنگامیکه 14
هوابرش 38
هوافضا 44
هواپیما 14,14,43
هوایی 40,40,40,40,44
هوتپ 44
هوشمند 43,43
هولی 40,40
هیئت 40,40
هیدرولیکی 44
وابسته 4,4,40,40,40
وابستگی 2
واحد 7
وارد 1,14,39,39,39,40,40,40,41,41,41,42,42,42,43,43,43,44,44,44,8,8,8
وارن 4
واسطه 4,4
واشینگتن 40
واقع 40,43,43,43
واقعی 7
واقعیات 43
والت 7
واژه 42,44
واژهٔ 44,7
واژگان 39,39,39,40,40,40,42,42,43,43,43,7,8
وبنا 42
وجود 14,2,2,2,2,2,2,2,2,2,2,2,38,38,38,38,38,38,38,38,38,38,38,38,38,38,38,38,38,38,39,39,39,39,4,40,40,40,40,40,40,40,40,40,40,40,40,40,40,40,40,40,40,40,40,40,40,40,40,40,40,40,40,41,41,41,41,41,41,41,41,41,41,41,41,41,41,41,41,41,41,41,41,41,41,41,41,41,41,41,41,41,41,41,41,41,41,41,41,41,41,41,41,41,41,41,41,41,41,41,41,41,41,41,41,41,41,41,41,41,41,41,41,41,41,41,41,41,41,41,42,42,42,42,42,42,42,42,42,42,42,42,42,42,42,42,42,42,42,42,42,42,42,42,42,42,43,43,43,43,43,43,43,43,43,43,43,43,43,43,43,43,43,43,43,43,43,43,43,43,43,43,43,43,43,43,43,43,43,43,43,43,43,43,43,43,43,43,43,43,43,43,43,43,43,44,7,7,7,7,7,7,7,7,7
وراثت 8
ورزشی 40,40,40,40,40
ورودش 7
ورودی 14
وزیر 40,40,40
وزیران 40
وسایل 38
وسترن 40
وسطی 44
وسعت 42
وسیعی 38
وسیله 4,44
وسیلهٔ 43
وظایف 14
وظیفه 2,2,42
وقتی 42,42
ولتا 44
ویرایش 2,38,38,38,39,39,39,40,40,40,40,41,41,41,41,41,41,41,41,41,42,42,43,43,43,43,43,7
ویلبر 4
ویلیارد 44
ویور 4,4,4
ویژه 14,39,40,41,41,42,43,44,8
ویژگی 42,43
ویکی 39,40,41,42,43,44,8
پارامتر 42,42,43,43,43
پارامترهایی 14
پارامون 38
پارتنون 44
پارو 40,40
پاروزن 40,40
پارک 43
پاسخ 14,40
پاسخگویی 14,42,42
پالو 7,7
پاپیروس 4
پاکت 38
پایانی 42
پایدار 39,40,41,42,43,44,8
پایداری 14,14,14
پایه 41,41,42,42,42,43
پایگاه 41,42,42,42,42,42,42,42,42,42,42,42,42,43
پایین 43
پتانسیل 42
پدید 44
پدیدار 43
پدیده 14,14,4
پدیدهٔ 4
پذیر 42,42,42,42,42,42
پذیرش 41
پذیرفت 40
پذیرفته 7,7
پراکندگی 42
پرتو 41
پرداز 38
پردازش 42,42,42
پردازشی 42
پردازنده 42,42,42,42
پرسرعت 42
پرسش 4,42
پرواز 14,14
پروازهای 14,14,44
پروازهایی 14
پروانه 44
پروانهٔ 44
پروفسور 43
پروژه 43
پزشکی 40,41
پشتیبانی 14
پنجم 40,7
پهنای 14
پورتلند 44
پورسانت 7
پوشش 43,44
پویا 14,4,43
پژوهش 40
پژوهشگران 42
پژوهشی 40,40
پژوهی 43
پیاده 42
پیام 4,4,4,4,4,4,4,4,4,4,4
پیامی 4,4
پیترسون 7
پیدا 14,4,4
پیرامون 1,38,39,39,39,40,40,40,41,41,41,42,42,42,43,43,43,43,44,44,44,8,8,8
پیرس 43
پیروی 14,14,14
پیشرفت 44
پیشرفته 44
پیشرفتهای 42
پیشنهاد 4
پیشگام 44
پیشگامان 4,44
پیشین 1,39,40,40,40,41,42,43,44,8
پیغام 4
پیوسته 43
پیوند 38,38,39,39,39,39,39,39,39,40,40,40,40,40,40,41,41,42,42,42,42,43,43,43,44,44,44,7,8,8,8
پیوندهای 39,40,41,42,43,44,8
پیچیده 43,43,44
پیچیدهٔ 43
پیکربندی 43
پیکربندیهای 42
پیکسار 7,7,7,7,7,7
چالش 2,43
چطور 4
چقدر 4
چنانچه 8
چندارزشی 43
چندان 43,43
چندین 42,44
چنین 39
چهار 42
چوبی 38
چگالی 39,39
چگونه 4
چگونگی 39,40,41,42,42,42,43,44,8
چیزی 14,4,4,4,7
ژئوتکنیک 41
ژانویهٔ 7
ژاپنی 43
ژنتیک 2,41,8,8,8,8
ژنتیکی 8,8
ژوئن 43
ژوئیه 42
ژیروسکوپی 14
کاتاپوست 44
کارآفرینی 7,7
کارآمد 42,42,43
کارا 42
کارایی 42,42,42,42,42,42,42
کاربران 4
کاربرد 14,14,42,43,43,44
کاربردهای 14,43
کاربردی 38,40
کاربری 1,39,39,40,40,41,41,42,42,43,43,44,44,8,8
کارمندان 2
کارنگی 40
کارهای 41,44
کارهایش 43
کارهایی 4,44
کارولینای 40
کارکرد 42
کارکردی 42
کارکنان 2
کارگیری 44
کاری 2,42,42,42,42,43,44
کالج 40,40,40,40,40,7
کالیفرنیا 40,40
کالیفرنیای 40
کامل 41,44,44
کاملاً 42,43,43,43
کامپیوتر 43,43,44,44,7
کامپیوتری 44
کانادایی 4
کانال 4,4,4,4,4
کاندیدا 8
کاهش 42
کاوشگر 2
کایلی 44
کتاب 4,4
کتابخانه 41,7
کتابخانهٔ 43,43
کتیرا 44
کدگذاری 4,4
کراس 40
کردن 38,38,39,39,4,40,41,42,43,43,43,43,44,8
کردند 4
کرده 43,43
کریپکه 43
کسری 42,42
کشاورزی 2,41
کشتی 14,14,41
کشیدن 38
کشیده 2
کلاس 14,14
کلاسیک 43,43
کلاه 7
کلرادو 40
کلرک 14,14
کلمات 43
کلمه 44,44
کلود 4
کلوسوم 44
کلیدی 42,44
کم 42,42
کمبریج 40,40
کمتر 43
کمّی 43
کمیت 4
کمیتی 43
کناری 39,40,41,42,43,44,8
کنترل 14,14,14,14,14,14,14,14,14,14,14,14,14,14,14,14,14,41,43,43,43,43,43,43,43,43,43,7,7
کنترلر 14
کنترلِ 44
کنترلی 14,14,14,44
کنند 14,14,14,43
کننده 14,14,14
کنندگان 40
کنید 2,42
کنیم 39,4,43
کوانتوم 41
کوتاه 43,7,7,7
کوشش 44
کوپرتینو 7
کوچک 41
کوچکترسازی 42
کوچکی 38
کیتارا 44
کیفی 42,43,43
کیفیت 44
کیلومتر 40
گاهی 14
گاورنر 14,14,14
گذاری 38,38,41,43,43
گذاشته 44
گذشت 14
گذشته 43,43
گرانیک 44
گرایی 4
گردبادی 39
گردد 44
گردند 14
گرفت 42,43
گرفتن 4,42,43
گرفته 14,14,39,4,4,44
گروه 4
گروهی 4,42
گرچه 39,40,41,42,43,44,8
گریز 14,14,14,41,41
گزینه 8
گسترده 14,14
گسترش 14,4,4,42,43
گسسته 4
گشایی 4
گفتمان 14
گفته 42,42,43,43,44
گنتزن 43
گندمی 38
گوستافسون 42
گوستاوسن 42
گوناگون 43,43,43,44,44
گوناگونی 42,44
گویند 44
گیاه 14
گیاهان 38
گیبر 44
گیرنده 4,4,4,4,4
گیلبرت 44
یابد 4,42
یادکرد 2,39,40,41,42,43,44,8
یادگیری 2,2
یافت 43
یافتن 14,43,8,8
یافته 2,42,42
یحیی 43
یعنی 14,39,43
یونان 40,43,44,44
یکدست 38
یکدیگر 4
یکسان 4
یکپارچه 44,44
یگانه 43,43
