آبیاری 44
آثار 14,48
آدمی 48
آرای 48,48
آرایی 44
آرتور 48
آرمانی 48
آرگومان 47,47,47,48
آزاد 44,48
آزمایش 48,48,48,48,48
آزمون 48,48,48,48
آزمونی 48
آسان 48,7
آسانی 2
آسیب 44
آغاز 47,48
آلات 44,44
آلودن 1
آمار 47
آمارهایی 44
آماری 47,47
آمده 4
آمریکا 47,48
آمریکایی 48
آموختن 48,48
آموزش 2,2,2,2,2,2,4,48
آموزشی 2,2,44,45,48,48
آمپلبی 14,47
آنالیز 44
آنتروپی 47,47,47,47
آنجا 48
آنست 8
آنلاین 7
آنچه 48,8,8,8
آنکه 48
آهسته 2,48
آهنگ 7
آکادمیک 44
آگاه 48,48
آگاهی 44,44,48
آیتم 45,46,47,48
آینده 44,48,48
آینه 14,14,14
ابتدا 8
ابتدایی 48
ابداع 48,48
ابراز 48
ابزار 44,46,46,48
ابزارسازی 44
ابزارهای 48,48
اتاق 48,48
اتخاذ 48
اتصال 48
اتفاق 8
اتوماتیک 8
اتومبیل 44,8,8,8,8
اثبات 48,48,48
اثربخشی 44
اثرش 47
اجازه 8
اجباری 45,46,47,48,5
اجتماعی 14,14,4,4,4,44,45,47
اجزا 45,45,45,45,45
اجزاء 45
احتمال 47
احتمالات 47,47,47,47
احساسات 48,48,48
احساساتی 47,47
اختراع 47,48,8,8,8
اختصاصی 44
اختلاف 14
اختیار 2
اختیاری 1,45,46,47,48,5
اخلاقیات 44
اخیر 45,45,46,46,47,47,48,48
اخیراً 45
اداره 14
ادامه 8,8,8,8
ادبی 4
ادراکی 14,45
ادعا 48
ادوارد 48
ارائه 45,47,47,48,48,48,48,48,48,48
ارائهٔ 48
ارتباط 4,4,4,48,7
ارتباطات 4,4,4,4,4,4,4,4,4,4,4,4,4,4,4,4,4,4,4,4,4,4,4,4,4,4,4,4,44,44,45,45,48
ارتباطی 4
ارتعاشی 44
ارتقاء 8
ارتقای 44
ارثی 8
ارجاع 46,46,48
ارزش 44,45
ارزشی 8
ارزیابی 44,44,48
ارسال 47,47,47,47,47,47,47,47,47
ارضا 8
ارکان 4
ازای 4
اساس 4,45,45,47,47,48,48,48,48,48,8
اساساً 48
استاتیک 5
استاندارد 47,48,48,48,48,48,48,48,48,48
استانفورد 47
استدلال 48,48,48
استدلالی 48
استرجیس 14,47
استعدادهای 48
استعفای 2
استفاده 14,14,14,14,14,14,4,4,4,44,44,44,45,45,45,45,46,46,47,47,47,47,47,47,48,48,48,48,48,48,48,48,48,48,48,48,48,48,48,48,48,48,48,8,8,8
استفادهٔ 48
استفورد 14,47
استقراء 48
استوار 45,45
استوارت 44
اسلحه 44
اسلش 4
اسناد 48
اسکیم 48
اسید 44,44
اشاره 14,47,48,48,8
اشبی 14,47
اشتباه 47,48
اشتراک 44,45
اشتغال 2,2
اشکال 8
اصطلاح 48,48,48
اصلاحات 44
اصلی 14,14,45,46,47,47,47,47,47,48,48,48,5,8
اصول 14,14,48
اصولاً 48
اصولی 45,45
اضافی 48
اطراف 48,48
اطلاعات 14,14,2,4,4,44,44,44,44,45,45,45,46,47,47,47,47,47,47,47,47,47,47,47,47,47,47,47,47,47,47,47,47,47,47,47,47,47,47,47,47,47,47,47,47,47,47,47,47,47,47,47,47,47,48,48,48,48,48,48,48,48
اطلاعاتی 47,47,47,47,48
اطلاق 48
اطمینان 47,47
اطّلاعات 47
اظهارات 48
اعتبارسنجی 14,45,47
اعتمادپذیری 45
اعصاب 14,2,44,45,45,48,48
اعضای 48
اعمال 14,14,48,48
اعمالی 48
اغتشاش 14
اغلب 14,14,14,44,44,44,44,47,48,8,8
افتادن 14,47
افتتاح 7,7
افراد 8,8,8,8
افرادِ 8
افزایش 47,48,48,48,8
افزایشی 45
افزاینده 45,45
افزوده 48
اقتصاد 14,44
اقدام 48,48,8
اقدامات 48
الاین 14,47
البته 4,45,48
التوشر 44
الزامات 45
الزاماً 48
السوده 47
القای 47,47
الکترومغناطیس 44
الکترومکانیکی 44
الکترونیک 44,44
الکترونیکی 2,2,44
الکتریسیته 44,44,44
الکتریکی 47
الکساندر 14,47,48
الگو 14,14,14,14,14,14,14,14,14,4,4,44,44,44,44,44,45,45,45,45,45,45,47,47,47,47,48,48,48,48
الگوریتم 8,8,8,8,8
الگوریتمیک 8
الگوگیری 48
الگوی 48,48,48
امروزه 4,4,48,48
امروزی 8
امنیت 14,44,44,44,47,47,47
امواج 14
امور 48,48
امپدانس 14
امکان 45,46,47,48,48,5
انبساط 14
انتخاب 44,44,47,48,8,8,8,8,8,8
انتشارات 14,4,47
انتظار 48
انتقال 4,4,47,47,47,47,47,47,47,47,47,47
انتقالی 47
انجام 4,4,44,45,45,46,47,48,48,48,48,48,48,48,48,48,48,48,48,48,48,48,48,5
انجمن 45,45
اندک 2
اندیشمندان 4
اندیشه 44,48
انرژی 2,44,44,44,45,48,48,48
انسان 14,47,48,48,48,48,48,48,48,48,48,48,48,48,48,48
انسانی 14,4,4,4,48,48,48,48,48,48,48,48,48,48
انسجام 45,45
انضباط 45
انطباقی 14,45
انعطاف 48
انقباض 14
انواع 45,45,46,48,48
انگلیس 44
انگلیسی 48,48
اهداف 48,48,48
اهمیت 48,48,48,7
اواسط 48
اوایل 7
اوقات 48,8
اولین 48,48,7,8
اولیه 4,45,48,48,8,8,8
اولیهٔ 48
اپتیک 44,44,45,45,45,48
اکبر 4
اکتبر 47
اکثر 45,48,48
اکسپرت 48,48
اکنون 48
اگاتا 14
ایجاد 4,4,44,44,44,45,45,45,45,45,45,45,48,48,48,48,48,48,8
ایده 8,8
ایدهٔ 48
ایران 4,4
اینترنت 4
اینترنتی 48
اینست 8
اینکه 4,48,48,48,48,8,8
باتاچاریا 48
باحداکثر 45
بارلا 14,47
بارهٔ 48
باروری 8
بازار 44
بازخورد 45
بازدهی 8
بازرگانی 2,4,44,45,48
بازشناسی 48
بازنمایانه 48
بازوهای 8
بازی 44,44,48
بازیابی 47
بازیافت 47
بازیِ 8
باشد 14,44,44,48,48,8,8
باشند 8
باعث 44,44,48,48,48,8,8
باغبانی 44
باقی 48
بالا 44,44,47,47,47,48,48,48,48,8,8
بالاتر 44,48,8,8
بالاتری 8
بالایی 45
بالطبع 8
باند 14,47
بانک 48
باهم 8
باهوش 8,8
باور 48
باید 4,44,44,44,47,48,48,48,48,48,48,7
باینری 47
ببینیم 8
بتوان 47,48
بتواند 14,48,48,8
بخشهای 14
بخشی 45,45,48,48
بخشیدن 45
بخشیده 48
بدهی 2
بدون 46,46,46,48,48
بدین 8,8
برآورده 44,45
برابر 47,47,48,48
برابرهای 45
برازش 8
برازندگی 8
براساس 48
برانواع 45
براون 14,47
برای 14,2,2,2,4,4,44,44,44,44,44,44,44,44,44,44,44,44,44,45,45,45,45,46,46,47,47,47,47,47,47,47,47,47,47,47,48,48,48,48,48,48,48,48,48,48,48,48,48,48,48,48,48,48,48,48,48,48,48,48,48,48,48,48,48,48,7,7,8,8,8
برخورد 48
برخی 47,47,48,8
بردفورد 14,47
برده 44
بردِ 48
بررسی 4,44,44,47,47,47,47,48,48,48
برسد 48,8
برسند 48
برطبق 46
برعهده 47
برقرار 48
برقراری 4,45,45
برنامه 45,48,48,48,48
برنامهٔ 48,48
برنده 8
برنولی 47
برود 48
برپا 47
برگرفته 8
بزرگ 14,14,48
بسازید 45,46,47,48,5
بسیار 14,14,46,48,48,48,48,48,48,8,8,8,8
بسیاری 44,48,48,48,48,48
بشریت 48
بصری 2,44,45,48
بعدی 47,8,8
بعضی 8
بقای 8
بقیه 8
بلندگو 14
بلوغ 45
بلکه 47
بنابراین 44
بنجامین 14
بنیادین 47,48
بنیان 4,45
بنیانگذاران 48
به 44,45,45,48,8,8,8
بهبود 44,44
بهتر 47,48,48,8,8,8,8
بهتری 8,8,8
بهداشت 44,45
بهداشتی 2,44,45,48
بهره 48
بهرۀ 14
بهینه 47,8
بودن 8
بوده 45,45,45,47,47,48,48
بپذیریم 48
بگوییم 8
بیان 45,45,48,48
بیانگر 47
بیرون 48
بیست 48
بیش 45,45,47,47,47
بیشتر 4,44,44,45,45,46,46,47,47,47,47,47,47,47,48,48,48,48,48,48,48,8,8,8,8
بیشترِ 8
بیشتری 47,48,8
بیشینه 47
بیولوژیکی 48
بیوپزشکی 44
تأثیر 44,47,48,48,8
تأثیراتش 47
تأسیس 48
تأسیسات 2,44,44,45,45,48,48
تألیف 14,14
تأمین 7
تئوری 14,14
تابع 47,8,8
تابعی 47
تازه 4
تاکنون 48,48,48
تبادل 4
تبدیل 47,47
تبعید 2
تجاری 4,44,45,46,47
تجربه 44,44,48
تجربهٔ 2
تجربیات 48,48,48
تجربیاتش 48
تجزیه 14,44,48
تجهیزات 44,46,46
تحریف 14
تحصیل 2
تحصیلی 48
تحقق 45,45
تحقیق 4,44,47
تحقیقات 47,47,48
تحقیقاتی 48
تحلیل 14,48,48,48,48,48
تحلیلی 14,14,47
تحول 44,45,48
تحولات 4
تخریبی 44,44
تخصصی 45,45,45,45,45,45,45,48
تدریج 48,8,8
تدریجی 8,8,8,8
ترازهای 48
ترافیک 44,45,48
تراپل 14,47
ترتیب 47,48,8,8
ترجمه 14,14,48,48,48
تردید 48
ترکیب 44,45,45,8,8,8,8
ترکیبی 48
تسهیم 4
تسویه 2
تشبیه 48
تشخیص 14,47,48,48,48,48,48,48
تشکیل 44,44,8
تصادف 8
تصادفی 45,46,47,47,47,47,47,48,8,8,8,8
تصاویر 45,46,47,48,48,48
تصمیم 48,48
تصمیمات 48,48
تصویر 48
تضمینی 2
تطابق 48
تطبیق 44
تعاریف 4,45,48,48
تعامل 4,48,48
تعاملی 45,45,45
تعبیر 1
تعبیه 48
تعجب 48
تعداد 14,14,47,48,8
تعدادی 2,48,48
تعریف 4,4,45,45,45,45,48,48,48,48,48,48,48,48,48,48,48,48
تعریفش 48
تعریفی 47,48,48
تعمیر 46
تعمیرات 2,44,44,45,46,46,46,48,48
تعمیم 48
تعیین 14,14,14,44,45,45,47,48
تغییر 14,8,8
تغییرات 14,45,46,47,47,48
تفاهم 4
تفاوت 47,48
تفسیر 44
تفکر 48,48
تفکری 48
تفکیک 44,48
تقریب 14
تقریباً 48
تقسیم 14,47
تلاش 48,48,8,8
تلاطم 14
تلاقی 48
تلسکوپ 14
تلفن 4,44,45,45,46,47,47,47,47,47,47
تلفنی 47
تلفیق 44
تلفیقی 44
تلقی 48
تلگراف 47,47
تلگرافی 47
تمام 14,48
تمامی 48
تمایز 48
تمرکز 47,47
تنازع 8
تناسب 48
تناسلی 2,44,45,48
تناقض 44
تنظیم 14,48
تنها 14,2,46,47,48,48,8,8,8
تنهایی 45,8
تنوعی 45,45
تهاتری 2
تهیه 48,48,7
توابع 14
توافق 48,48
توان 14,14,14,47
توانایی 48,48,48,48,48
توانمندی 45,45
توجه 14,47,47,47,48,48,48
تورچین 14,47
تورینگ 48
توزیع 14,14,47
توسط 14,14,14,14,14,44,45,47,47,48,48,48,48,48,48,48,48,48,48,48
توسعه 14,14,14,4,4,45,45,45,45,47,47,48,48,48,48,48,48
توصیف 14,4,47,48,48,48
توصیفی 48
توضیح 48,8
توضیحی 48
تولد 48
تولید 14,44,44,45,48,48,48,48,8,8
تکامل 8,8,8,8,8,8
تکثیر 8
تکرار 8
تکراری 45,45,47,47,48
تکنولوژی 2,48
تکنیک 14
تکنیکهای 14
ثابت 47
جابجا 48
جادویی 47,47
جازلین 14,47
جامع 45,45,48
جامعه 8,8,8,8,8,8,8
جبری 14,47,47,47,47
جبهه 14
جداسازی 44
جداگانه 14
جدید 44,44,44,44,48,48,48,48,7,7,8
جدیدی 44,8
جزئی 48
جزئیات 4,44,45,46,47
جزئیّات 48
جستارهای 14,4,44,47,48
جستجو 48,48
جستجوگرهای 48
جستجوی 8,8
جلوه 48
جمعی 4
جمعیت 8,8,8,8
جمله 4,4,4,47,48,48
جنبه 47
جهان 14,45,48
جهشی 8
جواب 8,8
جوابی 48,48
جواد 47
جوامع 48
جواهر 44
حاصل 45,48,8,8,8,8,8
حاضر 4,48,48,48,48
حالی 44,47,47,48,8
حاوی 47,47,47
حداقل 45
حداکثری 45
حدودی 48,8
حرارتی 14,44
حرکت 48,48,48,8
حرکتی 44
حساب 1,45,45,45,46,46,46,47,47,47,48,48,48,5,5
حساسیت 14
حقوقی 14,14,45,48,48
حقیقت 48,48,48,48
حلقه 14,14
حلهای 14
حمیدی 45
حوزه 14,2,4,4,4,48
حوزهٔ 48
حکایت 48
حیات 44,44,45,45,45,48,48,48,8
حیاتی 47
حیوانی 48
خارج 7
خاصی 47,8
خالص 7
خالی 48
خانگی 2,44,45,48
خاکستری 44
خبره 48,48
خدمات 44,44,48,48,48,48
خدمت 48
خرابی 14,47
خروج 2,2
خروجی 14,14,14,14,14,14,14,47,47
خریداری 7
خسته 2
خصوص 45,46,47,48,48,48
خصوصیات 48,48,48,8,8,8
خصوصیت 8,8
خطای 14,14,47
خطوط 47,47,47,47,47
خلاصه 2,8
خنثی 48
خواهد 48,48,8,8
خواهند 48,48,8,8
خواهید 8
خودداری 48
خودروی 48
خودش 48
خودشان 2
خودگردان 48
خودی 8
خوراک 2,44,44,45,45,48,48
خورده 44
خوردگی 44
خوشبین 48
خویش 8
دائماً 8,8,8
داخلی 44
دادن 45,45,48
داده 14,14,14,44,44,45,46,47,47,47,47,48,48,48
دادیم 8
دارای 14,4,4,4,4,4,44,45,45,45,45,45,47,47,47,47,47,48,48,48,48,48,48,48,5,8
دارد 44,45,46,47,48,48,48,48,48,48,48,48
دارند 44,47,48,8
داشت 8
داشتند 47
داشته 4,44,44,48,48,8,8
دامنه 48,48,48
دامی 44
دانش 44,44,44,45,45,45,45,45,45,47,47,48,48,48,48,48,48,48,48,48,48,48,48,48
دانشجویانشان 48
دانشمندان 14,47,48,48,48,48,48,48,48,48
دانشنامهٔ 1,45,45,46,46,47,47,48,48,5
دانشگاهی 4,48
دانشی 48
دانلود 7
دایناسور 8
درآمد 7,7
درآورد 48
دربارهٔ 14,14,14,14,14,14,4,4,4,4,44,44,44,44,45,45,45,45,45,45,46,47,47,47,47,47,47,48,48,48,48
درست 1,48
درستی 48,48
درصد 7
درمان 48
درموت 48
دروس 44
دریافت 47,47,48,48
دریایی 44
دسامبر 4,44
دستخوش 47
دسترس 14,4,44,44,45,46,47,48,48
دسترسی 48,8
دسته 14,14,48,48
دستکاری 48
دستیابی 48,48,48
دشوارتر 14
دعوت 45,46,47,48,5
دفاع 48
دقیق 48
دقیقی 48
دلار 7
دلالت 45
دلیل 14,14,45,47,48,48,8
دنبال 48,48
دنباله 47
دهقان 4
دهندهٔ 44
دهید 2,8,8
دوباره 48
دودویی 47
دوران 48
دونبر 48
دکتر 4
دیجیتال 48
دیجیتالی 14,48,48,48
دیدگاه 47
دیفرانسیل 14,14,47
دیگر 14,4,4,4,44,44,44,44,44,44,45,45,45,45,46,46,47,47,47,47,47,47,47,47,47,47,48,48,48,48,48,48,48,48,48,7,8
دیگری 4,4,4,4,47,47
ذخیره 47,48
ذهنی 48,48,48,48
ذینفعان 45
رابط 14
رابطه 14,4,8
رادکلیف 14,47
راست 8
راستا 45,48
راستای 48,48
راننده 48
راهی 7
راکتورهای 14
رایانش 14,47
رایانه 14,47,48,48,48,7
رایج 47
ربات 48,8
رخنه 4
رساندن 7
رسانه 4
رسیدن 48
رشته 4,4,4,4,44
رشتهٔ 48
رعایت 44
رفاه 8,8
رفتار 48,48,48
رفتارهای 48,48,48
رفتاری 48,48
رفته 48
رهبران 48
رهگذر 4,4
روابط 45,45
روزافزون 48
روزمره 47,47
روشی 48
روند 8,8
روندی 8
رویدادهای 45,46,47,48
رویکرد 4,45,45,45,45
ریاضی 14,14,14,47,47,47,47,47,47,48,48,48
ریاضیات 44,8
ریاضیاتی 14
ریسک 44
زاده 45,45
زبان 14,47,47,47,47,48,48,48,48,48,48,48,48,48,48,48,5
زمان 47,47,48,8
زمانی 47
زمین 44,47
زمینه 44,44,46,48,48,48,48,48,48,48,48
زمینهٔ 2,48
زنده 14,45
زندگی 2,48
زهکشی 44
زوایای 48
زیادی 48,48
زیرا 14,47
زیرساخت 44
زیرِ 47
زیستی 44
سؤال 48,48
ساخت 44,44,44,44,44,44,44,45,46,47,48,48,48,5
ساختار 2,48
ساختارهای 48
ساختمان 2,44,45,48
ساختن 48
ساده 14,8,8
سادگی 8
سازمان 4,44,44,45,45,46,47
سازمانی 4
سازنده 2
سازندگانش 48
سازی 14,14,14,44
ساعت 4,44,45,46,47
سالیانهٔ 7
سامانه 1,14,44,45,45,45,46,46,46,47,47,47,48,48,48,48,48,5,5,5
سامانهی 48
ساموئل 48
سایر 14,44
سرآغاز 47
سراسر 48
سراغ 48
سرانجام 48
سرعت 47,48
سرنام 48
سرواژهٔ 47
سریع 48
سطحی 48,48
سطوح 48
سفید 48
سلاح 44
سلول 14
سمبولیک 48
سنجیده 44
سندرز 4,44
سنسور 14
سنگینی 48
سوالاتی 48
سودآوری 44
سودمندی 44
سیاست 4
سیستم 14,14,14,14,14,14,14,14,14,14,14,14,14,14,4,44,44,45,45,45,45,45,45,45,45,45,45,45,45,45,45,45,45,45,45,45,45,45,45,45,45,45,45,45,45
سیستما 45
سیستمهای 14,14
سیستمی 14,45,45,45
سیما 2,44,45,48
سیمون 48
سینما 4
سیگنال 14,14,4,47,47,47
شاخه 44,44,47
شامل 14,4,4,44,44,44,45,47,48,48
شانس 48,48
شانون 4,47,47,47,47,47,47,47,47,47,47
شاهد 48
شاید 48,8,8
شبکه 14,4,47,48
شبیه 14,14,14,4,48
شخصی 48
شرایط 44,47,48,48,48,48,8,8,8
شرایطی 48
شروط 44,44,44
شروع 48,48
شرکت 48,7,7
شعاعی 14
شناخت 48,48,48,48
شناخته 47,48
شناختی 48
شناسایی 48
شورای 4,44,47
شوید 1,45,45,46,46,47,47,48,48,5,5
شویم 48
شکست 44,44
شیوه 45,45
صحبت 48
صحیح 48
صحیحی 48
صرفاً 8,8
صفجه 45,46,47,48
صفحه 1,14,4,44,45,45,45,45,45,46,46,46,46,46,47,47,47,47,47,47,48,48,48,48
صفحهٔ 45,45,45,46,46,46,47,47,47,48,48,48,5
صنایع 44,44,44,44,45,48,48
صنعت 44,48,8
صنعتی 14,14,44,45,46,48
صوتی 14,14,44,44
صورت 14,4,44,45,46,47,47,47,48,48,48,5,8,8,8,8
صورتی 2,8,8
ضرورتی 48
ضروری 48,48
ضریب 47
ضعیف 48
طبیعت 48,48,48,8,8,8,8,8,8,8,8,8,8
طبیعتاً 48
طبیعی 44,47,48,48,8,8,8,8,8
طبیعیست 8,8
طراح 44,8
طراحی 14,44,44,44,44,44,44,44,44,44,44,44,44,44,44,45,45,45,45,45,47,47,48,48,48,8
طریق 44,48
طوری 48
طولانی 47
طیور 44
ظاهراً 8
ظرفیت 47,47,47
ظهور 47
عاقلانه 48
عالی 48
عامل 44,44,48
عبارت 45,45,45,45,46,47,47,47,47,47,48,48,48,5
عبارتند 46,47,48
عبارتی 45,45,48,8
عددی 14
عصبی 48,48,48,48
عضویت 44
عظیم 8
علامتی 4,44,45,46,47
علاوه 48,8
علمی 14,44,48,48
علوم 14,4,4,4,4,4,44,44,44,44,44,44,47,47,47,47,48,48,48,48,48,48
عمده 47,48
عملاً 8
عملکرد 14,14,47,48,48
عملکردهای 48
عملگرهای 8,8,8
عملی 47,47
عملیات 45
عموم 44
عموماً 48
عمومی 44,48
عمیق 48
عناصر 45,45,45,45,45,45,45,45
عناوینی 44
عنوان 14,14,14,14,14,4,4,4,4,4,4,45,48,48,48,48,48,48,48,48,48,48,48,48,48,8,8,8
عهده 48
عوامل 44,47,47
عیناً 8
غیرانتفاعی 4,44,45,46,47
غیرخطی 14,14,14,14
غیرطبیعی 48
غیرفعال 44
غیرقانونی 2
غیره 47,47
فائق 48
فارسی 45,47
فاقد 48
فراتر 7
فراخوانی 47,47,48
فرادرس 48
فراشاه 4
فرامرزی 4
فراهم 48,48
فراوانی 48,48
فراگیر 48
فراگیران 2,2
فرایند 14,4,48
فرایندهای 45,48,48
فردی 4
فرستنده 4,4,47
فرضاً 8
فرمول 47
فرمولی 47,47
فرهنگ 4,47
فرهنگی 4,4
فروش 7
فروشنده 8
فروشگاه 7,7
فرکانس 2,44,44,44,44,45,45,48,48
فضاپیما 8
فعال 14,48,48
فعالیت 48
فعلی 8
فلسفه 44,47,47,47,48,48
فلسفهٔ 47
فناوری 2,2,2,2,4,44,44,44,45,45,45,48,48,48,48,48
فنون 48,48,48
فهرستی 48
فهیمی 48
فوریهٔ 46
فکری 48
فیبرهای 44
فیزیک 44,44
فیزیکی 44,44,48,48
فیلسوفان 48
فیلم 4,48
قائل 48,48
قابل 4,44,45,45,45,46,46,46,47,47,47,48,48,48
قابلیت 44,45,45,45,48
قاتل 48
قادر 48,48,48,48,48,48,48,48
قالب 8
قانون 48
قبلی 8,8
قبول 47
قدرت 44,48
قدیم 48
قدیمی 44,48
قرار 2,4,44,45,45,47,48,48,48,48,48,48,48,48,48
قرارداد 48
قراردادهای 48
قسمت 48,48
قضاوت 48
قضایای 47
قضیه 14
قطارهای 44
قطعاً 8
قوانین 48,48,48,48
لاتین 45
لازم 48
لازمه 48
لانگشاو 48
لحاظ 8
لزوم 48
لزوماً 47
لطفاً 46
لگاریتم 47,47,47
لیاپونوف 14
لیسپ 48,48,48,48
لینکلن 14,45
مؤثر 47,47,48
مؤسسه 14,44
مابین 48
مادر 48
مادی 48
ماروین 48,48
ماشین 48,48,48,48
ماشینی 48,48,48,48,48
مانع 8
مانند 14,14,14,4,44,45,46,47,47,47,47,47,48,48,48,48,48
ماهیت 45,45,45,48
ماهیتی 4
مایهٔ 48
مباحث 44
مبانی 14
مبتنی 45,45,48,48,48,8
مبحثی 48
مبدأ 8
مبنا 14,14
مبنای 47,47,47
مبهم 47
متأخر 8
متجلی 4
متحرک 8
متخصصان 2
متخصصین 4,44,48,48
متخصّصان 48
متداول 14,45
مترجم 48
مترقبه 44
متشکل 14
متصل 45,46,47,48
متصور 48
متعدد 4,45
متعلق 4,44,45,46,47
متغیر 47,47,47
متفاوت 47
متفاوتند 44
متفاوتی 48
متفکّرین 48
متقابل 47
متمرکز 48
متناسب 47
متنوعی 45,48
متوالی 8
متوسط 7,8
متولد 48
مثال 14,14,14,4,44,47,8,8,8
مثلاً 47,8
مجازی 2,2,44,45,48
مجبور 48
مجله 48,48
مجمع 44
مجموع 48
مجموعه 45,45,45,45,45,45,8
مجموعهٔ 48
مجوز 44
محاسبات 48
محاسباتی 14,47,48,48,48,48,48
محاسبه 47
محاسبهٔ 48,48
محتوای 45,46,47,47,48
محتویات 45,46,47,48
محدب 8
محدود 14,48,48
محدوده 48,48
محدودهٔ 44,48
محرک 14
محسن 48
محسنیان 4
محسوب 4,45
محصول 44,44,44,45,45,45
محصولات 44,44,45,45,45,45
محقق 45
محققین 48
محلی 4,45,45,45,48,5
محمدرضا 45
محیط 2,2,44,44,45,45,45,48,48,48,48,48,7
محیطی 44
مخابرات 47
مخابراتی 47,47,47
مخابره 47
مخالفت 48
مخترع 48
مختص 48
مختلف 14,44,44,45,48,48,48,48,8,8
مختلفی 44,44,44
مخزن 45,46,47,48
مخمر 44
مدار 14,44,47
مدارس 4
مدارهای 44,44
مداوم 14
مدرن 14,14
مدنظر 44
مدیریت 14,14,14,4,4,4,4,44,44,44,45,45,45,45,45,47,47,48,48,7
مراحل 48
مراکز 48
مربوط 44,47,47,47,48,48,48
مرتبط 44,47,48,48,48,48,48
مرداد 48,48
مرزهای 45
مرکز 14
مزارع 44
مسأله 2
مسئله 47,47,47,47,47,48,48,48,48,48,48,8,8,8,8
مسئلهٔ 47
مسئولیت 44
مسائل 48,48,48,48,8,8,8,8,8,8
مسائلی 48,48
مسایل 48,48
مستطیل 48
مستقیم 48,7
مستقیمی 47
مستمر 44
مستند 4,44,47
مستندسازی 45
مسیر 8,8
مسیرهای 48
مشابه 4,4,45,45,45,48,48,48,48,5,8
مشارکت 2
مشاهده 14,14,14,14,14,4,4,44,44,44,44,44,45,45,45,45,47,47,47,47,48,48,48
مشترک 4,4,47,47
مشتری 45,7
مشتریان 45
مشخص 45,45,45,45,45,47,48,48
مشخصات 14,47
مشخصی 45
مشروط 4
مشکل 44,47
مشکلات 47,47,47,47,8
مشکلاتی 44
مصنوعی 14,14,47,48,48,48,48,48,48,48,48,48,48,48,48,48,48,48,48,48,48,48,48,48,48,48,48,48,48,48,48,48,48,48,48,48,48,48,48,48,48,48,48,48,48,48,48,48,48,48,48,48,48,48,48,48,48,48,48,48,48,48,48,48,48,48,48,48,48,48,48,48,48,48,48,48,8
مصوب 47
مطابق 44
مطاعات 4
مطالب 44,44,46
مطالعات 4,4,4
مطالعه 4,47,48,48,48,48
مطبوعات 48
مطرح 48,48,48
معادلات 14
معانی 45,45,45,48
معدن 44,44
معرفی 48,48,8,8,8
معروف 4,47,8
معطوف 45
معماری 44
معمول 48
معمولاً 4,4,44,44,7
معنائی 47
معنای 4
معنایی 47,47,48
معنی 4,47,47,47
مفاهیم 47,47
مفسر 48
مفهوم 4,47,47,47,47,47,47,48,48
مفهومی 45,47,48
مفهومیست 8
مقابل 48
مقابله 2
مقاله 47,47,47,47,48
مقایسه 14
مقایسهٔ 48
مقدار 47,47
مقداردهی 47
مقداری 47
مقررات 2
مقصد 47,8,8
مقولهٔ 48
مقیاس 44,44
ملاحظات 8
ملاقات 48
ملکولی 44
ممکن 45,45,46,48,48,48,48,8
منابع 44,44,45,45,46,48
مناسب 44,44,8
منبع 46,47,47,47,47,47,47
منتشر 48
منتقل 47
منجر 45,45
منحصر 44
منسکی 48
منطق 48,48,48
منطقی 44,48,48,48
منظر 44
منظور 45,45,48,48,48
منفی 8
مهارت 46,48
مهدی 45
مهرداد 48
مهم 48
مهمی 14,44,47
مهندس 44
مهندسان 47,8
مهندسی 14,44,44,44,44,44,44,44,44,44,44,44,44,44,44,44,44,44,44,44,44,44,45,45,45,45,45,45,45,45,45,45,45,45,45,45,45,45,45,45,45,45,45,45,47,48,48,48,48,8
مهندسی_سامانه 45
مهندسین 44,44,44,44,44,44,44
مهیج 48
مواجه 7
مواد 14,44,48
موارد 14,4,44,44,48,48
مواردی 48
مواضع 48
موانع 2
موتور 8
موتورهای 4
موجب 44
موجود 14,4,44,44,45,47,48,48,48,48
موجوداتی 8
مورد 14,4,4,4,44,44,44,45,47,48,48,48,48,48,48,48,48,48,48,48,48,48,7
مورس 47
موسیقی 4
موضوع 2,4,4,47,47,48,48
موضوعات 47
موفق 44,44,48,8
موفقیت 47,48,48,48,48
مکارتی 48
مکالمات 47
مکانیزم 48,8
مکانیک 44,46,46
مکانیک_ 46
مکانیکی 44,46
میان 14,14,4,4,4,4,4,4,4,45,45,45,45,45,47,8
میانگین 47
میرشکاری 47
میزان 47,47,7,8
میلادی 48,48,48
میلیارد 7
میلیون 7
مینسکی 48
میکرو 44,45,48
نادرست 48
ناشرش 47
ناشناخته 48,48,48,48,48,48,48
ناظری 47
نامشخص 47
نامناسب 8
ناموجود 48
نامیده 47,48
نانو 2,44,45,45,48
نایت 48
نباید 47
نبود 7
نتایج 44,45,45,45,48,48
نتواند 48
نتیجه 44,47,47,47,48,8
نتیجهٔ 47
نحوه 8
نحوی 48
نخستین 4,44,47,47
نخواهیم 44
ندارد 47
ندارند 2
نداشته 8
نرخی 47,47
نزدیک 14,48
نساجی 44
نسبت 4,4,4,4,47,47,47,47,47,48,48,48,8,8
نسبتاً 8
نسبی 48
نسخه 45,46,47,48
نشان 44,47,47,48,48
نشانه 48
نشانی 45,46,47,47,48,48,48,5
نشده 47,48
نظام 45,45
نظامی 2,44,44,45,45,48,48
نظری 47
نظریه 47,47,47,47,47,47,47,47,47,47
نظریه_اطلاعات 47
نظیر 14,48
نفعی 48
نقشه 14
نقشی 47
نقطه 14
نقلیه 48
نماد 47,48
نمادهای 4
نمایش 8
نمود 48,48
نمودند 48
نموده 45
نمونه 48,48,8,8
نمیر 2
نهاد 47,47
نهایت 45,45,8
نهایتاً 48
نوآور 45
نوآوری 44,44,45,45,45,45,45,45,45,48
نوار 45,46,47,48,5
نورث 44,44
نوری 14
نوشت 47
نوشتار 46
نوشتارهای 48,48
نوشتند 48
نوشته 47,47
نوعی 48
نوپدید 48
نوکلئیک 44
نویز 47
نویزدار 47
نوین 47,48
نکات 47
نکته 47,47
نگهداری 14,46,46,47,48,48,48
نیاز 45,48,48,48
نیازمند 4,4,48
نیازهای 45,45
نیازهایی 45,45
نیامده 48
نیرو 44
نیست 44,45,46,47,48,48,5
نیول 48
هارتلی 47,47
هاشمی 45
هافمن 47
هدفش 48
هدفمند 45,45,45,45,45,45
هربرت 4,48
هرچند 45,46,47,47,47,48,5
هرچه 48
هریک 45,48
هزینه 44,45
هستند 14,14,44,48,48
هسته 14
هستهٔ 48
هشدار 44
همان 48,8
هماهنگ 45
همراه 4,4,44,44,44,47,47,48,48,8
همساز 44
همهٔ 45,45,46,46,47,47,48,48,48
همچنین 44,47,47,48,48
همچون 48
همگانی 4
همگی 8
همیشه 47,8
همین 45,46,47,48,48,5,8,8,8,8
هنری 44,48
هنوز 48,48,48
هنگام 14
هواپیما 8,8,8
هوایی 47
هوش_مصنوعی 48
هوشمند 14,48,48,48,48,48,48,48,48,48,48,48,48,48,48,48
هوشمندانه 48,48,48,48
هوشمندانهٔ 48
هوشمندِ 8
هوشمندی 48,48,48,48,48,48,48,48
هوشی 48,48
هولست 14,47
هویت 14,48,48
هیکل 8
هیکو 14
وابسته 47
واحد 47,47,47
وادار 48
وارد 1,45,45,45,46,46,46,47,47,47,48,48,48,5,5,5
وارفیلد 14,47
وارویک 14,47
واسط 44
واسطه 4
واقع 44,48,48,48,48,48,8,8
واقعاً 8
واقعی 14,14,44,47,48
واقعیت 4
واژه 45,48
واژهٔ 45,45
واژگان 48,5
واکر 45
واکنش 48
واگذار 8
وایلدن 14,47
واینر 47
وجود 14,14,14,14,14,14,14,14,14,14,14,14,14,14,14,14,14,14,14,14,14,14,14,14,14,14,14,14,14,14,2,2,2,2,2,2,2,2,2,2,2,2,2,2,2,2,4,4,4,4,4,4,4,4,4,4,4,4,4,4,4,4,4,4,4,4,4,4,4,4,4,44,44,44,44,44,44,44,44,44,44,44,44,44,44,44,44,44,44,44,44,44,44,44,44,44,44,44,44,44,44,44,44,44,44,44,44,44,44,44,44,44,44,44,44,44,44,44,44,44,44,44,44,44,44,44,44,44,44,44,44,44,44,44,44,44,44,44,44,44,44,44,44,44,44,44,44,44,44,44,45,45,45,45,45,45,45,45,45,45,45,45,45,45,45,45,45,45,45,45,45,45,45,45,45,45,45,45,45,45,45,45,45,45,45,45,45,45,45,45,45,45,45,45,45,47,47,47,47,47,47,47,47,47,47,47,47,47,47,47,47,47,47,47,47,47,47,47,47,47,47,47,47,47,47,47,47,47,47,47,47,47,47,47,47,48,48,48,48,48,48,48,48,48,48,48,48,48,48,48,48,48,48,48,48,48,48,48,48,48,48,48,48,48,48,48,48,48,48,48,48,48,48,48,48,48,48,48,48,48,48,48,48,8,8,8
وجودی 48,48
ورودی 14,14,14,14,14,14,14,14,14
وزارت 48
وسایل 44,44,48
وسعت 48
وسیعی 4
وسیله 14
وسیلهٔ 48,48
وضعیت 44
وظایف 48
وظایفی 48,48
وظیفه 48
وقتی 2
وژنتیک 44
وکنترل 44
ویدیو 47
ویرایش 14,14,14,14,14,4,4,4,44,44,44,44,44,45,45,45,45,45,46,47,47,47,47,47,48,48
ویلهلم 44,44
ویور 4
ویژه 45,46,47,48,48,48
ویژگی 48
ویکرز 14,47
ویکی 45,46,47,48
پارامتر 48,48
پارچه 44
پاسخ 44,47,48,48,8
پاسخگویی 45,45
پایان 48
پایدار 14,45,46,47,48
پایداری 14,14
پایه 14,4,44,44,45,45,47,48,48,48
پایگاه 14,4,45,45
پایین 44,44
پتروشیمی 44,44
پدید 8
پدیدهٔ 4
پذیرش 44,45,48
پذیرفته 48
پذیری 44
پردازش 14,47,47,47,47
پرورش 44
پرولوگ 48,48
پرکاربرد 48
پزشکی 14,14,2,44,45,47,47,48,48,48,48,48,48,48
پسخورد 14,14
پسخوردی 14
پشتیبان 48
پشتیبانی 14,47
پنهان 48
پهناور 48
پهنای 14
پوانکره 14
پوشانیدن 48
پژوهش 48,48,48
پژوهشی 48,48
پیاده 48
پیام 4
پیتز 14,47
پیدا 44,7
پیدایش 47
پیرامون 45,45,45,46,46,46,47,47,47,48,48,48,5
پیشبرد 48
پیشتر 8
پیشرفت 44,8
پیشرفته 48,48
پیشنهاد 44,47
پیشه 46
پیشین 45,46,47,48
پیشینه 44
پیما 44
پیوند 14,4,4,44,45,45,45,45,46,46,47,47,47,47,47,47,47,48,48,48,48,48,5
پیوندهای 45,46,47,48
پیچیده 14,14,45,45,45,45,45,45,45,45,45,45,45,48,48
پیچیدگی 14,47,48,48,48
پیکربندی 14,47
پیکره 45,45
چارت 8
چالش 46
چالشی 48,7
چاندرا 48,48
چرخش 14
چرخه 14,8
چرخهٔ 45
چشمی 44
چقدر 44
چنانچه 48
چندگانهٔ 48
چندین 14,8
چنین 14,45,47,48,48,48,48
چهار 48
چگونه 48,48,48,48,8,8
چگونگی 45,46,47,47,48,48,48,48
چیست 48,48,48
چینی 48
ژئوتکنیک 44,45,48
ژنتیک 44,45,48,8,8,8,8,8,8,8
ژنراتور 44
ژوئیهٔ 7
کاتسو 14
کارآمدی 48
کارا 48
کاراتر 8
کارایی 44,44,48
کاربران 2
کاربرد 4,44,44,44,44,45,45,48
کاربردهای 47,48,48,48
کاربردی 44
کاربری 45,45,46,46,47,47,48,48,5,5
کاردانان 48
کارمندان 2
کارنگی 48
کارهای 44,47,48
کارهایش 47
کارهایی 48,48
کارکردی 45,45
کارگاه 48
کاری 2,44,48
کاظم 48
کافی 14,14,44,44,44,48,48,7
کالا 44
کامل 4,44,45,45,45,48,48
کاملاً 47,8,8,8
کاملی 47
کامپیوتر 14,14,44,47,48,48,48
کامپیوتری 44
کانال 47,47,47,47,47,47,47,47,47,47
کانونی 14
کاهش 14,14,44
کاور 47
کتابخانه 4,44,48,48,48
کتابداری 47
کثرت 45
کدام 14,48
کدگذار 47
کدینگ 47,47
کردن 45,46,47,48,48,48,48,48,48,5
کردند 8
کرده 44,47,47,48,8
کروز 14,4
کروموزوم 8,8
کسانی 2
کسینوسی 47,47
کشاورزی 44,44,44,44,44,44,44,45,48
کشتی 44,45,48
کشیدن 8
کشیده 46,47
کلاسیک 8,8
کلان 45,45
کلود 47
کلّی 48
کلیه 45,45
کماکان 4
کمتر 47,47
کمتری 44
کمپرسور 44
کمپیوتر 48,48,48,48,48
کنار 2,45,45
کناری 45,46,47,48,5
کنترل 14,14,14,14,14,14,14,14,14,14,14,14,14,14,14,14,4,44,44,44,45
کنترلی 48
کنند 44
کنندهٔ 48
کنندگان 48
کنید 8,8,8,8
کنیم 48,8,8
کوانتوم 44,45,48
کوتاه 48
کورکورانه 8
کوشش 48
کولونی 8
کیفری 2
کیفیت 44,45,45
گالاگر 47
گاهی 48,8
گذاری 44,44,45,48,48
گذاشته 47
گذشته 47,48
گرافیک 44
گرافیکی 44,44,48
گراهام 47
گرایش 4
گرایشی 4,4
گردیده 45
گرفت 47,48,48
گرفتن 48,48
گرفته 47,8
گروهی 48
گرچه 1,45,46,47,48,5,8
گریزی 2
گستردهٔ 48
گسترش 47,48,48,48,48
گستره 4,48
گسسته 8
گفتار 48
گفتاوردهای 44,48
گفته 48,48
گفتگو 4
گلستان 45
گمان 2
گنریچ 44
گوستاو 44
گوناگون 4,47,48,48,48
گوناگونی 48
گونه 8,8
گویی 44,48
گیاهی 44
گیرنده 4,4,47
یادکرد 45,46,46,47,48
یادگرفتند 44
یادگیری 48,48
یاری 48,8,8
یافت 14
یافتن 44,44,48,48,8,8
یعنی 1,48,8
یوزف 44
یونس 4
یکدیگر 44,45
یکپارچه 14,45,47,47,7
