آخرین 8
آرگومان 14,14,48,48
آزاد 51,52,56,56,56
آزادانه 56,56
آزادی 56,56,56,56,56
آزمایش 56,56,8
آزمایشتان 52
آزمون 52
آسان 52,53,8
آشنا 51
آشنایی 8
آشپزی 55
آغاز 2,54
آلمانی 56,56
آمادهٔ 52
آماری 8
آمدن 8,8
آمریکا 54
آمریکایی 55,56,56
آموزش 2,2,2,2,2,51
آموزشی 56
آمپلبی 48
آمیز 5
آنان 2
آنلاین 2,52,52,52,52,52,52,52,52,52,52,52,52
آنلاینتان 52
آنچه 15,52,52
آنگاه 49,52
آنگونه 8
آهنگ 7
آورد 52
آگاه 52,52
آگاهی 52
آیتم 15,49,5,50,51,52,53,54,55,56,6
آیپادهای 7
ابتدا 49,5,52,55,56,8
ابتدای 54
ابزار 50,52,56
ابزارهای 52
ابزاری 55
ابطال 52
اتصال 8,8
اتلاف 54
اثرات 52
اجازه 50,7
اجباری 15,2,49,50,51,52,53,54,55,56,6
اجتماعی 48,52,52
اجرا 51,51,8
اجرای 51
اجزا 55
اجزاء 5
اجزای 5
اجسام 5,5,5,5,54
اجماع 5
اجمالی 52,52,52,52
احتراق 15
احتمال 52,8,8,8,8
احتیاج 55
اختراع 55,55,56
اختصاص 8
اختصاصی 5
اختیار 2
اختیاری 15,49,50,51,52,53,54,55,56,6
اخیر 15,15,49,49,5,5,50,50,51,51,52,52,53,53,54,54,55,55,56,56,6,6
ادارهٔ 52
ادامه 56
ادامهٔ 54
ادیسون 54
ارائه 5,51,52,52,53,7,8
ارائهٔ 50
ارایهٔ 15,55
ارباب 52
ارتباط 15
ارتعاش 56
ارجاع 15,15,48,49,49,49,53,53,54,54,55,55,55,55
ارزان 50
ارزانی 52
ارزش 52,52,8,8,8
ارزشمندتر 7
ارزشمندی 7
ارزیاب 8
ارزیابی 8,8
ارسال 7
ارشد 7
ارنست 15,15
اروپا 54
ازای 5
ازجنس 53
اساس 5,52,52,52,52,56,8
اساسی 15,52,8
استآرین 49,49,49
استاتیک 5,5,5,5,5
استاتیکی 5,5,5,5
استاندارد 51,51,54,55,6,6
استانداردهای 51
استحکام 52,52
استراحت 2
استراحتگاه 53
استرجیس 48,48
استعمال 49
استفاده 15,48,48,49,49,49,49,49,49,5,5,50,50,50,51,52,52,52,52,52,52,53,53,54,54,54,54,54,54,54,54,54,54,55,55,55,55,55,55,56,56,56,56,56,8,8,8
استفورد 48
استناد 15
استوارت 15,48
استوانه 54
اسپرینگ 15
اسپین 56
اسکندرانی 15
اسید 49,49
اشاره 2,51
اشبی 48
اشتراک 7
اشکالی 52
اصطکاک 56
اصلی 15,15,49,5,50,50,50,51,52,52,52,52,52,53,54,55,56,6
اصلیتان 52,52
اصیل 52
اضافه 49,49,49,49,49,52,8,8
اطلاعات 1,15,48,48,49,5,50,51,52,52,52,52,52,52,52,53,54,55,56,6
اطلاعاتی 52,52
اطمینان 52,52,52,8
اعتبارسنجی 48,48
اعتماد 51,56
اعداد 8,8
اعشاری 8
اعضای 52
اعمال 5,8
اغلب 51,52,8,8
افتاد 55
افتادن 48
افراد 2,2,50,50,52,52,8
افرادی 52
افزوده 52,54
افقی 55
اقتصادی 2
اقدام 55,55
الاین 48
البته 49,7,8
التهاب 54
التهابی 54,54,54
الزامات 51
العمل 5,56
الکترومغناطیسی 54
الکترونیکی 2,2,50
الکتریکال 5
الکتریکی 54,54,54,54,54,55,56,56
الکساندر 48
الگو 15,15,15,15,48,48,48,48,48,5,5,5,5,50,50,50,50,52,52,54,54,54,8
الگوریتم 8,8,8,8,8,8,8,8,8,8,8
الگوی 8,8
امروزه 49,49
امروزی 54
املا 51,56
امنیت 48
امواج 48,48
امکان 15,49,50,51,51,52,53,54,54,55,56,56,6
امکانات 52
انتخاب 15,15,49,49,5,52,8,8,8,8,8,8,8
انتشار 52,52,52
انتشارات 54,54
انتظارات 52
انتقاداتی 7
انجام 15,2,49,50,51,51,51,52,52,52,52,52,52,52,52,52,53,54,55,56,56,6,8
انحراف 56
انداختن 55
اندازه 15,5
اندازهٔ 56
اندیشه 15,15,15,48,52
انرژی 48,48,48,48,48,48,56
انسان 15,15,15,48,48,55,55,8
انسانی 8
انشا 51,56
انقلاب 15,15
انقلابی 15,15
انواع 52,52,55,56,56,8
انگلیسی 50
اهداف 51,51,52,52,52
اهمیت 56,7
اواخر 15,54
اوایل 55
اولئین 49
اولئیک 49,49
اولی 51
اولین 52,54,55,55,56,56
اولیه 51,52,53,54,55,55,8
اونیورسال 55
اویلر 5,5
اپتیک 2
اکتبر 55
اکتشافی 52,52,52,52,52,52,52,52
اکثر 52
اکسیژنی 15
اکولوژیکی 48
اگرچه 56
ایجاد 49,49,49,50,50,51,51,52,54,54,56,8,8,8,8,8
ایران 15,51,54
ایرانیان 54
ایستا 5
ایستایی 5,5,5,5,5,5
ایشان 52
ایمنی 54
ایمیل 52
اینترنتی 50,50,50
اینجا 52
اینرسی 5,5
اینکار 54
اینکه 15,15,52,52,52,52,55,55,56,56,56
بابل 15
بادشونده 53
بادی 53
بارز 7
بارلا 48
بازار 54,54,55,55
بازاریابی 7
بازتاب 50
بازخور 52,52
بازخورد 52
بازخوردهایی 52
بازده 55
بازدهی 54,55
بازرسی 50,51,51
بازشناسی 48
بازنشستگی 2
بازنگری 52,52,52
بازه 8
بازگویی 52,52
بازی 50
باشد 49,49,49,49,5,5,5,51,51,52,52,52,52,52,52,55,56,56,8
باشند 52,56,8
باشید 52,52,52,52,52
باعث 52,52,52,54,55,55,7,7,8
بافت 52
باقی 5,8
بالا 51,52,52,52,54,54,55,8
بالابردن 54
بالاتر 54,56
بالانس 55
بالای 5
بالایی 54
باید 49,49,49,49,5,51,51,52,52,52,52,55,55,55,55,8,8,8
بایستی 51,51,52,52
باینری 8
بتواند 55,55
بحران 2,53
بخار 54,54,54,54,54,54
بخصوص 54
بدانند 56
بدست 54
بدنه 49,55
بدون 48,49,49,49,49,49,52,52,52,53,53,53,53,53
بدین 52,52
بدیهی 8
برآوردن 51
برآورده 52,8
برابر 5,5,52,8
برازش 8
براساس 51,51,56
براق 49,49,49,49,49
براون 48
برای 14,15,15,15,2,2,48,49,49,49,49,49,49,49,49,49,49,49,49,5,5,5,50,50,50,50,51,51,51,51,51,52,52,52,52,52,52,52,52,52,52,52,52,52,52,52,52,52,52,52,53,53,54,54,54,54,54,54,54,54,54,54,55,55,55,55,55,55,55,55,55,55,55,56,56,56,56,56,56,56,56,56,56,56,56,6,7,7,7,8,8,8,8,8,8,8,8,8,8
برایتان 52
برایشان 52
برتر 7
برخورد 54
برخوردارند 52
برخی 1,52,55,56,56,56
برداری 49,8
بردفورد 48
بردن 55
برده 52
بررسی 15,15,15,5,52
برسانید 49
برطبق 49,53
برعکس 8
برقی 55,55,55,55
برنامه 52
برنامهٔ 52
برنده 55
بروندادِ 50
برپا 53,53
برچسب 51,56
برگزار 2
برگیرنده 51
بریزید 49
بزرگ 2,55,56,56
بزرگی 52
بزنید 49,49,49
بسازید 15,49,50,51,52,53,54,55,56,6
بستری 53
بسته 49,55,56,56
بستگی 54,54
بسزایی 15
بسیار 48,5,52,53,54,55,55,55,56,56,8
بسیاری 15,15,50,51,52,52
بشری 15
بشریت 52
بطور 55
بطوری 55
بعداً 52
بعدی 5,54,55,8,8,8,8,8
بعضی 2,49,54
بعلت 15
بقای 56
بقیه 8
بلند 55
بلوری 54
بنابراین 49,5,56,56,56,7
بنام 54
بنیادی 51
به 52,54
بهار 52
بهای 55
بهبود 15,52,53,55
بهتر 51,52,52,52,55,56,7,8
بهتری 8
بهره 52
بهرهٔ 54
بهینه 8,8
بودن 15,51,52,52,56
بودند 54
بوده 52,55,55,55,55,8
بودید 52
بوهننبرگر 56,56
بکار 51,53,54,54
بکاهد 54
بگوییم 8
بگیرید 52
بیان 15,51,52
بیرجندی 55
بیرونی 56
بیست 52
بیستم 55
بیشتر 14,15,48,49,49,5,5,50,50,51,51,52,52,52,52,53,53,54,54,54,54,55,55,55,55,56,6,7,8
بیمارستان 53
بیماری 7
بیکار 2
بیکاری 2,2,2
تأثیر 49,5,50,52
تأثیرات 15
تأخیر 49
تأسیساتی 51
تأمین 55,56
تأکید 52
تابع 8,8,8,8
تاریخ 15,15,15,15,52,52
تاریخ_دانش 15
تاریخی 15,51,52,52
تازگی 52
تانگستن 54,54,54,54,54
تانگستنی 54
تبخیر 49,49,49,54
تبخیرشدن 54
تبدیل 55,55,8,8
تبعیت 8
تبیین 15
تجارب 2
تجاری 14,48,49,5,50,51,51,52,53,54,55,7
تجزیه 5,52,54
تجمیع 54,54,55,55
تجهیزات 53
تحریف 7
تحصیل 2
تحقیق 52,52,52,52,52,52,52,52,52,52,52,52,52,52,52,52,52,52
تحقیقات 52,52,52,52,52,52,52,52,52
تحقیقتان 52
تحقیقی 52
تحلیل 5,52
تحلیلی 52
تحول 2,52
تحولات 50
تحویل 51,51,7
تخصص 52
تخلیه 54,54,54
تدریج 49,49
ترافیک 2
تراپل 48
تربانتین 49,49,49,49,49,49,49,49,49
ترتیب 52
ترمز 54,54,54,54
ترمی 5
ترکی 54
ترکیب 54,54,8,8
تشخیص 48,48,56
تشعشع 54,54
تشویق 7
تشکر 52
تشکیل 52,54,8
تصادفی 15,49,5,50,51,52,53,54,55,56,6,8,8,8,8,8,8,8
تصاویر 15,49,5,50,50,51,52,53,54,55,56,6
تصاویری 50
تصمیم 52,52,52
تصور 52,52
تعادل 5,5,5
تعاریف 52
تعداد 8,8
تعدادی 52
تعریف 5,5,51,51,51,51,51,52,52,52,56,8
تعلق 7
تعلیق 56
تعمیر 53,55,55,55,55,55,55,55,55
تعمیرات 2
تعمیرکار 55
تعویض 55
تعیین 51,51,52,52
تغذیه 50,55
تغیر 5
تغییر 15,54,55,56,8,8,8,8
تغییرات 15,49,5,50,51,52,53,54,55,56,6,8,8
تغییرمسیر 52
تفاوت 56
تفصیلی 51,52,52
تفکیک 15,48
تقدیر 7
تقریباً 15,54,56
تقسیم 14,15,48,52,55
تلاش 52
تلاشی 51
تلسکوپ 56
تلفات 54
تلفن 14,48,49,5,50,51,52,53,54,55
تلفنی 52
تلقی 8
تمام 51,8
تمایل 52
تمدنی 52,52
تمرکز 52
تمیز 49
تناسب 8,8
تنها 52,52,52,52,54,55,56,8,8,8
تنهایی 2
تنوع 55
تهران 52
تهیه 49,49,50,52,7
توأماً 49
توان 48,52,54,55
توانایی 52,56
توجه 15,5,50,51,51,51,51,51,52,52,52,52,53,55,55,56,56,8
توجیهی 51
توخالی 55
تورچین 48
توری 54,54
توزیع 48,52
توسط 51,53,54,54,55,55,56,56,56,56,56,56,8,8,8
توسعه 48,48,8
توصیف 56
توصیفی 52,52,52,52
توضیح 52
تولید 51,51,52,54,54,54,54,54,54,54,8,8,8
تولیدکنندگان 55
تولیدی 54
توپی 54
تویی 54
تکامل 15,8,8,8
تکانه 56
تکانهٔ 56,56
تکتونیک 15
تکثیر 7,7,7
تکرار 51,52,8,8
تکراری 14,14,48
تکمیل 52,54,54
تکنیک 8
تیریک 50
تیزی 55
تیغه 55,55
ثابت 5,53,56,56,56,56,8
ثابتی 8
ثانویه 53
جابز 7,7,7
جازلین 48
جامد 56
جامدات 5
جامعه 52,52,52,52,8
جامعهٔ 50,50
جانبی 54,54
جانسون 56
جاکوب 15
جایگزین 49
جبری 5
جداشده 55
جدید 56,8
جدیدی 8
جرقه 55
جریان 54,54,54,54
جزئیات 14,48,49,5,50,51,52,52,53,54,55
جستارهای 15,5,50,51,54
جسمی 49
جعفر 54
جفتگیری 8
جلوگیری 49,54,54,54,54,8
جلوی 56,56
جمعیت 8,8,8,8
جمعیتی 52
جملاتی 52
جمله 15,50,53,7
جملهٔ 5
جمهوری 50
جنبشی 56
جنبهٔ 52,52
جنرال 55
جهان 15,51
جهانی 5,55,55,55,55,7
جهتی 56,56
جواب 52,8,8
جوشان 49
حاصل 54,54,54,8,8
حالت 15,49,5,5,5,5,50,50,52,55,55,56
حالتی 5
حالی 52,52,52,8
حباب 54,54,54,54
حدود 52,7,7,8
حرارت 49,49,49,54,54
حرارتی 15,48,54
حروف 8
حرکت 5,5,5,5,5,55,56,56,56
حساب 15,15,49,49,49,50,50,50,51,51,51,52,52,53,53,54,54,54,55,55,55,56,56,6,6,6
حسگر 56,56,56
حضور 15
حفاظت 53
حقوق 51,56
حقیقت 56
حلال 49,49,49,49
حلزونی 55
حلقه 56,56,56,56,56,56,56,56,56,56,56,56,56,56,56,56
حلقهٔ 56,56
حوزهٔ 52,52
حیاط 50
حیوانات 8
خاتمه 8,8
خارجی 56,56,56,56,56,56,56,56,56,56,56
خاستگاه 15
خاصی 8
خاصیت 8
خاطر 52,54
خاطرات 2
خالص 5,5
خالی 54
خاموش 54
خانه 50
خانوادهٔ 54
خانگی 55
خدمات 7,7
خدمت 51
خرابی 48
خرداد 50
خروج 55,8
خروجی 56,56
خصلت 8
خصوص 15,49,5,50,51,52,53,54,55,56,6
خصوصیات 50
خصوصیت 51,8
خلاصه 5
خلاف 54
خلاقانه 52
خمیر 55
خمیری 55
خواسته 52
خوانده 7
خواهد 49,52,52,52,55,8,8
خواهند 52
خواهید 8
خواهیم 8,8
خوبی 2
خودرو 49
خودش 56,56
خودکار 52
خودکارصفحه 56
خودکشی 50
خوردن 55,55,55
خوردگی 55
خورشید 15
خیابانی 54
دائم 54
داخل 54,55,55
داخلی 54,54,56,56,56,56,56
دادن 2,2,49,52,52,52,54,8,8
داده 15,48,48,48,49,5,50,51,52,52,52,53,54,55,56,56,6,8,8,8,8,8
دادید 52
داراست 56
دارای 14,14,15,48,48,48,48,48,5,5,50,50,51,51,51,51,52,52,52,53,54,54,54,54,55,55,55,55,56,56,6,8,8
دارد 15,15,49,5,50,51,51,52,52,52,52,52,53,54,54,54,55,56,56,56,56,56,56,56,6,8
دارند 15,49,55,55,56,8
داری 55
داشت 55
داشتن 52,56
داشتند 52,52
داشته 52,52,52,52,52,52,56,56,8
دانست 5
دانسته 5
دانش 15,15,15,15,52,52,54
دانشجو 52
دانشجویان 5,5,51
دانشمندان 48
دانشنامهٔ 15,15,49,49,5,50,50,51,51,52,52,53,53,54,54,55,55,56,56,6
دانشگاه 56
دانشی 15,15
دانلود 7
درآورد 54
دراری 55
درازای 15
دربارهٔ 15,15,15,15,48,48,48,48,49,49,49,5,5,5,5,5,50,50,50,50,51,52,52,52,53,54,54,54,55,55,56,6
درجات 49
درجه 49,49,49,54,54,54,56,56,56,56,56,56,8
درجهٔ 52,54
درخت 8,8
درست 52
درستی 51,52,56
درسی 5,55
درصد 7
درصدد 52
درمدل 8
دروس 5,5
درکنار 51
دریا 5
دریافت 50
دسامبر 14,48,50
دسترس 14,48,49,5,50,51,52,53,54,55
دسترسی 50,50,50
دستمزد 7
دسته 2,51,52,52
دستهٔ 55,55
دستورالعمل 8
دستگاه 49,50,55,55,55,55,55
دستی 55
دستیابی 15
دعوت 15,49,50,51,52,53,54,55,56,6
دقیق 52,56
دقیقتر 8
دقیقه 52,52,53,55,55,56
دلار 7,7
دلاری 7
دلایل 51
دلزدگی 52
دلسرد 2
دلیل 56,56,56,56,8
دلیلی 2
دمای 48
دمایی 54
دنبال 52,52,52
دنبالهٔ 52
دنیا 55
دهنده 52,52,8
دهندهٔ 56
دهندگان 52
دهنه 55
دهید 52,52
دوار 56
دوباره 52,54,8,8
دوتا 53
دوران 15,54
دوربین 50
دوره 15,2
دورهٔ 2
دوری 52
دوشاخ 54
دومین 8
دوّار 56
دوچرخه 54,54,54,54,56
دَوَران 56
دُرّ 54
دیدن 50,56
دیدگاهی 52
دیسک 50,54,54,56,56
دیگر 15,15,49,49,49,5,5,5,50,50,51,51,51,51,52,52,52,52,52,52,52,52,52,53,54,54,54,54,55,55,55,56,56,56,56,56,6,6,8,8,8,8
دیگران 55,55,55,55,55,55
دیگری 15,51,51,52,52,54
ذاتی 56
ذخیره 50,50
ذهنتان 52
رابطه 52
راحت 7
راحتی 52,53,55,7
رادکلیف 48
رادیو 56
راستا 56
راستای 15,56,56
راسل 15
راهکارهای 52
رایانش 14,48
رایانه 14,48,50,50
رایج 52,54
رایگان 7,7
رتبه 52
رجوع 52
رخداد 52
رسالهٔ 52
رساندن 51
رسانهٔ 50
رسمی 50
رسید 55
رشته 15,5,5,5,54,54,54,8,8
رشتهٔ 54,54,54
رضایت 7
رعایت 49
رفاه 49
رفتار 56,56
رفتاری 15
رفتن 52,54
رفته 54,56
رهنمون 52
روتور 56,56,56,56,56,56
روشن 54,8
روشنایی 54,54,54,54,54,54,54
روشی 7,8
روغن 49,49,49,49,49,49,49,49,49,49,49,54,54
روغنهای 49
روغنی 54,54
روند 52,52
روکش 54
رویدادهای 15,49,5,50,51,52,53,54,55,56,6
رویه 49
رویی 54
رکاب 54
رکود 2,2
ریاست 50
ریاضی 8
ریاضیدان 56
ریزتر 55,55
ریزی 52
زاویه 56
زاویهٔ 56
زبان 48,5,50,50,50,50,50,54,54,56,6,8
زحمات 7
زغال 54,54,55
زغالی 54,54
زمان 49,51,51,51,52,52,53,54,55,56,56,7,7
زمانی 5,50,51,52,53,56,56
زمین 15,53,56
زمینه 15,52
زمینهٔ 2,52,52,54
زندگی 52
زنون 54
زوایای 52
زودی 56
زیاد 49,52,55,55,55,56
زیادی 7,8
زیرا 52
سؤال 52,52,52,52,52,52,52,52
سؤالات 52,52,52,52,52
سؤالاتی 52,52,52
سؤالی 52,52
سابقاً 49
ساخت 15,49,49,5,50,51,52,53,54,55,55,56,56,6
ساختار 55,56,56,8
ساختاری 56
ساختمان 8,8
ساختمانی 5,51
ساختن 52
ساخته 53,54,55,55,55,56,56,56,56
ساده 55,55,8,8
سادگی 56
سازمان 14,48,49,5,50,51,51,52,53,54,55
سازه 5,5,5
سازی 1,8
ساطع 54
ساعت 14,48,49,5,50,51,52,53,54,55
سامان 52,52
سامانه 15,15,15,49,49,49,5,5,50,50,50,51,51,51,52,52,52,53,53,53,54,54,54,55,55,55,56,56,56,6,6,6
سانتیگراد 49
ساکن 5
سایر 49
سایز 55
سایزهای 55
ستون 53,53,53
سختی 52
سدهای 5
سراج 54
سرعت 5,55,55
سرعتش 55
سرنوشت 54
سرپوش 49,49
سریع 50,52
سطحی 55,56
سطوح 49,5,5
سلامت 15
سنجش 51
سندرز 48
سهامی 54
سهولت 52
سوخت 48,48
سوختن 54
سوختی 48
سوراخ 52,55
سوریانی 54,54
سوزاندن 54
سومین 8
سوگیری 52
سپتامبر 49
سکون 5,5,5,5,5
سیاست 52
سیاسی 15,52
سیال 56
سیاه 49
سیستم 2,5,5,5,5
سیمون 5
سیمی 54
شاخه 5,5,5
شامل 54,55,56,56
شانس 8,8
شاید 51,52,54
شایستهٔ 52
شبکه 48,48,52
شبیه 52
شتاب 5,56
شخصی 50,52
شخصیت 52,52
شدند 54
شرایط 49
شروع 8,8,8
شرکت 2,2,54,55,55
شستشو 53
شفاف 49
شماره 49,49,49,49
شناخت 52,52
شناخته 52,54,56
شورای 48
شوند 5,51,52,52,52,8
شونده 56
شوندهای 51
شوید 15,15,2,49,49,50,50,51,51,52,52,52,52,53,53,54,54,55,55,56,56,6,6
شکار 55
شیشهای 54
شیوهٔ 2
صابون 49,49,49
صحرایی 53
صدای 55
صرفنظر 56
صفات 8
صفجه 15,49,5,50,51,52,53,54,55,56,6
صفحات 50,52
صفحه 14,15,15,15,15,15,48,49,49,49,49,49,49,5,5,5,5,5,5,50,50,50,50,50,50,51,51,51,51,51,52,52,52,52,52,52,53,53,53,53,53,53,54,54,54,54,55,55,55,55,55,56,56,56,56,56,6,6,6,6
صفحهٔ 15,15,15,49,49,49,5,5,50,50,50,51,51,51,52,52,53,53,53,54,54,55,55,55,56,56,56,56,56,6,6,6
صنایع 51
صنعت 5,7,7
صنعتی 15,2,2,54
صورت 15,49,49,49,50,51,52,52,52,52,52,53,54,54,54,54,54,55,55,55,56,56,56,6,8,8,8,8,8,8
صورتی 52
صورتیکه 51
ضامن 54
ضخامت 55
ضربات 55
ضرورت 52,52
ضعیف 54,8
طبیعت 15
طبیعی 15,49
طراحی 48,51,51,52,56
طریق 50,50,50,52,52
طلایی 2
طناب 53
طوری 49,52
طوقه 54
طولانی 2,54
ظاهر 49
ظرفی 55
عباراتی 52,52
عبارت 15,49,50,51,52,52,53,54,55,56,56,6
عبارتند 1,5,52,55,8
عبور 52,54,54,54
عجین 15
عربی 54
عصبی 15
عظیم 15,5
علامتی 14,48,49,5,50,51,52,53,54,55
علاوه 49,52,53,54
علمی 15,15,15,15,15,15,5,52,52,52
علوم 14,14,15,48,48,48,48,5,5,5,50,50
عمدتاً 52
عمران 5,5
عمری 15
عملکرد 51,8
عملگر 8
عملگرهای 8
عملی 52,52,52
عمود 56,56,56,56
عمودی 54,55
عموماً 52,8
عمومی 49
عناصر 8,8,8
عنصر 56
عنوان 49,5,5,51,52,52,52,52,52,56,56,56,7,7,8,8,8,8,8
عهده 55
عیبهای 49
غذایی 55
غیرانتفاعی 14,48,49,5,50,51,52,53,54,55
غیرفرار 50
غیرقابل 49
غیرمجاز 7,7,7
غیره 52
فازهای 51
فاصله 56
فانوس 54
فاکس 50
فایده 52
فتیله 54
فراخوانی 14,14,48
فرانسوی 56
فرانسیس 15
فراهم 52,52,8
فراوان 52
فراگیران 2,2,2
فرایند 8,8,8,8
فرایندهای 51,8
فردی 8
فرزند 8,8,8
فرزندان 8,8
فرضیه 52
فرمول 8,8,8
فرمولی 8
فرهنگ 54
فرهنگی 15,15
فروش 7
فریدون 55
فشار 55
فشارهای 5
فشرده 53
فصول 52
فضاپیما 56
فعال 56
فعالیت 52
فلوئورسنت 54
فلورسنت 54,54
فناوری 15,52,52,56
فهرست 52
فهمی 52
فواید 52,52,52
فیزیک 15,48
فیزیکی 5
فیلتر 55
فیلم 50,50
قابل 15,48,49,49,49,49,5,50,50,50,51,51,51,51,52,52,52,52,52,53,53,53,54,54,55,55,56,56,56,6,8,8,8
قابلیت 48,48,49,49,49,49,56
قادر 7
قانونی 7,7
قبلی 8
قبول 52
قدرت 52,55
قدیم 54,54
قرار 2,49,51,52,52,52,52,54,55,56,56,56,56,8,8,8
قرارگیری 56
قسمت 49,52,55
قطعات 54,54,55,55
قطعه 55
قوطی 49,49
قویتر 8
قیطانی 53
قیطرانی 55
قیمت 55
قیمتی 55
لاتین 50
لازم 49,49,55
لامپ 54,54,54,54,54
لانولین 49
لانگمیر 54
لطفاً 15,49,51,52,52,53,53,55,56
لنگر 5,5
لنگرهای 5
لوازم 55,55,55,55,55,55,55
لولا 56,56,56
لوله 48
لویی 5
لکرک 15
لیتر 49
لیتیم 48
لیزری 56
لیست 8
مؤسسه 54
مؤلفه 5
ماتریا 15
ماده 15,49,49
مادیگرایی 15
مارس 50
مارپیچ 55
ماشین 56
ماشینی 5
مالیده 49,49
ماندگار 52
مانند 49,50,54,56
ماهیت 52,56
ماکزیمم 8,8,8,8
ماکس 15
مایع 49
مایلید 52
مباحثی 5
مبتنی 52
مبلغ 7
متال 54
متحرک 56
متخصص 55
متروک 49
متصل 15,49,5,50,51,52,53,54,55,56,56,56,6
متضرر 7
متعارف 8
متعدد 55
متعددی 52,52
متعلق 14,48,49,5,50,51,52,53,54,55
متغیرهایی 8
متفاوت 8
متفاوتی 55
متمایل 56
متمرکز 56
متناسب 49
متنی 52
متوجه 52,52
متوقف 8
متون 52
متکی 52
مثال 49,52,56
مثالی 56
مثلاً 5,8
مجازی 2
مجبوریم 8
مجموع 49,52
محاسباتی 48,48,48
محاسبه 50,52
محافظت 15,49
محتوای 15,49,49,5,50,51,52,52,53,53,54,55,56,6
محتویات 15,49,5,50,51,51,52,53,54,55,56,56,6
محدود 51,52,54,56
محدودیت 51
محسوب 5,55
محصول 51,51,51,53
محفظه 55
محققان 52,52
محلول 49,49,49,49
محلی 14,14,48,49,49,49,5,5,50,50,50,55,55,55,56,8,8,8,8,8
محمد 55
محور 5,52,56,56,56,56,56,56,56,56,56,56,56,56,56,56,56,56
محورش 56,56,56
محوری 56
محکم 53
محیط 15,15,15,50,51
مخارج 7
مخالف 5
مخترع 56
مخترعان 55
مختصات 56
مختصراً 8
مختلف 49,49,49,52,52,54
مختلفی 49,51
مخزن 15,49,5,5,50,51,52,53,54,55,56,6
مخصوص 53
مخصوصاً 7,8
مخلوط 49,49
مدار 48,55
مداوم 52
مدرن 15
مدیر 7
مدیرعامل 7
مدیریت 2,48,48,48,50,50,50,50,51,51,52
مدیریتی 51
مذاب 49
مراحل 51,52
مراکز 5,7
مربوط 52,52
مرتباً 49,49
مرتبط 5
مرجع 5,5,5,56
مرحله 51,8,8
مردم 50,7
مردی 50
مرغوبیت 49
مرور 52,52
مرورگر 50
مروری 52
مرکب 49
مرکز 5,56,56
مرگش 7
مسئله 52,52,7,8,8,8,8,8,8
مستقیم 50
مستقیماً 52
مستند 48,51
مسیح 15
مسیر 52
مشابه 14,14,48,49,49,49,5,50,50,50,55,55,56,8
مشاهده 15,15,15,48,48,48,48,5,5,50,50,52,52,52,54,54,55,8,8
مشاهدهٔ 56
مشتریان 52,7
مشخص 51,51,51,52,56,8
مشخصات 55,55
مشخصه 8,8
مشهور 50
مشکل 52
مشکلات 52,54
مشکوک 7
مشکی 49,49,49
مصاحبه 52
مصارف 49
مصالح 5,5,5
مصرف 54
مصنوعی 48,54,54
مصوب 50
مصوّب 50
مطابق 15,51
مطالب 15,49,52,53,55
مطالعات 15,5,52,52,52,52,52,52,52,52
مطالعه 15,5,52,52,52,52
مطالعهٔ 5,52,52,52,52,52
مطمئن 2,52,52,7
مطیع 55
معادل 52,8
معادلش 56
معاملات 2
معتقدیم 8
معدن 5,56
معرض 56
معرفتی 52
معرفی 54,56
معلق 56
معمول 52,8
معمولاً 49,55,8
معمولی 55,56
معنای 7
معنی 52
معین 51,51,54
معینی 54,54
مغناطیسی 50,55,56
مفهوم 5,51,51,56
مقادیر 49
مقاله 15,15,51,51,52,53,55,55,56,56
مقاوت 5
مقاومت 5,5,56,56,56
مقبول 52
مقدار 49,49,56,8,8
مقدارش 55
مقدماتی 52
مقدمه 52
مقیاسی 52
ملاک 8
ملایم 49
ملتهب 54
ممنوع 54,54,54,55,55
ممکن 15,49,51,52,52,53,54,54,55,56,56,56,8,8
منابع 49,51,52,53,54,54,54,54
مناسب 49,49,51,52,53,54,54,55,56,8,8,8
مناسبی 49,52,8
مناطق 15
منبع 49,53,54
منتقل 50,50
منجر 7,8
منحنی 8
مندرج 52
منزل 50
منطق 52
منطقه 52
منطقی 48,52,52
منظور 15,49,49,51,51,51,52,53,54,7
منعکس 52
منفی 52
منقسم 15
مهم 55
مهمی 50
مهندسی 5,5,5,5,5,5,5,5,5,5,51
مهیا 52
مواجه 7
مواد 49,49,49,49,5,5
موارد 49,50,51,51,52
مواردی 7
موتور 55,55,55,55,55,55,55,55,55,8
موتورز 55
موتورهای 56
موجب 49,54,54,56
موجود 49,5,50,52,52,52,52,55,55
مورد 15,49,5,5,51,52,52,52,52,52,52,52,52,52,52,52,52,52,52,52,52,53,56,56,8,8,8,8,8
موزه 56
موسوم 5
موسیقی 7,7
موشی 54
موضوع 2,52,52,52
موضوعات 51,52,52,52
موضوعاتی 52
موضوعی 52,52
موفقیت 5,5
موقتی 51,51,51
موقعیت 51,56,56
مَردَنگی 54
مکان 5
مکانیک 15,15,5,5,5,5,5,5,5,5,5,5,56
مکانیکی 5,55,56,56,56,56
مکتوباتی 15
مکلف 5
میان 15,8
میانهٔ 54
میزان 55,55
میلاد 15
میلادی 54,54,54,54,54,54,54
میله 53,55
میلهٔ 55
میلیون 7
مینیمم 8
میکرو 2
میکروبی 15,15
نئون 54
نادرست 52
نادرستی 51
نازک 54
ناشناس 55
ناشی 2
نامطلوبی 49
نامناسب 2
ناموفق 56
نانو 48
ناچیز 56
ناگزیر 52
نباتی 49,54
نباشد 52
نباید 55
نبود 52
نتایج 52,52,8,8
نتیجه 5,51,52,52,52,54,8
نجات 2
نجفی 52
نحوهٔ 55
نخستین 54
نخواهیم 15,48
نداده 5
نداشتند 52
نزدیک 49,54,8
نسبت 52,55,55,56
نسبی 5,5,5
نسبیت 15,15,5
نسخه 15,49,5,50,51,52,53,54,55,56,6
نسوز 55,55
نشان 52,52,56,56,8,8,8,8
نشانی 15,48,49,49,50,51,52,53,54,55,56,6,6
نشده 52
نظامی 56
نظرات 52
نظرسنجی 2
نظری 15
نظریه 15
نظیر 52,52,7,7
نفتی 54,54,54,54
نفوذ 53
نقاط 15,51,54
نقطه 8,8,8,8,8,8,8
نقطهٔ 15,54,56
نمائید 49
نمایش 50,8,8,8
نماینده 52
نمودار 52
نمودن 52,52,52
نموده 49,49,49
نمونه 51
نهایی 52,52,8
نوآوری 15,52
نوار 15,49,50,51,52,53,54,55,56,6
نوامبر 54,54
نورث 15,48
نوری 54,54,54
نوسان 56,56,56
نوشت 56
نوشتار 15,49,53
نوشته 52
نوعی 53,54,54
نولید 54
نوپدید 48
نوین 15,15
نکته 8,8,8
نکردن 2
نگاه 52,56
نگاهداری 49
نگهدارنده 54,54,54
نگهداری 48,48,53,56
نیاز 15,52,52,52,52,52,52,53,55
نیازمند 15,51,51,51,51,52,52,52,52,53,53,53,54,54,54,54,55,55,56,56
نیازهای 52,52
نیازی 54
نیتروبنزن 49
نیرو 5,56
نیروهای 5,5
نیروی 5,56,56,56
نیرویی 5,5,5
نیست 15,49,50,51,52,53,54,55,56,6
نیستند 50,56
نیوتونی 5
هاست 52
هانت 15,15
هاون 55
هاونگ 55
هجدهم 54
هجوم 7
هدایای 7
هدایت 48,48,54,55,56,56
هدفی 52
هرچند 15,49,50,51,52,53,54,55,56,6
هزینه 51,51,51
هستند 5,51,52,53,54,55,55,8,8
هستید 52
هشدار 52
هلیکوپترهای 56
همان 5,51,54,56,56
همانند 54
هماهنگ 5
همجوشی 48,48
همراه 15,48,48,51,51,52,52,53,56,56,56
همهٔ 15,15,2,49,49,5,5,50,50,51,51,51,52,52,53,53,54,54,55,55,56,56,6,6
هموزن 49
همچنین 14,2,48,53,56,56
همچون 51
همیشه 56,56,56
همین 15,2,49,50,51,52,53,54,54,55,56,6
هنوز 54
هنگام 49,5
هنگامی 52
هواپیما 56,56
هوای 48,48,53
هوشمند 48,52,8,8
هوشمندانه 52
هوشمندی 55
هوشیارانه 52
هولست 48
هیأت 52
هیدرو 5
واجد 52
واحد 48,48
واحدهای 5
واحدی 51
واداشت 55
وارد 15,15,15,49,49,49,49,49,5,5,5,50,50,50,51,51,51,52,52,52,53,53,53,54,54,54,54,55,55,55,55,55,55,55,56,56,56,56,6,6,6
وارده 5,5
وارفیلد 48
وارویک 48
واضح 52,52
واقع 56
واقعاً 52
واقعه 52
واقعیت 50
والتر 15
والد 8
والف 54
واژه 54
واژهٔ 5,50,54
واژگان 48,5,5,50,50,50,56,6
واکس 49,49,49,49,49,49,49,49,49,49,49,49,49,49,49,49
وایلدن 48
وبار 5
وببین 50
وبگاه 50,50
وبینار 2
وتحت 56
وجود 15,15,15,15,15,15,15,15,15,15,15,15,15,15,15,15,15,15,15,15,15,15,15,15,15,15,15,15,15,15,15,15,15,15,15,15,15,15,15,2,2,2,2,2,2,2,2,2,2,2,2,2,2,2,48,48,48,48,48,48,48,48,48,48,48,48,48,48,48,48,48,48,48,48,48,48,48,48,48,48,48,48,48,48,48,48,48,48,48,48,48,48,48,48,48,48,48,48,48,48,48,48,48,48,48,48,48,48,48,48,48,48,48,48,48,48,48,48,48,48,48,48,49,5,5,5,5,5,5,50,50,51,51,52,52,52,52,52,52,52,52,52,52,52,52,52,52,52,52,52,52,53,53,54,54,54,54,54,54,54,54,54,54,54,54,54,54,54,54,54,54,54,54,54,54,54,54,54,54,54,54,54,54,54,54,56,56,56,56,56,56,7,8,8,8,8,8,8,8
ورود 2,5,55
ورودی 50,50,56
وسایل 53,55,56,56
وسایلی 55
وسیله 49,55,55,56,56,56,56,56
وسیلهٔ 56
وصنایع 5
وضعیت 55,56
وضوح 48
وظیفهٔ 55
وقایع 15,15,52
وقوع 15
ولتاژ 55
وهلهٔ 52
ویدئویی 2
ویرایش 14,15,15,15,48,48,48,48,48,49,5,5,5,50,50,50,51,52,52,52,53,53,54,54,54,55
ویلهلم 15,15,48,48
ویژه 15,49,5,50,51,51,52,52,53,54,55,56,6,8
ویژگی 52
ویکرز 48
ویکی 15,49,5,50,51,52,53,54,55,56,6
پاداشی 7
پارافین 49
پارامتر 48,8
پارسی 54,54
پاسخ 52,52,52,52,52,52,52,52,52,52,56,7
پاسخگو 52,52
پانزده 52
پایان 2,49,51,51,52,54
پایدار 15,49,5,50,51,52,53,54,55,56,6
پایدارسازی 56
پایداری 5
پایه 52,52,56,8
پایین 52
پتاسیم 49,49,49,49
پدید 54
پذیرش 53
پرتاب 48
پرتو 50
پرداخت 7
پرداخته 52,52
پردازش 48,48,48,50,50
پرسش 52,52
پرسشنامه 52,52,52,52
پرسشی 52
پرسیدن 52,52,52
پرسیده 52
پرنده 48,56
پرهیز 52,52
پروژه 51,51,51,51,51,51,51,51,51,51,51,51,51,51,51,52,52
پروژکتوری 54
پریدن 52
پزشکی 48,48
پستی 52
پشتیبانی 48
پنجرهٔ 55
پودر 49
پودرهای 54
پودری 54
پوشش 53
پوشیده 54
پُرسرعتی 56
پژوهش 52,52,52,52,52,52,52,52,52,52,52,52,52,52,52
پژوهشگر 52,52
پژوهشی 52
پیامی 54,54
پیتز 48
پیدا 52,8,8
پیداکند 7
پیرامون 15,15,15,49,49,49,5,5,50,50,50,51,51,51,52,52,52,52,52,53,53,53,54,54,54,55,55,55,56,56,56,6,6,6
پیشرفت 15
پیشنهاد 56
پیشین 15,2,49,5,50,51,52,52,53,54,55,56
پیشینه 15
پیمان 51
پیوسته 54
پیوند 14,14,14,14,15,15,15,48,49,49,49,49,49,49,5,5,5,5,5,5,50,50,50,50,51,51,51,52,52,53,53,53,53,54,54,54,54,55,55,55,55,55,56,56,56,6,6,6
پیوندهای 15,49,5,50,51,52,54,55,56,6
پیچیده 52
پیچیدگی 48,48
پیکربندی 48
چادر 53,53,53,53,53
چادر_ستون_بادی 53
چالش 49,53,7
چراغ 54,54,54,54,54,54,54,54,54,54,54
چرایی 15,52
چربی 49
چرخ_گوشت 55
چرخان 56
چرخاندن 55
چرخانه 56,56
چرخش 56,56,56,56,56,56,56,56,56,56,56,56,56
چرخشنما 56
چرخنده 56,56,56
چرخیدن 56
چرمی 49
چقدر 56
چنانچه 49,49,8
چندین 8,8
چهار 15,52
چهارم 52
چگونه 15,52,52,52,52
چگونگی 15,15,49,5,50,51,52,52,53,54,55,56,56,6
چیدمان 51,56
چیزی 52,52
ژئوتکنیک 2
ژانویهٔ 52
ژاپن 55
ژنتیک 15,8,8,8,8,8,8,8,8,8,8,8,8
ژنتیکی 8,8,8
ژنوم 15
ژوئن 5
ژیروسکوپ 56,56,56,56,56,56
ژیروسکوپی 56,56
کاربر 8
کاربران 7
کاربرد 49,5,5,52,52,56,8
کاربردی 50,50,52,52,52
کاربری 15,15,49,49,50,50,51,51,52,52,53,53,54,54,55,55,56,56,6,6
کارخانه 54
کارنوبا 49,49,49
کارگاه 55,55,55,55,55,55,55
کاری 2,2,52,52,52,54,56
کافی 49,52,56
کامل 15,52,55
کاملاً 53
کامپیوتر 48,50,8
کاندید 8
کاندیدهای 8
کاهش 54,54,7
کتاب 52,7
کتابخانه 48
کتابداری 15
کدام 52,52
کربنات 49,49
کردن 1,15,49,49,49,49,50,50,51,52,52,52,52,52,52,52,53,53,54,54,55,55,55,56,6,8,8,8,8,8,8
کردند 56
کردنشان 55
کرده 51,52,56,8
کرمانشاهی 52
کرهٔ 56
کروموزوم 8,8
کسانی 52
کشتی 2
کشور 2,52,55,55
کشید 15,55
کشیده 49,53
کلاً 8
کلرک 15
کلکتور 55
کلیهٔ 5
کمتر 52,53,8
کمینه 56
کنار 49,8
کناری 15,49,50,51,52,53,54,55,56,6
کنترل 48,56
کنفرانس 50
کنند 7
کنید 2,2,49,49,51,52,52,52,52,56
کنیم 15,52,8,8,8,8
کوانتوم 15,2
کوبیدن 55
کوتاه 53
کوتاهی 56
کوشش 52
کولد 15
کوچک 8,8
کوچکی 50,54
کوین 50
کیفی 52
کیفیت 51
کیفیتی 51
کیلو 49,49,49,49,49
گازهای 54
گازی 54,54,54
گاهی 51,52
گذاری 52
گذاشته 8
گذراندن 5
گذرانده 5
گذرگاه 50
گذشت 54,55,8
گذشته 52
گرافیکی 50
گران 52
گرانش 5
گرانی 49
گرفت 54
گرفته 52,52,54,54,54,56,8,8
گرما 54
گروه 52
گرچه 15,49,50,51,52,53,54,55,56,6
گریز 5
گریس 55,55
گریپاژ 55
گزارش 15,52,52
گزارشی 52
گزینه 52
گسترده 54,55,55
گسترش 52,54
گسیل 48,50
گشاد 55
گشتاور 5,55,56,56,56
گشته 53
گفتاوردهای 52
گفته 49,51,54,8
گفتگوهای 50
گنجینه 52
گوستاو 48
گوشت 55,55,55,55,55,55,55,55,55,55,55,55,55,55,55,55,55,55
گوناگون 14,48
گوگرد 54
گیاهان 15
گیربکس 55,55
گیرندگان 52
گیلرد 15
یادکرد 15,49,49,5,50,51,52,53,53,54,55,56,6
یافت 52,52,8,8
یافتن 52,52,52
یافته 54
یدور 54
یعنی 5,55
یوزف 15,15,48,48
یونان 15
یونیانیان 15
یونیزه 54
یکبار 51
یکدیگر 8
یکسان 56
یکسری 8
یکپارچه 48
