آبان 56,56
آرامی 56,56
آرشیو 58
آرگومان 60
آزاد 56,56,56,56
آزمایش 58,58
آزمون 60,60
آسان 58,60,7
آسیب 58
آشنا 59,60
آشکار 60
آغاز 16,58,58,58,58
آغشته 58
آفریقایی 58
آقایان 58
آقایانی 58
آلات 6
آلتو 7,7
آلمانی 58,58
آمار 58,60
آماری 60,60,60,60
آمدن 58
آمده 58
آمریکا 58,58,58,59
آمریکایی 56,7,7
آموزش 2,2,2,2,2,2,60,60
آموزشی 60,60,60,60,60
آمیختن 1
آمیزش 58,58,58,58,58
آمیزشی 58,58,58
آنان 2,2
آنقدر 59
آنچه 6,6,60,7
آنکه 60,60,8
آهنگ 7
آوردن 60
آوریل 56,58,59,7
آگاهانه 8,8
آگاهی 1,15
آیتم 16,57,58,59,60,7
آیدین 60,60
آیند 56
آینده 60
آیندهٔ 16
ابتدا 60,8,8
ابتلا 58,58,58
ابداع 58
ابریشمی 58
ابزار 56,58
اتاق 60
اتخاذ 60
اتصال 8
اتفاق 56,8,8,8,8
اتفاقی 8
اتیوپی 58
اثربخشی 58,58
اثرهایِ 16
اجازه 60,7
اجباری 1,16,57,58,59,60,7
اجتماع 8
اجتماعی 15,6,6,6,60,60,60,7
اجرای 6,8,8
اجرایی 7
اجسام 58,59
احتمال 58,58,58,58,58,58,58,60,8,8
احتمالا 60
احتمالاً 56,58,60
احساس 58
اختصاص 60
اختلاف 59,7
اختلال 58
اختیار 60
اختیارشان 58
اختیاری 16,57,58,59,60,7
اخیر 16,16,57,57,58,58,59,59,60,60,7,7
ادامه 56,59
ادامهٔ 8
ادعا 58,58,58
ادغام 58
ارائه 60,60,60,60,60,60,8
ارتباط 58,58,60,60
ارتباطی 59
ارتش 58
ارتعاش 56
ارجاع 57,57
ارجاعات 58,58,58
ارزان 58,58
ارزش 1,58
ارسال 1
ارشد 7,7,7,7
ارقام 8
اروپا 58,59
اروپایی 58
ارگاسم 58
ارین 7
ازای 60
اساس 56,6,60,60,60
اساسی 56,8,8
اسباب 56,56
استاتیکی 56
استادِ 16
استاندارد 56,58,58,58,58,6,6,6,6,6,6,6,6,6,60,60
استانداردهای 58,6,6,6
استخراج 60
استخوان 58
استعفا 7
استعفای 7
استفاده 16,16,16,56,56,56,56,56,57,57,58,58,58,58,58,58,58,58,58,58,58,58,58,58,58,58,58,58,58,58,58,58,58,58,58,58,58,58,58,58,58,58,58,58,58,58,58,58,58,58,58,58,58,58,58,58,58,58,59,59,6,6,6,60,60,60,60,60,60,60,60,60,60,60,60,60,60,60,60,60,60,60,60,60,7,8,8,8
استفادهٔ 58
استقبال 58
استنباط 60
استوایی 58
استودیوهای 7
استیو_جابز 7
اسلامی 58
اسلاوی 15
اسپرم 58,58,58
اشاره 58,58,58,60
اشتباه 60
اشتیاقِ 16
اشمیت 58
اشکال 56
اصطلاح 60
اصطکاک 56,56
اصلی 1,16,57,58,58,58,59,60,60,7
اصول 56,60
اضافه 58
اضافی 59
اضطراری 58
اطلاعات 1,1,16,57,58,59,60,60,60,60,7,7,7
اطلاعاتی 60
اطمینان 58
اعتبارسنجی 60
اعداد 60,8
اعدادی 8
اعصاب 58,58
اعضای 8
اعلام 2,58,58,59,7
اعمال 60
اغلب 58,8
افتادن 56,60
افتراقی 60,60
افراد 58,58,58,58,60
افرادی 58,58
افزاری 60
افزایش 16,56,58,58,58,59,60,8,8
افزایشِ 16
افزودن 58
افزوده 58
افسردگی 58
افقی 56,56,56
اقتصادی 6
اقدام 7
البته 6,60,60,8,8
التهابی 58
الزامی 58
الفبا 58
الکتروتکنیک 6
الکتروتکنیکی 6
الکترونیکی 2,2,7
الگو 15,15,15,15,15,2,56,56,58,58,58,58,58,59,59,59,60,60,60,60,60,60,60
الگوریتم 60,60,60,60,60,60,8,8,8,8,8,8,8,8
الگوریتمهای 60
الگوهای 60
الگوی 59,59,60
امتیازات 8
امروز 56,60
امروزه 56,58
امروزیِ 16
امنیت 60
امور 6,6,6,7
امپراتوری 15,15,15,15
امکان 16,57,58,58,58,59,60,7
امکانپذیر 58
امید 60
امین 60
انتخاب 58,58,60,60,60,7,8,8,8,8,8,8,8,8,8,8,8,8
انتخابی 58,58
انتظار 56
انتقادات 7
انتقال 58,58,58,58,58,58,58,59,59,59,8,8,8
انتقالِ 16
انتهای 58
انجام 16,57,58,59,59,60,60,60,60,60,60,60,60,60,7
انجمن 58,58,6
اندازه 6,6
اندازهٔ 56,56
اندام 58
اندود 58
اندک 60
اندکی 58
اندیس 60
انرژی 59,59,59
انزال 58,58
انزالی 58
انسان 16,16,60,60,8
انسانگرایی 15
انسانی 16,60
انظار 58
انقضاء 58
انقضای 58
انقلابی 58
انواع 58,58,60,60,60,60
انگیزه 2
انگیزهٔ 2
انیمیشن 59
اهداف 60
اواخر 15,58,58,58,59
اوایل 59
اولین 56,56,56,7
اولیه 58,60,60,60,60,60,60,8,8,8,8,8
اولیهٔ 16
اوکاموتو 58
اکتبر 7,7
اکتشافی 60
اگرچه 56,58
ایالات 58,58,7,7,7,7,7,7,7,7,7,7,7
ایتالیایی 58
ایجاد 58,58,58,59,59,59,6,60,60,60,60
ایدئال 2
ایدز 58,58
ایده 16,56,60,8,8,8
ایدهٔ 16
ایران 58,58,58,58,58,58,58,58,6
ایمیل 60
اینترنتی 60
اینجا 7,7,8
ایندیانا 56
اینرسی 56
اینستاگرام 60,60
اینکار 8
اینکه 56,58,60,8,8
اینگونه 58
باخود 58
بادی 59
بارداری 58,58,58,58,58,58,58,58,58,58,58,58,58,58
بازار 58,7
بازبینی 7
بازی 56,56,60,60
بازیافت 7,7,7
باستان 15
باشد 56,56,56,58,58,58,60,60,60,8,8,8
باشید 56,60
باعث 56,58,58,58,58,58,60,8,8
باعثِ 16
باقی 56,58,58
بالا 56,56,56,58,58,58,58,58,58,58,59,59,60,60,60,60
بالاتر 59
بالاتری 58
بالایی 2
بالستیک 56
بالقوهٔ 16
باور 58,58
باید 58,58,58,58,58,58,58,58,58,58,58,58,58,58,58,6,60,60,60,60,7,8,8,8,8
بایستی 58
بایکدیگر 59
ببیند 60
بتوان 16,8
بتواند 60,60,60,8,8,8
بتوانند 60
بخار 59
بخشی 56,60
بخشیدن 58
بخواهند 60
بخورد 56
بداند 60
بدانید 2
بدست 60,60
بدون 1,2,2,57,57,57,58,58,58,58,58,58,58,59,60,60,60,60,60,60,60,60,60,60,60,60,60
بدیهیست 8
بر 58
برآورد 60
برابر 6,60
برازش 8,8,8,8,8,8,8,8
برازندگی 8
براساس 60
برانگیخته 16
برای 15,16,2,2,56,56,56,56,56,56,56,56,56,56,57,57,57,58,58,58,58,58,58,58,58,58,58,58,58,58,58,58,58,58,58,58,58,58,59,59,59,59,6,6,6,6,6,60,60,60,60,60,60,60,60,60,60,60,60,60,60,60,60,60,60,60,60,60,60,60,60,60,7,7,7,7,8,8,8,8,8,8,8,8,8,8,8,8,8,8,8
برایشان 58
برتر 7
برخلاف 60,60
برخور 59
برخورد 58,8,8,8
برخوردهای 8
برخی 2,58,58,58,58,58,58,60,8
بردار 56,56,60,60
بردارهای 56
بردن 1,58,58
برسد 7
برطبق 57
برعکس 58
برفراز 7
برلین 15
برنامه 60,60,60,60
برنامهٔ 58
برند 58,58,58,58,58
برندهای 58
برهنگی 58
برچسب 60,60
برچسبی 60
برگرداند 60
برگزار 7
برگزاری 7
برگزیده 7,7
بریتانیایی 16
بزرگ 56,57,58
بزرگی 8
بسازید 16,57,58,59,60,7
بسته 56
بسیار 58,58,58,58,58,58,58,6,60,8,8,8,8
بسیاری 16,56,58,58,58,60,60,60
بشدت 58
بشریت 16
بشنود 60
بعداً 56
بعدی 60,60,8,8,8
بعضی 58,59,59,60,8
بعنوان 60,60
بلافاصله 58,58
بلافصل 60
بلند 60
بلندتر 58
بلندگوهایی 60
بلکه 60,60
بماند 58
بنابراین 56,56,58,7,8
بندی 60
بنگلادش 58
بنیادین 59,59
بنیادینِ 16
به 60,60,60,60,60
بهبود 58,60,60,60,60
بهتان 60
بهتر 8
بهتری 60
بهداشت 58,58,58,58,58,58,58,6
بهداشتی 58,58,58,6
بهرهٔ 60
بهمن 59
بهینه 60,60,60
بودن 58,60
بودند 58,58,58
بودنِ 16
بوده 2,58
بوسیلهٔ 8,8
بویژه 6
بچرخد 56,56
بکار 8
بکشد 60
بکنید 60
بگوید 60
بگویید 60
بگوییم 60
بگیرد 6,60
بیاورند 60
بیرون 57
بیزانس 15
بیستم 56
بیش 58
بیشتر 15,16,2,56,56,57,57,58,58,58,58,58,58,59,59,59,59,6,60,60,7,7,7,8,8,8,8
بیشتری 58,58,60,60,8,8
بیشینه 60
بیفتدو 58
بیلی 16
بیماری 58,58,58,58,60
بینایی 60
بینی 60
تأثیرِ 16
تأثیری 58
تأخیر 58,58
تأسیس 58,58,58,58,58,7,7
تأمین 56,58,59
تأیید 58,58,58,58
تئوری 60,60
تابش 59
تابع 60,60,8,8,8
تابعی 60,8
تاریخ 15,15,58,58,58
تاریخچه 58,59
تاریخی 15
تازه 58
تازگی 60,60
تالار 7
تبادل 8
تبدیل 16,58
تبعیض 58
تبلیغ 58
تجارب 60
تجاری 15,2,56,57,58,59,6
تجربه 58,58
تجزیه 60,60
تجمعی 8
تجهیزات 58
تحتِ 16
تحریک 58,58,58,58
تحقیق 15,60
تحلیل 60,60
تحول 15,58,59
تخفیف 58
تدریج 60
تدریس 2
تدوین 6,6
ترابری 56
ترابشریت 16,16,16,16
تراگذشته 16
ترتیب 56,58,58
ترجمه 60
ترشحات 58,58
ترشحاتی 58
ترغیب 7
ترکیب 56,8,8,8
ترکیبی 58,60,60,60
تریکومونا 58
تزریقی 58
تسلط 60
تشخیص 60,60,60,60,60,60,60
تشخیصی 60
تشویق 58,60,60
تشکیل 58
تشکیلاتی 6
تصاحب 58
تصادف 8
تصادفی 16,57,58,59,60,60,60,60,60,7,8,8,8,8,8,8
تصاویر 16,57,58,58,59,60,60,7
تصمیم 60,7
تصور 59
تصویب 58
تصویر 60,60,60,60,7,7
تصویری 60
تعادل 59
تعالی 16
تعاملات 60
تعداد 60,8,8,8,8,8
تعدادی 60
تعریف 60
تعلیق 56
تعیین 56,6,6,60,8
تغییر 56,59,8,8
تغییرات 16,57,58,59,60,7,7
تغییرهایِ 16
تفاضلی 56,56,56
تفاوت 58,58,60,60
تفکیک 8
تقابلات 60
تقریبا 60,60
تقریباً 56
تقریبی 60
تقسیم 6,60,60
تقویتی 60,60,60,60,60,60,60,60
تلاش 56,60,60
تلفن 15,2,56,57,58,59,6
تلوسکوپ 56
تماس 58,58,58,58,58,59,59
تمام 56,58,58,58,6,60
تمامی 58,58,8,8,8
تمایل 58,58
تمدن 58
تمیز 60
تناسب 8
تناسلی 58,58,58,58,58,58
تنبیه 60,60,60,60
تنظیم 58,60
تنها 58,58,58,58,58,58,60,60,60,60,60,7
تنوع 58
تهدید 8
تهیه 58,58,6,6,6,6
تهیهٔ 58
توابع 60,60,60
توان 58,59,59
توانایی 60
تواند 60
توجه 2,56,58,58,58,6,60,60,60,60
توجیه 59
توزیع 60,60
توسط 56,56,56,56,56,58,58,58,58,58,58,58,58,58,58,6,6,6,6,6,60,60,60,60,8,8,8
توسطِ 16
توسعه 56,58,60,60,60
توصیف 56
توصیه 58,58,58,58
توضیح 56,8
تولید 56,56,58,58,58,58,58,58,58,58,58,59,60,8,8,8,8,8,8
تولیدش 56
تولیدکنندهٔ 56
تولیدکنندگان 58,58
تولیدی 60
تکراری 60
تکنولوژی 56,60
تکنیک 60
تکینگی 16
تکیه 56,56,56
تگزاس 58
ثابت 56
جابجا 59
جابجایی 57
جابز 7,7,7,7,7,7,7,7,7,7,7,7,7
جادویی 60
جاذبه 56,56
جاسازی 60
جامد 56
جامعه 6,8,8
جانبی 7
جایگزینی 56
جداسازی 60
جداگانه 60
جدید 60,60,60,60,60,60,8,8
جدیدی 58,58,58,60,60,60,60
جزئی 60
جزئیات 15,2,56,57,58,59,6,7
جستارهای 56,58,59,6,60
جستجوی 60,8,8
جسمی 16,59
جعبه 56,7
جعبهٔ 60
جلدی 58
جلسه 7
جلوگیری 58,58,58,58,58,58,58,58,58,58,8
جلوی 58,58,60,8
جمعی 60
جمعیت 58,58
جمعیتی 7
جمله 56,58,60
جمهوری 58,58
جنبش 16
جنبشِ 16
جندلی 7
جنسی 58,58,58,58,58,58,58,58,58,58,58,58,58,58,58,58,58,58,58,58,58,58,58,58,58,58,58,58,58,58
جهان 16
جهانی 15,7
جهانیِ 16
جهتگیری 56
جهشی 8
جواب 8,8,8,8,8
جوابگوی 8
جوابگویی 60
جوانان 2
جوشکاری 6
جویی 60
حاصل 16
حاضر 56,58
حالات 8,8
حالت 56,56,58,58,60,60,60,60,60,8,8,8,8,8,8
حالتی 60,60
حالی 58,8
حالیکه 16
حاملان 58
حاوی 58,60
حداقل 16,56,8,8
حدود 58,6,7
حرارت 58
حرارتی 59,59
حرکت 56,56,59,59,60
حریف 60
حساب 16,16,16,57,57,58,58,58,59,59,60,60,60,7,7
حساس 58
حساسیت 58,58,58,58,58
حسگر 56
حفاظ 58
حلقه 56,58,58
حیات 2
حیوانات 58
خاتمه 58
خارج 58,58,60
خارجی 56,56
خاردار 58,58
خارش 58
خاصیت 56,58
خاطر 56,8
خالق 7
خالی 58,8
خاندان 15
خانه 57,60,8
خانهٔ 8
خانواده 58
خبرگزاری 58
خدمات 58,6
خراب 7
خرابی 60
خرناسه 60,60
خروج 58
خروجی 60,60,60,60,60,60,60,60,60,60,60,60,60,60
خرید 58
خریدار 58
خریداران 58
خریداری 58,58
خریدی 7
خسته 2
خشونت 58,58
خشکی 58
خصوص 16,57,58,59,60,7
خصوصیات 8,8,8
خصوصیت 8
خطرهایِ 16
خلاص 60
خلاف 56
خلاقانه 7
خلیج 7,7
خواب 60
خواص 56,59
خواندن 7
خوانده 16
خواهد 56,58,60,60,60,7,8
خواهید 60
خواهیم 8
خوبی 58,59,59,8
خودداری 58,58
خودران 60
خودش 60
خودشان 16
خودپرهیز 60
خودکار 58,60
خودی 60
خوردن 58
خورشید 59
خوشایند 16
خیابان 56
خیالی 16
خیسانده 58
خیلی 58
داخل 56,56,58,58,58,58
داخلش 56
دادن 16,56,59
داده 16,56,56,57,58,58,58,59,60,60,60,60,60,60,60,60,7,8
دادیم 8
دارا 58
دارانی 58
دارای 15,15,16,2,56,56,58,58,58,58,58,58,58,58,58,58,59,59,59,6,6,6,6,60,60,7,7,7,8,8,8
دارد 16,56,57,57,58,58,58,58,58,58,59,59,60,60,60,60,7,8
دارند 56,58,58,58,58,58,58,58,58,58,59,60,8,8,8
داروی 58
دارویی 58,58,58
داشت 58,59,60,8
داشتن 58,58,6,60
داشتند 58,58
داشته 56,58,58,60,60,8
دامنه 6
دانست 59
دانش 60,60
دانشجویان 58
دانشمندانی 59
دانشمندی 8
دانشنامه 6
دانشنامهٔ 16,16,57,57,58,58,59,59,6,60,60,7,7
دانشگاه 58,60,60
دانه 58
دراثر 59
دراز 58,58
دراین 59
دربارهٔ 15,15,15,16,16,16,56,56,57,57,58,58,58,58,58,58,58,59,59,59,59,59,60,60,60,60,7
درخت 60
درختانی 58
درست 58,58,58,58
درصد 58,58,58,58,58
درمان 58
درمانی 58
درون 60
درگذشتهٔ 7
درگیر 60
دریافت 58,60,60
دریافتند 56
دریایی 56
دریم 58
دریچه 56
دزدی 7
دسامبر 2,56,59,6
دسترس 15,16,2,56,57,58,58,59,6
دسترسی 58,58,58,60
دستمزد 2
دسته 58,60,60,60,60
دستهٔ 58
دستور 60,60,60,60
دستگاه 58,58,59,60
دستگی 15
دشوار 60
دشوارتر 58
دشواری 58
دعوت 16,57,58,59,60,7
دفعهٔ 60
دقیق 56,60,60
دلار 58
دلایلی 58
دلیل 56,56,56,58,58,58,58,60,60,7
دلیلی 58
دماهای 59
دمای 56,56,59,59,59,59
دنبال 60
دنیا 58,58,58
دنیای 2,60,60,60
دهانه 56,58,58,58,58
دهند 16,7
دهنده 56
دهندهٔ 58
دههٔ 16,16
دهید 60,60
دوباره 58,58,58
دوران 58
دوربینی 60
دورتان 60
دوره 2,2,58,60
دورهٔ 2,2
دوری 60
دوستان 60
دوستش 7
دولت 58
دولتی 58
دومین 8
دوپا 60
دوچرخه 56
دپات 58
دچار 58
دیجیتالی 7,7
دیدن 60
دیدنش 60
دیده 60,60,60
دیدیم 8
دیواره 58
دیکشنری 60,60,60,60,60,60,60,60
دیگر 1,16,16,2,56,56,56,56,57,57,58,58,58,58,58,58,58,58,58,58,59,59,59,59,59,6,60,60,60,60,60,60,60,7,7,7,8
دیگرش 56,56
دیگری 56,58,58,59,60,60,8,8,8,8
ذخیره 2,2
ذرات 58
ذهنی 16
ذکری 60
رئیس 7,7
رابزویک 60
رابطه 56,58,58,58
رابطهٔ 58
راجع 2,2
راحت 56
راحتی 58
راست 56,58
راستای 56
رانیز 59
راهی 7
رایانش 60,60
رایانه 60,7,7
رایج 58,59
رایگان 58,58,7
ربات 60,60,60,60,60,60,60,60,60,60,60,60,60,60,60
رباتتان 60
رسانش 59,59
رستوران 60
رسمی 58
رسیدن 58,8
رشته 60,60,8
رطوبت 58
رعایت 6
رفتار 56,56,56,56,56,60
رفتارهای 58
رفتارهایی 56
رفتاری 58
رفتن 58
رقابت 8
رهبران 58
روابط 58,58
روان 60
روبرو 59
روتور 56
روحی 2
روده 58
روستایی 58
روسپیان 58
روشن 60
روشی 8,8
روغن 58
روند 8
رویت 56
رویدادهای 16,57,58,59,60,7
رگرسیون 60,60
ریاضی 60,60,60,60,60,60,60,60
ریدپاول 7
رینهولد 7
زائد 58
زاویهٔ 60
زبان 16,2,2,56,56,58,58,58,6,6,60,60,60,60,60,60,7
زمان 2,58,58,58,58,59
زمانی 56,56,56,56,56,7
زمین 56,59,59,59,59
زمینه 6,60,60,7
زمینهٔ 60,7
زنان 58,58,58
زنانه 58,58,58,58,58
زنانی 58
زندگی 16,6
زوجینی 58
زودی 56
زیاد 59
زیادی 60,60
زیرا 58,58,58
زیرگروه 8
ساخت 16,56,56,56,57,58,58,58,58,59,60,7,7
ساختار 58
ساختاریافته 60
ساختن 56
ساخته 56,56,60
ساده 60
سادگی 56,58,60
سازمان 15,2,56,57,58,58,58,58,58,58,58,59,6
سازماندهی 16
سازمانهای 6
سازنده 58,60,60,60,60
سازندگان 56,58
سازی 60
ساعت 15,2,56,57,58,59,6,7
سالانه 58,58
سالانهٔ 7
سالم 58
ساله 58,7,7
سامانه 16,16,16,57,57,57,58,58,58,59,59,59,59,60,60,60,7,7,7
سایت 58,58
سایر 16,56,56,58,58,58
سایزهای 58
ستارگان 56
ستون 8,8,8,8
ستونش 8
ستونی 8
سراغ 58
سرانجام 8
سرایت 58
سربازان 58
سرتان 60
سرطان 58,7,7
سرعت 56,56,56,56,60,8
سرمشق 6
سرپوشیده 57
سریع 56,56,58
سطوح 6
سفارش 58,58
سفلیس 58
سلامت 58
سلامتی 58
سناریوی 60
سنتی 2
سنجش 56
سندرز 15
سنگین 56
سنگینی 8
سنین 58
سهام 7
سوخت 59
سوختن 59
سوراخ 58,58,58
سپتامبر 56,57
سیاست 15,58
سیال 59,59,59,59
سیالی 59
سیاه 56
سیتی 58
سیستم 56,60,60,60,60,60
سیفلیس 58
سیمپسون 7
سینا 7
سیگنال 60
شارپ 60
شامل 56,56,58,6,8
شانزدهم 58
شانس 8
شاهد 59
شبکه 15,15,60,60,60
شبیه 60,8
شتاب 56
شخصی 58,6,60
شدند 16
شدهٔ 58
شرام 60
شرایط 58,6,8
شرایطی 60
شرطی 60
شروع 2,58,58,58,59
شرکای 58
شرکت 2,2,2,56,56,58,58,58,58,58,58,58,58,58,58,58,58,7,7,7,7,7,7,7,7
شرکتی 6
شریک 58,58,58
شطرنج 8
شلوغ 60
شمارهٔ 8,8,8
شمای 8
شناخت 58
شناخته 56,58,58,58,8
شناسایی 58
شهرهایی 58
شهری 58
شورای 6
شوند 58,60,60,7
شوید 16,16,57,57,58,58,59,59,60,60,7,7
شکلی 8
شکننده 58
شیبل 7
شیردهی 58
شیشه 60,60
شیمیایی 58,58
شینقه 15
شیوع 58
شیوهٔ 60,60,60
صابری 56
صحبت 2
صحّت 1
صحیح 58
صدای 60
صدمه 58
صرفه 60
صریح 60
صفات 8
صفجه 16,57,58,59,60,7
صفحه 15,16,16,16,16,2,56,57,57,57,57,57,57,58,58,58,58,58,59,59,59,59,59,59,6,6,60,60,60,60,7,7,7,7,7
صفحهٔ 1,16,16,16,56,57,57,57,58,58,58,59,59,59,60,60,60,7,7,7,8
صنایع 56
صندلی 60
صنعت 7,7,7
صنعتی 6,7
صورت 16,56,56,56,56,57,58,58,58,58,58,58,58,58,58,58,58,58,59,60,60,60,60,7,7,8,8,8,8,8,8,8,8
صورتی 60
ضخیم 58
ضدبارداری 58,58
ضربه 58
ضروری 16,58,58,58,58,6
ضریب 60
ضعیف 7
ضمیمه 58
طبقهٔ 56
طراحی 60
طرفدار 7
طرفدارانِ 16
طریق 58,58,6,60,60,7
طلایی 58,58
طلبی 16
طوری 58
طولانی 58
ظهور 58
عامل 60,60,60,60,7
عاملهای 60
عامیانه 58
عبارت 16,57,58,59,60,60,7
عبارتند 60,8
عرصه 58
عریض 58
عصبی 60,60,60,60,60
علامتی 15,2,56,57,58,59,6
علاوه 58,8
علایق 60
علمی 16,6,60,60
علوم 60,60
علیه 58,58,58
عمده 58,58,58
عملکرد 60
عملگرهای 8
عملی 56
عملیات 60
عملیاتی 60,60
عمود 56,56,56,56
عمودی 56
عموماً 58,60
عمومی 56,60,60
عمیق 59,60
عناصری 8
عنصر 56,8,8,8
عنصری 8
عنوان 56,56,56,56,58,58,58,58,58,58,58,6,60,60,60,60,8,8
عنوانِ 16,16
عوامل 58
عوعو 60,60,60
عوعوکردن 60
غالباً 58
غذایی 6
غریبه 60,60
غلبه 56
غیرانتفاعی 15,2,56,57,58,58,58,59,6
غیرفلزی 6
غیرقابل 60
غیره 60
غیرهرزنامه 60
فاصله 59
فرآیند 60,60
فراخوانی 60
فراهم 58,60
فراوان 59
فراوانی 59,60
فراگیری 60
فرایند 58,58,59
فردی 60
فرزندان 8
فرزندی 7
فرستادن 58
فرضیه 60
فرعی 56,56
فرهنگ 60
فرهنگستان 6
فرهنگی 58
فروخته 58,7
فروسرخ 56,56
فروش 58,58,58,58,58,58,7,7
فروشگاه 7,7
فروشی 58
فریم 56
فشار 56
فضاپیما 56
فضای 58
فضایی 56,58,58,58,59
فعال 7
فعالیت 56,6
فعلاً 60
فعلی 16
فلزات 59
فلزی 59
فلسفهٔ 16
فلوریدای 58
فناوری 15,15,16,16,2,7,7
فهرستی 58
فواید 2
فوریهٔ 7,7,7
فکری 16,16
فکریِ 16
فیزیولوژیکی 58
فیزیک 59,59
فیزیکی 16,58
فیلتر 60
فیلسوفِ 16
فیلم 7
قابل 16,16,56,57,57,58,58,58,58,58,59,59,60,60,60,60,7
قابلیت 58,58,6
قادر 56,58,58
قاره 59
قاعدگی 58
قانون 56,58,59,60,60
قانونی 58
قایل 60
قبلا 60
قبلاً 58
قبیل 60
قدرت 56,56
قدیم 15
قرار 16,56,56,56,56,56,56,58,58,58,58,58,59,6,60,60,60,60,60,8,8,8,8,8,8
قرمز 59
قرون 15,15,15,15,15,15,15
قسمت 59,59,60
قطعا 60
قطعات 8
قوانین 56,58,6
قیمت 58,60,7
لاتکس 58,58,58,58,58,58,58,58,58
لازم 2,58,59,8
لاستیک 58,58,58,58,58,58,58,58
لاستیکی 58,58,58
لایه 58
لحاظ 60
لحاظِ 16
لطفاً 57
لغات 60
لندن 58,58,58
لهستان 15
لوازم 58,58
لیزا 7
لیست 58,8
مأمور 59
مؤثر 58,58,58
مؤثری 58
مؤسس 7
مؤسسه 58,6
مؤنث 58
ماتریس 60
مادی 59
مارس 58,58,59
مارکوف 60
ماشین 59,60,60,60,60,60,60,60,60,60,60,60,60,60,60,60,60,60,60,60,60,60,60,60,60,60,60,60
ماشینی 60,60,60,60,60,60
مالی 7
مانتین 7
مانده 58
مانع 58
مانند 16,58,58,58,58,58,58,58,59,6,60,60,60,60
مایع 58,58,58,59
مایعات 59
مایعی 59
مبتنی 15,58,58,60,60
مبحث 60
متأسفانه 2
متحد 15
متحده 58,58,58,59,7,7,7,7,7,7,7,7,7,7,7
متخصصان 2
متداول 58,60
متصل 16,57,58,59,60,7
متعددی 60,60
متعلق 15,2,56,57,58,59,6,60
متغیر 56,56,56,60,60,60,60,60,60
متغیرهای 60,60,60,60,60,60
متفاوت 59
متفاوتی 8
متفکّرانِ 16
متقاعد 58
متلب 60
متناسب 56,59
متوسط 8
متوقف 58
مثال 56,60,60,60,60,60,60,8,8
مثالی 60
مثبت 15
مثلا 60
مثلاً 60,8,8
مجاب 2
مجاور 59
مجدد 60
مجرمانه 58,58
مجزا 6
مجزای 58
مجله 56
مجموعه 60,60,8,8,8,8
محاسبه 60,60,8,8
محاسبهٔ 56
محبوبیت 60
محتوای 1,16,57,58,59,60,7
محتویات 16,57,58,59,60,7
محدودی 60
محصول 58,58,58
محصولات 58,58,7,7
محصولش 58
محققان 58
محلول 58
محلولی 58
محلی 16,56,57,57,58,58,59,59,59,7
محمد 60
محور 56,56,56,56,56,56,56,56,6
محورش 56,56
محوری 56,56
محیط 59,60,60,60,60,60
مخاط 58,58
مخالفانِ 16
مخالفت 7
مخترعان 56
مخترعین 7
مختلف 16,56,59,60,60,8
مختلفی 58,60,8
مخزن 16,57,58,59,60,7
مدار 60,60
مدافعین 7,7
مدال 7
مدلهای 60
مدلی 60
مدیر 58
مدیران 7
مدیرعامل 7,7,7
مدیرعاملی 7
مدیرهٔ 7
مدیریت 60
مدیریتی 7
مذکور 7
مراجع 60
مراجعه 58
مراقبت 58
مراکز 58,58
مربوط 58,58,59,6,60,60,60
مربوطه 60
مرتبط 60,7
مرحله 58,60,60,8,8
مردان 58,58,58,58,58,58,58,58
مردانه 58,58,58,58,58,58,58,58,58,58,58,58,58,58,58,58,58,58
مردانی 58
مردم 58,58
مرسوم 58
مرکز 56,58
مزایای 58,58
مسئله 60,60,60,60,8,8,8
مسئلهٔ 8
مسئولانهٔ 7
مسائل 58,58,58,60,60,60,60,8,8,8
مسائلی 60
مساحت 60
مساله 60
مساوی 56
مسایل 60
مستقل 60
مستقیم 58,58,58,58
مستقیماً 60
مستند 15,58
مسدود 58
مسیح 58
مشابه 16,56,57,57,58,58,58,59,59,59
مشابهی 56
مشاهده 15,15,15,56,58,58,58,58,58,58,59,59,60,60,60,60,60
مشاهیر 7
مشاوره 58
مشتاقند 2
مشتریان 58
مشخص 60,60,60,60,8,8,8,8
مشخصات 6
مشغول 58,58
مشهور 7
مشکل 2,2,58,58,59
مشکلاتی 2
مصرف 58,58,58
مصنوعی 16,60,60,60,60,60,60,60
مطالب 57
مطالعات 56
مطالعه 15,15,16,59,60,60
مطرح 8
مطلوب 6
مطمئن 60
معادله 56
معایب 58,58
معتبر 58,58,58
معتقد 16
معتقدند 58
معدنی 6
معرفی 16,16,16,58,60,7,7,7
معرفیِ 16
معروف 58
معضل 59
معمول 56,60,60
معمولاً 57,57,58,58,58,58,58,58,58
معنای 6
معکوس 56
معیار 6
مغناطیسی 56
مفاهیم 60
مفاهیمی 16
مفهوم 59,59,59
مفهومِ 16
مفید 6
مقابل 56,60
مقاربت 58,58,58
مقاربتی 58,58,58,58
مقالهٔ 7,7
مقام 58
مقایسه 58,59,60
مقدار 59,59,59,8,8
مقداری 59
مقدس 15,59
مقرارت 6
مقطع 15
مقعد 58
ممان 56,56,56
ممنتوم 56
ممنوع 58
ممکن 16,57,58,58,58
منابع 57,58,58,58
مناسب 58,58,58,58,60,60,60,60,60,60
مناسبی 58
مناطق 58
منافذ 58
منبع 16,56,57
منتقد 7
منتقدان 16
منتقل 59,59,8
منجر 56,59
منطقه 7
منظور 56,6,60,60
مهاجر 58
مهمتر 58
مهندسی 8
مواجه 60
مواد 58,58,58,59,59,60,7
موارد 58,58,58
مواردی 58,58,58,6
موازات 8
موازی 56
موافقان 16
موتور 56,56,56
موثرتر 60
موجب 56,56,58,58,59
موجود 56,57,58,58,59,60,8
موجودهایی 16
مورد 56,56,56,56,58,58,58,58,6,60,60,60,60,60,60,60,7,7,8,8
موردِ 16
موردی 60
موروثی 8
موسیقی 7,7,7
موضوع 60,60
موضوعات 15
موظفند 58,58
موفقیت 58
موقع 60
موقعیت 56,56,56,58
مکتبِ 16
میان 2,60
میدان 7
میراث 59
میزان 2,2,58
میلاد 58
میلادی 16,16,58,8
میله 59,59
میلیارد 7
میلیون 58
میکرو 56,58
ناآگاهانه 8,8
ناحیه 7
ناخن 58
ناخواسته 58,58,58,58
نازک 58
ناشناخته 60
ناشی 56,59
نامرئی 56
نامش 58
نامنفی 60
ناموفق 56
نامگذاری 58
نامیده 16,60
ناهمسانی 60
نباشد 58
نباید 58,58
نتیجه 56,58,60
نتیجهٔ 56,60
نجات 7
نحوی 60,8,8
نخست 15,15
نخستین 16
نخواهند 8
نداده 60
نداشته 58
نزدیکتر 8
نزدیکی 58,58
نسبت 16,56,58,58,7,8,8,8
نسخه 16,57,58,59,60,7
نشان 56,56,56,58,59,60,60,60,7,8,8
نشاندهده 58
نشانی 16,57,58,58,59,60,7,7
نشده 60,60,60
نظارت 60,60,60,60,60,60,60,60,60,60,60
نظامی 56
نظرسنجی 2
نظریه 59
نظیر 58
نعوظ 58,58
نقاط 58
نقاطی 59
نقطه 56,58
نقطهٔ 56,8,8
نقلیه 6,60
نماد 59,59
نمایش 56,59,60
نمایند 58
نماینده 8
نمایندگان 7
نمود 58
نمونه 57,58,60,60,60,60,60
نهاد 58
نهایت 16,16,60
نهایی 58,60
نوآوری 15,15,2
نواحی 58
نوار 16,57,58,59,60,7
نوامبر 56
نوبت 8,8
نوجوانان 58
نوزدهم 58,59
نوسان 56
نوشت 58
نوشتار 57
نوعی 56,58,58,60
نویز 60,60,60
نویسی 60,60
نوین 16
نکست 7
نکنند 58
نگاهِ 16
نگرانی 58
نگهداری 60
نگیرد 8
نیاز 56,58,58,60,60,8,8,8
نیازمند 15,56,58,58,58,60,60
نیازی 59
نیروی 2,2,56,56,57,57
نیست 1,16,56,56,57,58,58,58,58,59,60,60,60,60,7
نیمه 59,60
نیویورک 16,58,58
هابل 56
هاروی 58,58
هاگوپیان 7
هربار 58
هرزنامه 60,60,60
هرپس 58
هرچند 16,57,58,58,59,60,7
هرگز 58,58
هرگونه 58,58
هزار 58,58
هزاران 60
هزینه 58
هستند 57,58,58,58,58,58,58,60,60,60
هفتاد 8
هفتهٔ 7
همان 15,6,6,60,60,60,7,8
همانگونه 8
همایش 7
همبسته 60,60,60,60
همبستگی 60,60,60
همدیگر 56,8
همراه 15,58,58,58,60,60,7,7,7,7
همرفت 59,59
همسر 58
همهٔ 16,16,2,57,57,58,58,58,59,59,60,60,7,7
همچنین 16,58,58,58,58,60,60
همچون 58
همگی 56
همیشه 58
همین 16,57,58,59,60,60,7,8,8
هنوز 58,58,59,60
هنگام 58,58,7
هنگامی 58,58,59,60,60,60
هواداران 59
هواپیما 56,56
هواپیمای 7
هورمون 58
هوشمند 60
هپاتیت 58
هیئت 7
هیدروژل 58
وابسته 58,60
واحد 59,59,59,6
وارد 16,16,16,56,56,56,56,57,57,57,58,58,58,58,58,59,59,59,60,60,60,60,7,7,7
واردات 58
واضح 60
واقع 2,56,58,58,60,8,8
واقعاً 7
واقعیت 59
والت 7
والدین 8
واژن 58,58,58,58,58,58,58
واژه 6,6
واژگان 2,56,58,58,58,6,6,7
وبگاه 58,58
وجود 15,15,15,15,15,15,15,15,15,15,15,15,15,15,15,15,15,15,15,15,15,15,15,15,15,15,15,15,15,15,15,15,15,15,15,15,16,16,16,16,16,16,2,2,2,2,2,2,2,2,2,2,56,56,56,56,56,56,56,56,56,56,56,56,56,56,56,56,56,56,56,56,56,56,56,56,56,56,56,56,56,56,56,56,56,56,56,56,56,56,56,58,58,58,58,58,58,58,58,58,58,58,58,58,58,58,58,58,58,58,58,58,58,58,58,58,58,58,58,58,58,58,58,58,58,58,58,58,58,58,58,58,58,58,58,58,58,58,58,58,58,58,58,58,58,59,59,59,59,59,59,6,6,60,60,60,60,60,60,60,60,60,60,60,60,60,60,60,60,60,60,60,60,60,60,60,60,60,60,60,60,60,60,60,7,7,8,8,8,8,8,8,8
ورعی 60
ورود 58
ورودی 60,60,60,60,60,60,60,60,60,60
وزارت 58,6
وزیر 8,8,8,8,8,8,8,8,8
وزیران 8
وسایل 56,56,56,60
وسطای 15,15,15
وسطی 15,15
وسیله 56,56,56,56,56,56,56,58,58,58
وسیلهٔ 56,58
وضعیتِ 16
وضوح 60
وظایف 60
وظیفه 60,60
وظیفهٔ 60
وقتی 2,56,56,59,59,59,8
ویرایش 15,15,15,15,2,56,56,57,58,58,58,58,58,59,59,59,6,60,60,60
ویروس 58,58
ویژه 16,57,58,58,59,60,7
ویژگی 58,60
ویکی 16,57,58,59,60,7
پاداش 60,60,60,60
پاره 58,58,58,58,58,58
پارگی 58,58,58
پاسخ 8
پالو 7
پاول 7
پاپیلوم 58
پاپیلوما 58
پایان 16,58,59,6
پایانی 58
پایتون 60
پایدار 16,56,57,58,59,60,7
پایدارکنندهای 56
پایداری 56
پایه 2,2,2,58,58,58,6,6,6,60
پایهٔ 56,56
پایگاه 58
پایین 56,56,59,59,8
پتانسیل 59,59
پتروشیمی 60
پدیده 56,60
پذیرش 2,2,59,6
پذیرفته 7
پراکنده 60,60,60,60,60
پربازده 60
پرخطر 58
پرداخت 16
پردازش 60,60,60,60
پرسشنامه 2
پرسید 7
پرفروش 58
پرهیز 58
پرواز 7
پرونده 59
پرچمی 7
پرکاربرد 60
پزشکان 58
پزشکی 58,58
پساانسان 16
پستی 58
پشتیبانی 60
پلیمر 58
پلیمری 58
پنهان 60,60,60,60
پهنای 59
پوری 6
پوست 15,58,58
پوشش 56,58,6
پوششی 58,58
پوشیدن 58
پوشیده 58
پویا 60,60,60
پیاده 58
پیام 1
پیاپی 58
پیدا 56,56,56,59,59,60,60,60
پیرامون 1,16,16,16,57,57,57,58,58,58,59,59,59,60,60,60,7,7,7,7
پیشبرد 58
پیشتر 8
پیشرفتِ 16
پیشرو 7
پیشنهاد 6,7,8
پیشنهادهایی 60
پیشگیری 58,58,58,58,58,58,58,58,58
پیشین 16,2,57,58,59,6,60,60,7
پیشینه 16
پیمان 6
پیوسته 60
پیوند 16,16,16,56,56,57,57,57,57,57,58,58,58,58,58,58,58,59,59,59,59,59,59,60,60,60,7,7,7,7
پیوندهای 16,16,57,57,58,59,60,7
پیچیدن 56
پیچیدهٔ 56
پیچیدگی 60,60
پیکربندی 60,60
چالش 57
چراکه 60,60,60
چرخان 56,56
چرخانی 56
چرخش 56,56,56,56,56,56,56,56
چرخشی 56
چرخندهٔ 56
چسبناک 58
چسبیدن 8
چشمان 8
چندان 60
چندباره 58
چندلایه 58
چندین 58,60,60,60
چنین 16,60,60,60,8
چهار 57,6,8
چهارم 58,8
چهره 60
چهرهٔ 60,60,60,60
چگالی 59
چگونه 60
چگونگی 16,57,58,59,60,60,60,7
چیدمانی 8
چیزی 60,60
چیزیست 8
ژانویه 56
ژانویهٔ 58,7
ژاپن 58
ژنتیک 8,8,8,8,8
ژنتیکی 60
ژولیوس 58
ژیرواستاتیکی 56
ژیروستات 56
ژیروسکوپ 56,56,56,56,56,56,56,56,56,56,56,56,56,56
ژیروسکوپی 56
کارآفرینی 7
کارآمد 8
کارایی 58,58,60
کاربر 60,60
کاربران 60
کاربرد 58,58,58,59,6,8
کاربردی 60
کاربری 16,16,57,57,58,58,59,59,60,60,7,7
کارهای 58
کاری 58,60,60,60,60
کاشف 58
کاغذهایی 58
کافی 58
کالا 58,6
کالاهای 58
کالج 7
کالریک 59,59,59,59
کالسکه 57,57,57
کامل 58,58,58
کاملاً 58,58,6,60,8
کامپیوتر 60,60,60
کامپیوتری 60
کامیون 58
کاندوم 58,58,58,58,58,58,58,58,58,58,58,58,58,58,58,58,58,58,58,58,58,58,58,58,58,58,58,58,58,58,58,58,58,58,58,58,58,58,58,58,58,58,58,58,58,58,58,58,58,58,58,58,58,58,58,58,58,58,58,58,58,58,58,58,58,58,58,58,58,58,58,58,58,58,58,58,58,58,58,58,58,58,58,58,58,58,58,58
کاندیدای 8
کانون 59,59
کاهش 56,56,58,58,58,58,59
کاوش 60
کتاب 60
کتابخانه 58,58
کتابداری 6
کتابش 59
کتابی 56
کدام 60,60,60
کدنویسی 60
کراون 58
کردن 16,57,58,58,58,58,58,58,59,59,60,60,60,60,60,60,7,7,8,8
کردند 56
کرده 58,59,60,60
کردیم 8
کرواسی 15
کروموزوم 8,8,8,8,8,8
کروموزومهایی 8
کروموزومی 8
کسانی 16,60
کشتن 58
کشور 2,2,58,58,58,58,58,58,58,58,6,6
کشورهای 58,58,6
کشورهایی 58
کشید 58,60
کشیده 57,57,58
کفایت 60
کلاس 56,60,60
کلاسهایی 60
کلاسیک 56,60
کلاً 56
کلرک 59
کلوین 56
کلیتوریس 58
کلیسایی 15,15
کلیک 7,7
کم 58
کمتر 58,58,60,8
کمتری 60,8
کنار 59
کناری 16,57,58,59,60,7
کنترل 58,60,60,60,60,60
کنند 16,2,60,60,60
کننده 59,59,60,60
کنیا 58
کنید 2,2,58,60,60,60,60,8,8,8
کوتاه 58,58
کودکان 57
کودکس 58
کوپرتینو 7,7
کوچکی 57,58,8
کیسه 58
کیفیت 1,6,60,8
گاهش 56,56
گاهی 6,60
گذاری 15,2
گذاشته 56
گذشته 16
گران 58,60,60
گرانتر 58
گردد 58
گردشگری 57
گرفتن 58
گرفته 56,58,58,60,7
گرما 59,59,59,59,59,59,59,59,59,59,59,59,59,59,59,59
گرمای 59,59
گرمایشی 15
گرمایی 59,59,59
گروه 58
گروهی 2
گرچه 16,57,58,59,60,7
گزارش 58
گزیدن 58
گزینه 60,60
گستردگی 6,60
گسترش 16,16,58,58,59
گسترهٔ 60
گسسته 60
گشتاور 56,56,56,56,56
گفته 58,6,60,60
گمان 58,58
گنوره 58
گواهی 58
گواهینامه 58
گوستاو 15
گوسفند 58
گوشه 56
گوناگون 60
گوناگونی 59
گونه 60
گیاهان 58,58
گیرد 58,60
گیرند 59
گیرنده 58
گیری 56,56,56,60
ہیومن 16
یابد 56,8
یادکرد 16,57,57,58,59,60,7
یادگرفته 60,60
یادگیری 2,60,60,60,60,60,60,60,60,60,60,60,60,60,60,60,60,60,60,60,60,60,60,60,60,60,60,60,60,60,60,60,60,60,60,60,60,60,60,60,60,60,60,60,60,60,60,60,60,60,60,60,60,60,60,60,60,60,60,60,60,60,60,60,60,60,60,60,60
یادگیری_ماشین 60
یازدهم 58
یافت 16,58
یافتن 60,8
یافته 59
یاهونیوز 58
یخبندان 15
یعنی 56,59,59,59,6,60,8
یهودی 58
یکبار 58
یکدیگر 8
یکسان 59
یکپارچه 60
