آتاری 7,7,7,7,7,7
آخرین 16
آدامس 9
آرامش 7,7
آرزوهای 7
آرگومان 60,8,8
آزاردهنده 7
آزمایش 7
آزمایشی 2
آسان 2
آسیب 7
آشنا 7
آغاز 16,7,7,7
آغازین 7,7
آفتابی 7
آلودگی 1
آمازون 10
آمریکا 7,9
آمریکایی 9
آموزش 10,2,2,2,2,7
آموزشی 16,2
آموزند 2
آمیخته 10
آنان 2,2,7,8
آنجاکه 7
آنجایی 16
آنقدر 7
آنلاین 10,10,2,2
آنچه 16,16,7
آورد 10
آوردن 7
آپارتمان 7,7
آپارتمانی 7
آپدیت 16
آگاهیِ 7
آگوست 9
آیتم 10,11,3,9
آینده 16,16,16
آیندهٔ 7
ابتدا 7
ابتدایی 7,7,7
ابرانسان 16
ابرانسانی 16
ابرهوشمند 16,16
ابزار 16
ابزارک 3
ابزاری 7
اتاق 7
اتفاق 7,8
اتفاقات 7
اتمام 7
اتومبیل 7,7,7,7,7,7
اتومبیلش 7
اتینگر 16
اثاث 7
اثرات 16
اثرگذار 2
اجارهٔ 7
اجازه 10,9,9
اجباری 10,11,3,9
اجتماع 8
اجتماعی 16
اجرا 10,7
اجرایی 2
احترام 16
احتمال 8
احتمالاً 7
احساس 7,7,7
احساسات 7,7
احمق 7
احوال 7
اختراع 9
اختراعی 16
اختصاص 10
اختلاف 16
اختیاری 10,11,3,9
اخلاقی 16
اخیر 1,1,10,10,11,11,3,3,9,9
اداره 9
ادامه 7
ارئه 9
ارائه 10,10,10,16,2,7,7
ارائهٔ 2,7,7
اراده 16
ارایهٔ 3
ارتباط 10,10,16,16
ارتباطات 10,16,16,16
ارتقاء 16,16
ارجاع 3
ارزش 10,7,7
ارزشمندی 16
ارزیابی 2,2,9
ارشد 7,7
ارمنی 7
ارگان 8,8,8
ارین 7
اریک 16
ازای 7
ازدحام 8
ازدواج 7,7,7,7,7
اساس 7,8,8
استاندارد 16,16,8,9,9,9,9,9,9,9
استخدام 2,7
استخدامی 2
استراحتی 2
استراس 10
استعفا 7
استعمار 16
استفاده 10,10,10,10,10,10,10,16,16,16,16,16,16,16,16,3,7,7,7,7,7,7,7,8,8,8,9,9,9,9,9,9,9,9,9,9,9,9,9,9
استنفورد 7,7
استیو 7,7,7,7,7,7,7,7,7,7,7,7,7,7,7,7,7,7,7,7,7,7,7,7,7,7,7,7,7,7,7,7
اسمیت 10,7
اسکالی 7,7,7,7,7
اسکن 9,9
اشاره 10,10,7,7,7
اشتراک 16
اشتغال 2,2,2
اصطلاحی 10
اصلاح 10
اصلی 10,10,10,11,2,3,7,7,7,9
اضافه 7
اضافی 16
اطلاع 1
اطلاعات 1,10,10,10,11,16,16,16,3,9,9,9,9
اطمینان 7
اظهار 7
اعتبار 10,10
اعتبارات 10
اعتقاد 7,7
اعداد 60,9
اعصاب 16,16,16
اعلام 16
اعلامیه 16
اعماق 7
اعمال 8
اغلب 7
افتاده 16
افتتاح 7
افتتاحیهٔ 7
افتخار 7,7
افراد 16,2,2,7,7,7
افرادی 10
افزایش 10,16,16,2,2,8,9
افزونه 9,9
افکار 16,16,2,2
اقدام 10
الان 7
البته 16,7
التحصیلان 2,2
الزاماً 16
القایی 2,2
الهام 7
الکترونیک 10,10,10,10,7
الکترونیکی 10,10,10,10,10,10,10,2,2,7,7
الگو 16,16,16,16,16,16,16,16,2,9,9
الگوریتم 8,8,8,8,8,8,8,8,8
الگوهای 9
الگوی 11,16,9,9,9
الیزابت 7,7
امروزه 9
امروزی 7
امری 16
امواج 16,16,9
اموال 7
امکان 10,10,11,3,7,7,9
انبار 9,9,9,9
انتخاب 7,7,7
انتزاعی 7
انتشارات 10,10,8
انتظار 10
انتقال 16
انجام 10,10,11,16,3,7,7,7,7,7,7,7,9
انجامید 9
انجمن 16,16
انجمنهای 16
انحرافات 60
اندازه 9
اندازی 10
اندک 7
اندکی 7
انرژی 16,16,16,16,16,16,7,7
انسان 11,16,16,16,16,16,16,16
انسانی 16,16,16,16,16,16
انستیتو 16,16
انصراف 7
انصرافش 7
انصرافی 7
انعکاسی 2
انفجار 16
انواع 10,8,9
انکار 7
انگشتانشان 7
انگلیسی 10,16
انگیزه 2,2
انگیزهٔ 2
اهداف 10,10,10,10,10,2
اهدافمان 10
اوایل 16,9,9
اوقات 7,7,7,7
اولین 10,10,10,16,16,16,16,16,7,7,7,7,7,7
اولیه 16,2,2,7,7
اپتیک 16,16
اپلی 7
اکتبر 7,7,7
اکثریت 16
اکستروپی 16
اکولوژیکی 16,16
اگرچه 7,7
ایالات 9,9,9,9
ایتالیا 9
ایجاد 10,10,16,16,16,2,2,7
ایدئولوژی 16
ایده 16,7,9
ایدهٔ 7
ایران 10
ایرانی 10
ایزاکسون 7
اینترنت 1,10,10,10,10,2
اینترنتی 10,16
اینقدر 7,7
اینکه 10,7
بائز 7,7
بابت 7
باتئوری 2
بارز 7
بارکد 9,9,9,9,9,9,9,9,9,9,9,9,9,9,9,9,9,9
بارکدخوان 9
بارکددار 9
بارکدهای 9,9,9,9,9,9
بارکدی 9
بازار 10,10,7,7,7,7
بازاریابی 10,10,10,10,10,10,10,10,10,10,10,10,10,10,10,10,10,10,10,10,10,10
بازاریابی_الکترونیک 10
بازخوانی 9,9
بازرگانی 16
بازسازی 7
بازشناسی 16,9
بازنشست 7
بازگشت 7,7
بازی 7,7
بازیافت 7
بازیکن 7
بازیگر 7
باستروم 16
باشد 10,16,16,2,2,2,7,8,9
باشم 7,7
باشند 2,2,9
باشی 7
باشیم 16
باعث 7,7,7,7
باغچهٔ 7
باقی 7,7
بالا 16,7,7,9
بالاتر 7
بالایی 7
باهوش 16
باور 16,7
باورهای 16,2
باورهایشان 2
باید 10,2,2,7,7,7,7,9
ببرند 2
ببینم 7
بتوان 7
بتواند 16,7,8
بتوانند 7
بتوانید 2
بخشی 2,7
بخشید 7
بخواهد 16
بداخلاق 7
بداند 7
بدانند 2
بدانید 2
بدبختی 16
بدجنس 7
بدون 11,11,16,2,7,7,7,7,7,9,9
بدین 10,2,7,8
برآوردن 10,9
برآوردکرد 7
برای 1,10,10,10,10,10,10,10,11,16,16,16,16,16,16,2,2,3,3,60,7,7,7,7,7,7,7,7,7,7,7,7,7,7,7,7,7,7,8,8,8,8,8,8,8,9,9,9,9,9,9,9,9,9,9
برتر 8
برتری 8
برخلاف 9
برخورد 2
برخوردار 16
برخوردارند 8
برخی 16,16,2,7,7,7
برداشته 16
برداشتی 16
بردم 7
بررسی 10,10,2
برسد 7
برقرار 7
برنال 16
برنامه 10,10
برنان 7
برند 7
برنرز 7
برهمکنش 11
برود 7,7
بروند 7
برکنار 7
برگزار 16
برگزاری 16,16
بزرگ 16,7,7,7,7,7,9,9
بزرگی 7
بزنند 10
بسازید 10,11,3,9
بسته 7,9,9
بستگی 2
بسیار 16,16,8,8,9
بسیاری 16
بشاش 10,10
بشدت 16
بشریت 16,16
بشناسید 2
بصری 16,7
بعدی 7,8,9
بعضی 2,7,7,7
بقای 8
بلافاصله 7
بلقوه 16
بلند 16,7
بلکه 10,16,7
بلیط 9
بمیرند 7
بنابراین 16
بنیادی 16
بنیادین 16,16,16
بنیان 7,7,7
به 2,2,7,7
بهبود 10,16
بهتر 10
بهتری 16
بهداشتی 16
بهره 2
بهشت 7
بهینه 10,10
بودا 7
بودایی 7,7
بودجه 10
بودم 7
بودن 7,7,7
بودند 7,7,7
بودیم 7
بورس 7
بُعدی 9,9
بپرسید 2
بکار 16
بکارگیری 16
بگذرانی 7
بگویم 7
بیان 8
بیانیه 16,16
بیتلز 7,7,7,7
بیرون 9
بیشتر 10,10,10,10,11,2,3,60,7,7,7,7,7,7,8,8,9,9,9
بیشتری 7,7,8
بینایی 60
بینش 9
بینندگان 16
بیولوژی 16
بیولوژیک 16,16
بیولوژیکی 7
تأثیر 16,16,7,7,7,7,7,7,8
تأثیرات 16
تأسیس 16,7,7
تأسیسات 16,16
تأکید 16
تأیید 9,9,9
تابستانی 7
تابع 8,8
تاریخ 7,7,7,7,9,9
تاکنون 16,7
تبادل 10
تبار 7
تباهی 7
تبدیل 16,16,7,7,7
تبرید 8
تبلیغ 7,7
تبلیغات 10
تبلیغاتی 7
تجارب 10
تجارت 10,10,7
تجاری 10,10,10,60,7,7,8,9,9
تجربه 16,7
تجربیاتش 7
تجهیزات 9
تحصیلی 7
تحقق 10
تحقیق 10,16
تحقیقات 16,16
تحلیل 10,10,10,7
تحول 16
تحولات 16
تخیلی 16,16
تدریس 2
تدوین 10,16,16
ترابشری 16
ترابشریت 16,16,16,16,16,16,16,16,16,16,16,16,16,16,16,16
تراشیده 7
ترافیک 16
ترانس 16
ترتیب 7,7
ترجیح 7
تردید 16
تسهیل 10,16
تشخیص 1,7
تشریح 16
تشویق 16
تشکیل 9,9
تصادف 8
تصادفی 1,10,11,2,3,60,60,9
تصاویر 10,11,3,9,9,9
تصمیم 7,7,7
تصور 7
تصویری 9
تطمیع 7
تعادل 2,7
تعاریف 16
تعاونی 2
تعداد 10,16,7,7,7
تعدیل 7
تعریف 10,10,16,2,2
تعمیرات 16
تعهد 16
تعویض 60,7
تغییر 16,7,7,8
تغییرات 1,10,11,3,9
تفریح 7
تفسیرهایی 7
تفکر 7
تفکرات 16,16,16
تقریباً 7,7
تقسیم 7
تلاش 16,16
تلفن 10,60,8,9
تلفنی 7
تلویزیون 1
تلویزیونی 16
تماس 7,7
تمام 7,7,7,7
تمامی 16,7,7
تمامیت 16
تمرکز 7,7
تمرین 2
تناسلی 16
تنظیم 7
تنها 2,7,7
تنهایی 7
تهیه 16
توان 16,16
توانایی 16,2,2
توانست 7,7,9
توجه 3,7,9
توسط 10,10,10,10,10,10,16,16,16,7,7,7,9,9,9
توسعه 10,16,16,16,16,7,9
توسعهٔ 7
توصیف 16,16
توقع 7
تولید 10,16,2,7,7,7,8,8
تولیدات 16
توماج 10,10,10
تکاملی 16,8,8,8
تکاپو 16
تکثیر 8
تکرار 7
تکراری 60,60
تکمیل 9
تکنسین 7
تکینگی 16
تیمی 7
ثروت 7
ثروتمند 16,7
جابز 7,7,7,7,7,7,7,7,7,7,7,7,7,7,7,7,7,7,7,7,7,7,7,7,7,7,7,7,7,7,7,7,7,7,7,7,7,7,7,7,7,7,7,7,7,7,7,7,7,7,7,7,7,7,7,7,7,7,7,7,7,7,7,7,7,7,7,7,7,7,7,7,7,7,7,7,7,7,7,7
جادویی 60,60,8
جاذبه 16
جاسازی 16
جامع 10,10
جامعه 16,16,16
جامهٔ 7
جایزه 7,7
جایگاه 10,7
جایگزین 9
جایی 16,7
جدولی 9
جدید 16,2,7,7,7,7
جدیدی 16
جریانی 10
جزئیات 10,60,8,9
جستارهای 1,10,8,9
جستجو 8,8
جستجوی 10,7,8,8,8,8
جستجویی 7
جسمی 16,16
جعبه 7,7
جعبهٔ 7,7
جفری 7
جلسات 7,7
جمعی 7
جمعیت 10
جملات 7
جمله 1,16,16,16,7
جمهموری 1
جنبشی 16
جندلی 7
جنوب 7
جنون 7
جهاتی 16
جهانی 16,7,7,9,9
جهشی 7
جوئن 7,7
جوئَن 7
جواب 8,8,8
جوان 7
جوانی 16,7,7
جودی 10
جورج 9
حاصل 7
حاضر 10
حافظه 7,7
حالت 7,8
حالی 7,7,9
حاوی 10,60,8,8
حاکی 7
حداقل 7
حداکثر 7
حدود 7,7
حروف 7,7,9
حرکاتم 7
حرکت 8,8
حساب 10,10,11,11,11,3,3,3,9,9,9
حسابدار 7
حضور 10,7,7
حفاظت 7,7
حقیقت 7,7
حمایت 16
حومه 7
حیات 16
حیاتی 7
حیرت 7
خاطر 7
خالی 9
خاموش 7
خانم 10
خانه 2,7
خانهٔ 7,7
خانواده 7
خانوادهٔ 7,7
خانگی 16,7
خاکستری 2
خدمات 10,10,10,10,10,10,9
خراب 9,9
خردمندی 7
خرده 9
خروجی 9
خرید 10
خریداری 10
خستگی 2
خصوص 10,11,3,7,9
خصوصاً 16
خصوصیات 8,8,8
خطرات 16
خطوط 9,9
خلاق 7
خلاقیت 2
خلیج 7
خواب 7
خواست 16,7,7
خواندن 7
خوانندهٔ 7
خواهان 7
خواهد 16,16,16,16,16,2,2,8,8
خواهدرفت 7
خواهند 2,8
خواهیم 16
خوبی 10,2,7,7
خودبینی 7
خودتان 7
خودرا 10
خودروسازی 7
خودش 7,7,9,9
خودشان 2,7
خودم 7
خودهمبسته 60,60
خودکار 9
خوراک 16,16
خویشاوندان 7
خیالی 7
خیلی 2,7
دئودورانت 7
دائرةالمعارف 9
دائمی 2
داخلی 9
دادن 2,8
دادند 9
داده 10,10,10,11,3,7,7,7,9
دارای 11,11,16,3,60,7,7,7,8,8,8,9,9,9,9,9,9,9
دارد 10,11,16,16,2,3,7,8,9
دارم 7
دارند 2,2,7,7,7,8
داروین 8
دارویی 2
داریم 7,7
داستان 16
داشت 16,16,7,7,7,7,7,7,7,7,7,7,7,8
داشتم 7
داشته 16,2,7,7,7,8
داشتیم 7
دانش 2,2,7
دانشجو 7
دانشجوی 7,7
دانشجویان 16,2,2,7
دانشمند 16
دانشنامهٔ 10,10,11,3,3,9,9
دانشکده 2
دانشگاه 7,7,8
دانلود 7
دانیل 7,7,7,7
دخالت 1
دختری 7
درآمد 7
درآورد 16
درآوردن 7
دربارهٔ 10,11,16,16,16,16,2,2,3,7,7,7,7,7,7,9,9,9
دربازاریابی 10
درست 1,7
درصد 7,7,7
درهٔ 7
درون 7
دریافت 7
دزدی 7
دزموند 16,16
دسامبر 16,60,9
دستاوردهای 16
دسترس 10,60,8,9,9,9,9
دسته 9,9
دستگاه 7,7,7,7,7,9,9
دستیابی 10
دشمنان 7
دشواری 16
دعوت 10,11,3,7,9
دفتر 16
دقیقاً 16,7
دلار 7,7,7,7,7,7,7,7,7,7,7
دلاری 7
دلایل 7
دلایلی 16
دلیل 16,7,7,7,7,7,7,7
دمای 16
دمدمی 7
دنبال 10,7,7
دنیا 7,7,7,7,7,7,9
دنیای 10
دهند 7
دهنده 10
دوباره 9
دوبارکد 9
دوبعدی 9,9
دوران 16,7,7
دوره 2,2
دورهٔ 7
دوری 16
دوست 7,7,7,7,7,7,7,7,7
دوستان 7
دوستش 7,7
دولت 10
دومین 7
دویست 10
دویستچمن 7
دک 16,16
دکتر 10,10
دگرگونی 16
دیجیتالی 10,10,10
دیدار 7
دیدارهای 7
دیده 7,7,9
دیدگاه 7
دیدگاهایی 16
دیزنی 7,7
دیفرانسیل 60
دینامیک 8
دیوانه 7
دیوانگی 7
دیگر 10,10,11,16,16,3,7,7,7,8,9,9
دیگران 16,2
دیگری 7,7,7,7,8,8
ذخیره 9
ذهنی 16,16,16,7
رؤیایی 7
رئیس 7,7,7
رابطه 16
راجع 7
رادیو 1
راسن 2
راهبرد 10,10,10
راهبردی 10
راهنمای 2,2
رایانه 16,7,7,7,7,7
رایانهٔ 7,7,7,7,7,7
رایج 10,16
رایگان 7
ردیف 9
رسمی 16,16,7
رسمیت 16
رسید 9
رسیدن 7
رسیدند 7
رشتهٔ 7
رفتارش 7
رفتن 10,16,7
رقابت 8
رقبا 10,10,7
رمزنگاری 9
رمزهای 9
رمزگذاری 9
رمزگشای 16
رنگی 9
رهبران 7
رهبری 10
روابط 10,10
روابطش 7
روانشناختی 10
روانشناسی 16,16
روانی 16
روحیهٔ 7
روزنامه 10
روزهایی 7
روشن 7,7,7,7
روشنفکری 16,7
رومیزی 7
روند 9
رویدادهای 1,10,11,3,9
رویدادهایی 8
رویش 7
رویکرد 7
رژیم 7
ریدپاول 7
رینهولد 7
ریگلی 9
زاده 7
زبان 10,11,3,7,8,8
زمان 10,16,16,7,7,7,7,7,7,7,7,9,9
زمانی 2,7,7,9
زمخت 7
زمستان 7
زمین 16,7
زمینه 10,16
زمینهٔ 7,7
زنجیره 9
زندگی 16,16,16,7,7,7,7,7,7,7
زننده 16
زودتر 7,7
زودگذر 7
زودی 7
زیاد 7,9
زیادی 10,16,7,7,7
زیرا 16,9
سؤال 7,7,7,7,7
سابق 7
ساخت 10,10,11,3,7,7,9,9
ساختارهای 16
ساختمان 16
ساختن 7,7
ساخته 16,7,9
ساختیم 7
ساده 8
سادگی 7
سازشی 9
سازمان 10,16,60,8,9
سازمانی 16
سازندهٔ 7
سازگار 9
ساعت 10,60,8,9
ساله 7,7,7,7
سالگی 7,7,9
سامانه 10,10,10,11,11,11,3,3,3,9,9,9
ساکت 7
سایبری 16
سایت 10
سایتهای 10
سایر 10,10
ستتری 16
سخنان 7
سخنران 7
سخنرانی 16,7
سراسر 9
سراسری 8,8
سرانجام 7,7
سرعت 16,7,9,9
سرمایهٔ 7,7,7
سرور 7
سروکله 10
سرویراستار 1
سریع 16,16
سطوح 9
سنتی 10,7
سهام 7,7,7
سهامی 7
سوالات 10
سوختی 16
سودوکوی 8
سورنر 16
سوری 7
سپتامبر 7,8,9
سیارات 16
سیستم 7
سیستمی 7
سیلیکون 7
سیما 16
سیمای 10
سیمون 7
سینا 7
شاخه 16
شادمان 2
شامل 10,10,10,9
شانس 7,8
شاهد 16
شاید 7
شبکه 10,7
شبکهٔ 2
شخصاً 7
شخصی 16,16,2
شخصیت 7,7
شخصیتش 7
شخصیتی 7
شدند 10,7,8,9
شدید 7
شدیداً 7
شدیدی 7
شرایط 16,16
شرایطی 16
شرطی 60,60,60
شرقی 7
شرمندگی 7
شروع 10,16,7
شرکت 10,16,2,2,7,7,7,7,7,7,7,7,7,7,7,7,7,7,7,7,7,7,7,7,7,9,9
شرکتش 7
شریف 8
شریک 7
شعار 7
شغلی 2,2,2,7
شلوغ 7
شماره 16
شمال 9
شمالی 7
شناخت 2,2
شناختن 16
شناختی 10
شناسایی 9,9
شهرت 7
شهودگراییِ 7
شواهد 7
شورای 8,9
شوید 10,10,11,11,3,3,9,9
شکست 7
شکلی 7
شیبل 7
شیفت 7
صاحب 7,7,7
صادق 7
صفجه 10,3,9
صفحه 1,10,10,10,10,11,3,3,3,3,3,60,8,9,9,9,9,9,9,9,9
صفحهٔ 1,10,10,11,11,3,3,3,9,9,9
صمیمی 7
صنعتی 16,16
صورت 10,10,10,10,11,16,2,3,7,9,9,9,9
صورتی 2,7,8
ضمیر 16
طبقهٔ 7,7
طبیعت 16,8
طراحی 10,10,16,16,16,7,7,7,7,7,7,7,8,8
طرفداران 16,16,7
طریق 10,10,10,10,10,16,16,16,2,2
طریقهٔ 7
طلایی 16,16,2
طولانی 2,9
ظاهر 9
ظهور 16,9
عاشق 7
عاشقانهٔ 7
عامل 7,7
عبارت 10,11,3,9
عبارتست 10,10
عباس 1
عبدالفتاح 7,7
عجیب 7
عرضه 7,7
عرضهٔ 7,7
عشقی 8
عضویت 7
عقایدشان 2
علاقه 16,7,7
علامت 9
علامتی 10,60,8,9
علاوه 8
علمی 10,10,16,16,16,16,16,16,16
علوم 16,16,7
عمارت 7,7,7
عمرش 7
عملکرد 7,7
عملگرهای 8
عملی 10
عموماً 10
عمومی 16,16,7
عناصر 10,7
عنوان 16,16,16,16,16,16,16,16,16,16,16,16,2,9,9,9,9
عوارض 7
عوامل 10
غایتی 16
غذایی 7,7
غلبه 16
غیرانتفاعی 10,16,16,60,8,9
غیرتجملی 7
غیردولتی 16
غیرقابل 7
غیرقانونی 7
غیرمجاز 7
فارغ 2,2
فاصله 9
فراابتکاری 8,8
فراتر 10,16,16
فراخوانی 60,60
فرار 7
فراهم 10,10,7
فراوان 16,7
فراگیران 2,2
فراگیرانتان 2
فرایند 10,10,10,10,7
فرایندهای 10
فردی 7,7
فرزند 7,7,7,8,8,8,8
فرزندانش 7,7
فرزندخواندگی 7
فرزندشان 7
فرزندی 7
فرصت 10,2,7,7
فرعی 2
فرهنگی 16
فروختن 7
فروش 7,7,7,7,7,7
فروشندهٔ 8
فروشندگان 10
فروشگاهی 9
فرکانس 16,7
فریدونی 10,10,10
فشرده 7
فضاهای 16,9
فضای 10,8
فعال 10
فعالیت 10,16,2
فلاسفه 16
فلاپی 7
فلسفی 16,16
فناوری 10,10,10,10,16,16,16,16,16,16,7
فناوریهایی 16
فهمیدم 7
فورچون 7
فوریه 16
فوریهٔ 7
فیلسوف 16
فیلم 9
فیلمی 16
قابل 10,10,16,3,8,9,9,9
قابلیت 9
قادر 16,7
قالب 9
قالبی 9
قانون 7,7
قبلاً 16,9
قبول 7
قدتر 16
قدرتمند 7,7
قدیس 7
قدیم 9
قدیمی 7,9
قرار 10,16,16,7,7,7,7,7,9,9
قراری 7,7
قطار 7
قلدرمآبانه 7
قلمرو 10
قواعد 9
قولی 7
قیمت 7,7,7,7,7,9
لارر 9,9
لازم 2,2
لاهیجی 10
لایت 16
لجستیک 10
لطفاً 3
لورن 7
لورنز 16,16
لگاریتم 60
لیتیم 16
لیزا 7,7,7,7,7
لیزر 7
مؤدب 7
مؤسسه 16
مادر 7,7,7,7,7
مادرش 7
مادری 7,7
ماده 16
مارس 7,7
مارو 16,16
ماست 7,7
ماشین 16,16,16,16,9
ماشینی 16
مانتین 7
ماند 7
مانع 7,7
مانند 10,7,7,7
مانیتور 7
مانیتورینگ 10
مانیفست 16
ماهر 7
ماهیت 8
مایک 7,7
مباحث 2
مبادلات 10
مبادله 10
مبارزه 7
مبانی 16
مبتنی 2,2
مبحث 10
مبلغ 7
مبنای 7
متأسفانه 2,7
متابولیک 16
متحده 7,9,9,9,9
متحرک 60
متحول 9
متخصص 16
متخصصین 10
متساوی 9
متشکر 7
متشکل 7,9
متصل 10,11,3,9
متعددی 2
متعلق 10,60,7,8,9
متغیرهای 60
متفاوت 16,7,9,9,9
متفاوتی 2
متفکرین 16
متقابل 10,10
متقاعد 7
متناسب 2,2
متوجه 7
مجاز 7,7,7,7
مجازی 16,2
مجبور 10,7
مجتمع 7
مجدد 7,7
مجدداً 7
مجموعه 9
مجهز 7,7,7
محاسباتی 16,16
محافل 16
محبت 7
محبوب 7
محتوا 2
محتوای 10,2,3,9
محتویات 10,3,9
محدودیت 9
محصول 10,7,7,7
محصولات 7,7,7,9,9
محصولی 7,7
محقق 10,7
محمود 10
محیط 10,10,16,2
محیطی 10
مخابراتی 10
مخالف 7
مخترعان 9
مختصات 9
مختلف 10,8,8,9
مختلفی 7,8
مخزن 10,11,3,9
مخصوص 10
مخفی 9,9
مدار 7
مدارهای 7
مداری 7,7
مداوم 10,10,2,2
مدتی 7
مدرسه 7
مدرن 16
مدیر 7
مدیران 7,7,7,7
مدیرعامل 7,7,7,7
مدیرعاملی 7
مدیره 7
مدیرهٔ 7
مدیری 7
مدیریت 7,9,9
مذاهب 7
مذهب 7
مراحل 10
مراسم 7
مربع 7,9
مربوط 10
مرتب 7
مرتبط 16,16
مرخصی 2,2
مردم 7,7,7,7
مرسدس 7
مرفه 7
مرورگر 7
مرورگرهایی 10
مرکز 16,16,9
مرکزی 16
مرگش 7,7
مزاج 7
مزایایی 16
مسئله 7,7,7,7,7,8,8,8,8
مسئلهٔ 7,7,8
مسئولیت 7
مسائل 8,8,8,8,8,8,8
مسایل 7
مستعد 7
مستعمراتی 7
مستقل 16,2
مستقیم 9
مستقیماً 16
مستند 8,9
مسلمان 7
مسوولین 7
مسیحی 7
مسیردهی 7
مشابه 7,9
مشابهی 10
مشاهده 16,16,16,16,2,9
مشتاق 2
مشترک 16
مشتریان 10,10,10,10,10,10,10,10
مشروط 2
مشروع 16
مشکل 2,9
مشکلات 7
مصاحبه 7,7,7
مصنوعی 16
مطابق 9,9
مطالب 2,2
مطالعه 10,16,16
مطرح 16,7,7,7,8,8,8
مطلوب 10,2
مطمئنم 7
معامله 7,7
معتقد 7
معدود 7
معرفی 10,7,7,7,7,7,7,7,7,7
معروف 8,8
معروفش 7
معرکه 7
معشوقهٔ 7
معلم 7
معماری 16,7
معنای 2
معنایی 7
معنوی 7,7,7
معنی 10
معیاری 9
مغزی 16
مفاهیم 16
مفتخر 7
مفهوم 16,16,16,16
مفید 10,10
مقابل 7
مقابله 2,2
مقاله 16,16,16,3
مقدار 60
مقدمات 7
مقصد 7
ملاقات 7
ملقب 7
ممکن 1,2,2,7,7,7,7,9
منابع 16
منابعی 7
مناسب 7,7
مناسبی 8
منبع 11
منتشر 10,10,10,16,16,16,16,16,16,7,7
منتقدین 7
منتقل 7,7,8
منسوخ 7
منطق 16
منطقی 16,7
منظور 10,10,10,8
منفردی 16
منفی 2,7
مهدی 8
مهربان 7
مهمی 8
مهندس 10
مهندسی 16,16
مواجه 7
مواجهه 2
موارد 16
موازی 9,9
موانع 2,2
موتورهای 16
موجب 8,8
موجود 16,16,9
موجودی 9
مودبانه 7
موراوک 16
مورد 10,10,10,10,16,16,16,16,16,2,2,7,7,7,7,7,7,7,7,9,9,9
موشواره 7
موضوع 16,16,2
موضوعات 16
موضوعی 16
موعدش 7
موفق 9
موفقی 7
موفقیت 10,2,7,7,8
موقتی 2,2
موقعیت 10
مولکولی 16
مونا 7,7
مونتاژهای 7
مکان 7
مکانیک 7
مکینتاش 7,7,7,7,7,7
مگابایت 7
مگاهرتز 7
میان 16,16
میانگین 60,60
میزان 7
میزبان 7
میلادی 16,16,16,16,7
میلیارد 7,7,7
میلیاردر 7
میلیون 7,7,7,7
میلیونر 7
میکرو 16
نادرست 1
نازیلا 10,10
ناشناخته 16,16
ناشی 16,16,7,7
ناقوس 10
نامه 9
ناموفق 7
نامیده 7,9
نانو 16,16,16
ناهمسانی 60
نبود 10,7
نبودم 7
نتایج 10
نتوانسته 7
نحوه 10,8,8
نحوی 10,10
نخست 9
نخستین 7,7,9,9,9,9,9,9
نخواهد 16
ندارد 7,7
ندارم 7
ندارند 2,7
نداشت 7
نداشته 2
نزدیک 7
نزدیکی 7
نسبت 10,7,8
نسخه 10,11,3,9
نشات 8
نشان 7,7,8
نشانی 10,11,11,3,3,9
نظامی 16,16
نظریه 8,8,8
نظمی 10
نظیر 16,7,7
نفوذی 16
نقلیه 7
نماد 9,9
نمایش 16,2,7,8,9,9
نمایشگاه 16
نمایشی 16
نمرده 16
نمونه 2
نمونهٔ 7
نهان 10,10
نهایت 7,7,7
نهایی 7,7,7
نوآوری 16,16,7,7
نوار 10,11,3,9
نورد 9
نورمن 9
نوری 9
نوشته 10,10,7,7
نوشتهٔ 7
نوعی 16,16,16
نوپدید 16
نویسندهٔ 7
نویسندگان 7,8
نکرد 7
نکردند 7
نکرده 7
نکست 7,7,7,7,7,7,7
نگاه 7,7,7
نگرانه 16
نگرش 16
نگهداری 16,9
نیاز 10,10,16,3,7,9,9
نیازمند 11,3
نیازهای 10,9
نیازی 7
نیاکان 10,10
نیست 10,11,3,9
نیستند 10
نیمی 7
نیچه 16
هاکی 7,7
هجومی 7
هدایت 16,16,16,7
هدردادن 7
هردو 7
هرچند 10,11,3,9
هرچه 7
هرگز 7,7,7,7
هزار 16
هزینه 7,9
هزینهٔ 9
هستم 7
هستند 10,2
هستیم 10,7
هفتهٔ 7
همان 7,7,7,7
همانند 7
همانگونه 16
همایش 16,16
همجوشی 16
همراه 7,7,7,7,8,8,9,9
همزمان 2
همسرش 7,7
همهٔ 1,10,10,11,11,3,3,7,7,7,7,9,9
همچنان 7
همچنین 16,16,16,16,7,8,8,8,8,9,9
همچون 16
همکاران 10
همکارانش 7
همکاری 7
همیشه 7,7,7
همین 10,10,11,16,3,7,7,7,7,9,9
هندی 7
هنرهای 16
هنری 16
هنوز 7,7,7,9
هنگام 7,7,8
هنگامی 7,7,7,7,7
هواپیما 7,9
هوای 16
هوشمند 16,16
هوشمندی 16
هولمز 7
هیئت 7,7
هیجان 7
واحد 16,7
وارد 10,10,10,11,11,11,3,3,3,7,9,9,9
وازنیک 7,7,7,7,7,7,7,7,7,7,7,7,7,7
واسط 7
واسطه 10,7
واشینگتن 7,7
واقع 7
واقعاً 7,7,7,7
واقعیت 7
والت 7,7
واژه 16
واژگان 11,3,8,8
وایلی 7
وجود 1,16,16,16,16,16,16,16,16,16,16,16,16,16,16,16,16,16,16,16,16,16,16,16,16,16,16,16,16,16,16,16,16,16,16,16,16,16,16,16,16,16,16,16,16,16,16,16,16,16,16,16,16,16,16,16,16,16,16,16,16,16,16,16,16,16,16,16,16,16,16,16,16,16,16,16,16,16,16,16,16,16,16,16,16,16,16,2,2,2,2,2,2,2,2,2,2,2,2,2,2,2,2,2,2,2,2,2,2,2,60,60,60,60,60,60,60,60,60,60,60,60,60,60,60,60,7,7,7,7,7,7,7,7,7,7,7,7,7,7,7,7,8,8,8,8,8,8,8,8,8,8,8,9,9,9,9,9,9,9,9,9,9,9,9,9,9,9,9,9,9,9,9,9
وجودی 16,16
وجوه 16
ورود 7,9
ورودی 9
وزیر 8
وسایل 7
وسعت 7
وسیعی 7
وضعیت 10
وضوح 16
وظیفهٔ 7
وقار 7
وقتش 7
وقتی 7,7
ولگردی 7
وودلند 9
وکار 10
ویتا 16,16,16
ویرایش 10,16,16,16,16,2,60,8,9,9
ویلیام 7
ویندوز 7
ویژه 10,11,3,7,7,9
ویژهای 9
ویژگی 7
ویکی 1,10,11,3,9,9
پارچهٔ 7
پارکینگ 7,7
پاسخ 7,7,7,7,7,7,7
پاسخی 16
پافشاری 7
پاهای 7
پاول 7
پایدار 10,11,2,3,9
پایه 16,16,16
پایین 2
پدرش 7
پدرم 7
پدری 7,7
پدید 9
پذیرش 16
پذیرفته 7
پراهمیت 7
پرداخت 7,7
پرداخته 10
پردازش 16,16
پردازشگر 7
پردازی 16
پرسش 16
پرورش 2,2
پروژه 10,10,10,7
پرپیچ 7
پزشکی 16
پستی 9,9,9
پسرش 7
پشتیبانی 2
پلاک 7,7,7,7,7
پلتفرم 10
پلتفورم 7
پنجاه 7
پنجم 7
پندارند 7
پورتال 10,10,10
پیدا 16,7,7
پیدایش 16,7
پیرامون 10,10,10,11,11,3,3,3,9,9,9
پیرس 16
پیروان 16
پیری 16
پیشتازان 7,7
پیشرفت 16,16,7,9
پیشنهاد 10,16,7
پیشین 10,3,7,9
پیشینه 2
پیوستند 10
پیوند 1,10,10,10,11,11,11,3,3,3,60,60,7,8,8,8,9,9,9,9,9
پیوندداده 10
پیوندهای 3,9
چارت 8
چشمان 7
چشمگیری 9
چقدر 16
چندین 7
چنین 16,16,16,7,7,7
چهارشنبه 7
چهارم 7
چگونه 10,7
چگونگی 10,11,3,9
چیره 2,2
چیزهای 7
چیزهایی 7
چیزی 7,7,7,7,7,7
چیفی 10
ژئوتکنیک 16
ژانر 16
ژانویهٔ 7
ژاپن 16,9,9
ژنتیک 16,16,16,8,8,8,8,8
ژوئن 10,7,9
کاتکی 7
کاذب 1
کاربر 7
کاربران 10,10,2
کاربرد 9
کاربردهای 9
کاربردی 8
کاربری 10,10,11,11,3,3,7,9,9
کارخانهٔ 7
کارش 7
کارشان 2
کارم 7
کارمندان 7
کارهای 7,7
کارهایی 7
کارول 7,7
کارولی 7
کاری 2,2,2,7
کاریزماتیک 7
کالا 10,10,10,9,9,9,9
کالای 9
کالج 7,7,7,7,7,7
کالیفرنیا 7,7,7,7
کامل 10,3,7,9
کامپیوتر 7,7,7,7,7,7,7,7,7,7,7
کامپیوترهایی 10
کامپیوتری 7,8
کانادا 9
کانادایی 16
کاهش 7,9
کاوازوئه 16
کتاب 10,10,10,10,10,16,7,7,7
کتابخانه 1,8,9
کتابداری 1,9
کتابی 16,16,16
کثیف 16
کثیفش 7
کدگذاری 8
کردن 10,11,3,7,9
کردند 16,16,7,7
کرده 7,7,9
کردیم 7
کریمی 8
کسانی 7,7,7
کشاورزی 16
کشتی 16
کشمکش 7
کشیده 9
کلارا 7,7,7,7,7
کلاس 7,7,7
کلاسیک 10,8
کلاک 7
کلید 7,7,7
کمال 7
کمندی 10,10
کمکم 7
کنار 8
کناری 10,11,3,9
کنترل 10,16,8,8,9,9
کندی 7
کنفرانس 7
کنند 2,2,7,7,7
کنونی 16
کنید 16,2,7
کنیم 16,2
کوانتوم 16
کوتاه 16,7
کوتاهی 7,7
کورکورانه 7
کوچک 7
کوچکی 7
کیبورد 7
کیفی 10
گاهی 7,7,7,7,7
گذاری 16
گذاشت 7
گذاشته 7,7
گذشت 7
گذشته 7
گرافیک 7
گرافیکی 7,7,7
گران 7
گرایان 16
گرتزکی 7
گردید 10
گرفت 7,9
گرفتن 2
گرفته 7,7,9
گرفتیم 7
گروه 7,7,7
گروهی 1,7
گرچه 10,11,3,9
گسترش 16,7
گسست 16
گسیل 16
گفته 16,7,7,7,8
گفتهٔ 7,7
گفتگو 7
گفتگوهایی 7
گنجاندن 9
گوشت 16
گونه 9
گوگل 7
گویند 1
گیرنده 16,16
یادم 7
یادکرد 10,11,3,9
یادگیری 2
یافت 10,7
یافتن 7
یافتند 10
یانگ 7
یتیمی 7
یعنی 7
یکدیگر 7
یکسان 16
یکصد 16
