آتیک 13
آثار 14,14
آخری 17
آرام 34
آرامي 9
آرایش 13
آرگومان 1,1,1,29
آزاد 20
آسان 12
آسانی 12
آفست 22,22,22,22
آلمانی 13,24,47
آمده 34,46
آموخته 17
آموزش 13,18,47
آنالیز 1,1,1
آنالیز_ریاضی 1
آنان 13,14,14
آندرس 32
آنگاه 32
آوردن 10
آورند 23
آوریل 15
آگوست 10
آیتم 1,10,11,12,13,14,15,16,17,18,19,2,20,21,22,23,24,25,26,3,31,32,33,34,35,47,9
آیسبرگ 34
آینده 20,20
أوليان 9
ابتدا 20
ابتدایی 13
ابجد 13
ابداع 13,13
ابراهیم 2,2,2
ابن_سهل 2
ابوعبدالله 2
اتحادیه_جهانی_ریاضیات 3
اتروسکی 13
اتمام 18,20
اثبات 12,12,12,20,31,32,32,32,32,35,9,9
اثباتی 31
اثری 47
اجباری 1,10,11,12,13,14,15,16,17,18,19,2,20,21,22,23,24,25,26,27,3,31,32,33,34,35,47,5,9
اجرا 34
اجرای 34
احتمالاً 21
احمد 2,2,2,2,34
اختراع 47
اختراق 2
اختیار 12
اختیاری 1,10,11,12,13,14,15,16,17,18,19,2,20,21,22,23,24,25,26,27,29,3,31,32,33,34,35,47,5,9
اخوان 2
اخیر 1,1,10,10,11,11,12,12,13,13,14,14,15,15,16,16,17,17,18,18,19,19,2,2,20,20,21,21,22,22,23,23,24,24,25,25,26,26,3,3,31,31,32,32,33,33,34,34,35,35,47,47,5,5,9,9,9
ادامه 46
ارائه 14,14,32
ارجاع 15,15,17,17,17,18,18,31,31
اردیبهشت 2
ارزش 20
ارزی 10,22,22
ارقام 13,13,15
اروپا 13,13,47,47
اروپائی 14
اروپائیان 47
اروپایی 13,14,47
اروپاییان 13
ازآن 18
ازای 12,46
اساس 13,13,13,23,32,47
اساسی 12,12,16,17,17,21
استانبول 2
استاندارد 1,17,47
استخراج 14
استفاده 10,11,12,13,13,13,13,14,15,15,16,17,18,19,19,2,20,20,20,21,22,23,24,25,26,26,31,32,33,34,34,35,35,46,46,47,47,9
استناد 20
استوکاستیک 20
اسلام 2,2,2
اسلامی 14,14,2,2
اسپکتروم 10
اسکندریه 21
اشاره 13,13,13,16,9
اشتباه 34
اشتراک 10
اشتغال 20
اصطلاح 13,14
اصطلاحات 14,20
اصطلاحاتی 14
اصطلاحاً 26
اصلی 1,10,11,12,13,14,15,16,17,18,19,2,20,21,22,23,24,25,26,27,3,31,32,33,34,35,47,5,9
اضافه 20
اضافهٔ 20
اضافی 20
اطلاع 14
اطلاعات 1,10,11,12,12,13,14,15,16,17,18,19,2,20,21,22,23,24,25,26,27,3,31,31,32,33,34,35,47,5,9
اظهار 14
اعتماد 14
اعداد 10,10,10,10,10,10,10,10,10,11,11,11,11,12,12,12,12,12,13,13,13,13,13,13,13,13,14,14,14,14,14,14,14,18,18,18,18,22,22,22,23,23,23,23,23,23,23,23,32,32,32,32,33,33,33,33,33,35,35,35,35,47,47,47,47,47,47,9,9,9,9,9,9
اعداد_اول_دوقلو 9
اعداد_اول_فیبوناتچی 10
اعداد_اول_ویلسون 11
اعداد_زائد 12
اعداد_عربی 13
اعداد_متعادل 14
اعدادی 14
اعراب 13,47
اعمال 33
افتخار 11,24,46
افرادی 13
افزایش 19,20,20,20,26,26
افلاطون 21
افکار 15
اقتباس 13
اقتصاد 20,20,20,20,20,20,20,20,20,20
اقتصادی 20,20,20,20,20,20,20,20
اقساط 20,20
اقلیدس 26
الامینی 10
التكامل 22
الزاماً 46
الطب 2
العد 47
العلاء 2
الفبای 13,47
الله 18
المشتاق 2
المعدة 23
الهازن 2
الهام 13
الهندي 47
الکساندر 20
الگو 13,13,16,16,17,17,2,2,20,21,21,34,34,47,47
الگوی 1,10,10,10,11,11,13,13,17,17,2,2,21,21,22,22,23,23,23,24,24,26,26,27,32,32,33,33,34,34,35,35,9,9
امروز 20
امروزه 13,13,15
امروزی 47
املا 14
اموی 2
امپراتوری 13
امکان 1,10,11,12,13,14,14,15,16,17,18,19,2,20,21,22,23,24,25,26,27,29,3,31,32,33,34,35,47,5,9
امین 33
ان_رقمی 15
انبار 47
انتخاب 20,34,34
انتشارات 47
انتظار 20
انتظاری 20
انتقال 19
انتگرال 16,16,16,17,17,17,17,22,22,22,22,22,22,22,22,22,23
انتگرال_حجمی 16
انتگرالگیری_جزء_به_جزء 17
انتگرالی 17
انجام 1,10,11,12,12,13,14,15,16,17,18,19,2,20,20,21,22,23,24,25,26,27,29,3,31,32,33,34,35,47,5,9
انجمن 27
اندازه 46
اندلس 13,47
انشا 14
انگلستان 10
انگلیسی 27
اهالی 21
اوایل 14
اوریه 47
اولند 12
اولی 17,9
اولین 15,26
اولیه 13
اوّل 33,33
اویلر 33
اکتبر 31,31,32,34
ایجاد 13,31
ایده 13,13
ایران 13,13,2,2,2
ایرانی 13,13,15,2,47,47
ایرانیان 47
ایست 20
ایسنا 9
ایشان 13
ایفا 22
اینجا 22,46
اینحال 13
اینطور 20
اینکه 17
بابت 20,20,20
بابلی 13,2
باره 13
بازار 20
بازبینی 1,1
بازه 18,18,18,18,18,18,18,18
بازپرداخت 20,20
بازگشت 34,47
بازگشتی 17
باستان 20,21,21
باستانی 13
باشد 10,12,12,12,12,12,12,14,15,17,20,20,22,25,32,33,33,46,9
باشند 10,12,12,12,12,14,17,46,46
باشیم 20
باعث 12,31
بالا 20,20,34,46
بالیایی 47
بامقداری 26
بانک 20
بانکی 20
باهم 46
باور 14
باید 10,11,12,12,20,20,20,20,20,34,34
بایک 26
بتوان 11
بجای 47
بخشی 20,34,34,34
بخصوص 17,26
بخواهیم 20
بدست 10,10,34,46,46,46
بدهی 20
بدهیم 12
بدون 1,1,12,14,15,15,15,15,18,18,18,18,27,31,31,31,31,31
برابر 10,12,14,20,20,20,22,26,26,46
براساس 13
براهمی 47
برای 1,1,10,10,10,10,11,11,12,12,12,13,13,13,13,14,14,14,14,15,15,15,16,16,16,17,17,17,17,18,18,18,18,18,18,18,19,19,2,2,20,20,20,20,20,20,21,21,22,22,23,23,23,23,23,23,23,24,24,25,25,26,26,26,26,28,3,30,31,31,31,32,32,32,32,33,33,33,33,33,34,34,34,35,35,35,46,46,47,47,5,8,9,9,9
برجسته 20
برحسب 20,20
برخی 14,14
بردار 46,46
بردیم 12
بررسی 23,32
بررّسی 33
برطبق 15,18,31
برقرار 23,23
برهم 46
برهمی 13
برپایه 47,47
برچسب 14
بزرگ 11,12,12,32,47,47,9,9
بزرگتر 12,12,12,12,12
بزرگی 26,35
بسازید 1,10,11,12,13,14,15,16,17,18,19,2,20,21,22,23,24,25,26,27,29,3,31,32,33,34,35,47,5,9
بسامد_فضایی 19
بسته 20
بسیار 17,17,22
بسیاری 13,22
بعبارتی 26,26
بعدی 12
بغداد 47
بفهمیم 34
بلکه 13,26
بنابر 12
بنابراین 11,12,12,33,46,46
بنگالی 47
بنگاه 20,20
بنیادین 34
به 17
بهای 20
بهبود 47,9
بهتر 14,20
بهره 20,20,20,20,20
بهمن 47
بودجه 20
بودن 12,32
بوده 31,35
بکار 13,26,47
بگوییم 46
بگیرد 20
بگیریم 12
بیان 11,18,18,18,19,20,20,23,32,33
بیزانس 13
بیش 46
بیشتر 1,1,10,10,11,11,12,12,13,13,14,14,15,15,16,16,17,17,18,18,19,19,2,2,20,20,21,21,22,22,23,23,24,24,25,25,26,26,26,28,3,30,31,31,31,32,32,33,33,34,34,35,35,46,47,8,9,9
بیشینه 46
بیضوی 35,35,35
بیضویِ 35
بیضی 25
بینهایت 15
بیژن 2
بیکاری 20,20
بیکران 18
تئائتتوس 21
تابع 16,16,17,22,22,22,22,22,22,22,29,46,46,46
تابع_انتگرال_لگاریتم 22
تابع_شمارش_اعداد_اول 23
تابع_منگولد 24
تابعی 23
تاریخ 1,1,20,20,21,21,31
تامی 12
تامیلی 47
تاکنون 9
تایلندی 13
تبتی 47
تبدیل 17,25,25
تبهگنی 25,25
تبهگنی_ 25
تجارت 20,20
تجاری 1,10,11,12,13,13,14,15,16,17,18,19,2,20,21,22,23,24,25,26,28,30,31,32,33,34,35,46,8,9
تحقیق 9
تحقیقات 35
تحلیل 34
تدریس 26
ترتیب 20,20
ترتیبی 13
ترجمه 13,34
ترجمهٔ 14,21
ترکیب 46,46
تشکیل 13
تصادفی 1,10,11,12,13,14,15,16,17,18,19,2,20,21,22,23,24,25,26,27,3,31,32,33,34,35,47,5,9
تصاویر 10,11,12,13,14,15,16,17,18,19,2,20,21,22,23,24,25,26,3,31,32,33,34,35,47,9
تصور 34
تصویر 19
تعادل 20
تعداد 10,10,11,15,22,23,23,23,9,9,9
تعریف 16,17,18,20,22,22,23,23,24,34,35
تعلق 25
تعميم 9
تغییر 26
تغییرات 1,10,11,12,13,14,15,16,17,18,19,2,20,21,22,23,24,25,26,3,31,32,33,34,35,47,5,9
تفکر 20,34
تفکرات 20
تقاضا 20
تقریب 22,23,23
تقسیم 1,10,12
تلفن 1,10,11,12,13,14,15,16,17,18,19,2,20,21,22,23,24,25,26,28,30,31,32,33,34,35,46,8,9
تلفیق 34
تلوگو 47,47
تمام 20,46
تمدن 2
تناسب 26,26,26
تناسب_ 26
تنسور 16,17
تنها 13,13
تهران 47
توابع 1,17,17
توابعی 17
توان 22
تواند 9
توانستند 23
توانيد 9
توجه 17,17,22,34,34,46
توجهی 22
تورم 20,20,20
توزیع 20
توسط 13,13,13,13,13,13,13,32,32,32,33,47
توسّط 14,14
توضیح 17
تولدو 2
تکرار 17,17
تکراری 1,1,1
تکنیک 26
تیلاین 47
ثابت 12,20,20,20,22,23,23,23,26,26,33,9,9,9
ثابتِ 33
ثابتی 20
جاری 35
جان_ویلسون 27
جایگذاری 46
جایگزین 13
جایی 46
جبر_مجرد 29
جبران 20,20
جبری 35,35
جدول 26
جدید 31
جریان 20
جزئیات 1,10,11,12,13,14,15,16,17,18,19,2,20,21,22,23,24,25,26,28,30,31,32,33,34,35,46,8,9
جستارهای 13,18,20,25,47
جستجو 12,12
جستجوی 12,12
جلوگیری 20
جمشید 2,2
جمله 10,10,10,10,10,10,13,17,17,22
جملهٔ 12,26
جنوبی 13,13
جهان 13,13,13,13,13,2,2,2,3,47
جهانخانی 20
جهانی 3
جواب 10
جوابی 12,12
حاصل 12,17,46
حاضر 20
حالت 18,20,25,46
حالتی 25
حالی 12
حامدبن 2
حبیب 18
حجمی 16
حداقل 18,20
حدس_ضعیف_گلدباخ 32
حدس_کرامر 33
حدود 47,47
حدوداً 22
حساب 1,1,1,10,10,10,11,11,11,12,12,13,13,13,14,14,14,15,15,15,16,16,16,17,17,17,18,18,19,19,2,2,20,20,20,21,21,21,22,22,22,23,23,24,24,24,25,25,25,26,26,26,27,27,29,29,29,3,3,31,31,31,32,32,32,33,33,34,34,35,35,35,47,47,47,5,5,5,9,9,9
حسابان 16,16,17,18
حقوق 14
حقیقی 18
حل_مسئله 34
حمزه 2,2
حوزه 47
حکمفرماست 26
حکمی 12
حکومت 13
خارج 16,17
خازن 2
خاطر 17,32
خانه 17,17
خانواده 25,47
خاور 13
خبرگزاری 9
خصوص 1,10,11,12,13,14,15,16,17,18,19,2,20,21,22,23,24,25,26,3,31,32,33,34,35,47,9,9
خلیلی 2
خم_بیضوی 35
خمری 47
خوارزمی 47
خوانده 13,14
خواننده 34
خواهد 12,12,17,20,20,26
خواهیم 46
خوبی 22,34
خودرو 26
دادن 46,46
داده 10,11,12,13,14,15,16,17,17,18,19,2,20,20,21,22,23,24,25,26,26,26,31,32,33,34,35,46,46,46,47,9
دارا 22
دارای 1,1,1,1,1,10,10,10,11,11,12,12,13,13,13,13,13,13,13,13,14,16,16,17,17,17,2,2,2,2,20,20,20,21,21,22,22,22,23,23,23,24,24,24,25,25,25,26,26,26,26,26,27,29,29,32,32,32,33,33,34,34,35,35,47,8,9,9,9
دارد 1,10,11,12,12,13,13,14,15,16,16,17,18,19,2,20,20,21,22,22,22,23,23,24,25,26,26,3,31,32,33,34,34,35,47,9,9
دارند 26,35,9,9
داریم 46
داشتن 46
داشته 15,20
دامنه 16,16
دانش 2
دانشجویان 17
دانشمند 11,47
دانشنامهٔ 1,10,10,11,11,12,12,13,13,14,14,15,15,16,16,17,17,18,18,19,19,2,2,20,20,21,21,22,22,23,23,24,24,25,25,26,26,27,29,3,31,31,32,32,33,33,34,34,35,35,47,47,9,9
دانشگاه 19
دانیم 10,10,11
دراین 34
دربار 2
درباره 21,32,32,33,33
دربارهٔ 1,10,11,12,13,13,13,14,15,16,16,17,17,18,19,2,2,20,20,21,21,22,23,24,25,26,3,31,32,33,34,34,35,47,47,47,9
درست 17,32,33
درستی 14
درصد 20
درکی 34
دریافت 20,20
دریافتی 20,20,20
دسامبر 17
دسترس 1,10,11,12,13,14,15,16,17,18,19,2,20,21,22,23,24,25,26,30,31,32,33,34,35,46,8,9
دسترسی 13
دسته 17
دستگاه 13,13,47,47
دشوار 17
دعوت 1,10,11,12,13,14,15,16,17,18,19,2,20,21,22,23,24,25,26,27,29,3,31,32,33,34,35,47,5,9
دقیق 23
دلالت 46
دلخواه 9
دلیل 31
دنباله 10,11
دنیا 13
دنیل 33
دهند 22,22,23
دهنده 20,20,20
دهگان 13
دوازدهم 20
دوران 20,20
دوره 19,20,20,20,20
دورهٔ 14,14
دوسارارت 23
دوست 21
دوقلو 9,9,9,9,9
دومین 17,17
دوگانه 20
دکتر 20,9
دیجیتالی 17
دیده 12,14
دیفرانسیل 16,16,16,16,17,17,17
دیواناگری 47
دیگر 10,11,12,13,13,13,13,13,14,15,16,17,18,19,2,20,20,20,20,21,22,22,23,23,24,25,25,25,26,3,31,32,33,34,34,34,34,35,35,47,47,9,9,9
دیگری 12
رابطه 2,23,23,26,26
رابطهٔ 26,26
راحتی 20,26
راست 12,18,19
راشی 47
رایانش 1
رایانه 1
رسالهٔ 14
رساندن 12
رفتن 34
رقمی 15,15,47
رمزگشایی 47
رنگی 34,34
روابط 10,13,24
روانی 34
روایت 17
روسی 13
روشنی 13,13,13
روشی 12,17
روند 34,34
رویدادهای 1,10,11,12,13,14,15,16,17,18,19,2,20,21,22,23,24,25,26,27,3,31,32,33,34,35,47,5,9
رویکرد 34,34
ریاضی 1,11,14,18,3,46,47
ریاضیات 10,11,13,13,13,13,14,14,2,21,21,23,25,25,26,26,3,31
ریاضیدان 13,13,13,13,15,21,24,47
ریاضیدانان 13
ریال 20
ریشهٔ 20
زائد 12,12,12,12,12,12,12,12,12,12,12,12,12,12,12,12,12,12,12,12
زائدند 12
زبان 13,13,13,13,13,13,13,13,16,16,2,2,25,25,26,26,26,26,26,26,47,8,8
زبوری 47
زحمت 12
زمان 15,20
زمانی 20
زمانیکه 46
زندگی 13
زوجی 12,12,12,12
زوجیت 12
زیاد 12,12
زیرا 12,46
زیرمجموعه 18
ساخت 1,10,11,12,13,14,15,16,17,18,19,2,20,21,22,23,24,25,26,27,29,3,31,32,33,34,35,47,5,9
ساختگی 47
ساده 12,17,26
سادهٔ 26
سادگی 17
سازمان 1,10,11,12,13,14,15,16,17,18,19,2,20,21,22,23,24,25,26,28,30,31,32,33,34,35,46,8,9
ساعت 1,10,11,12,13,14,15,16,17,18,19,2,20,21,22,23,24,25,26,26,26,30,31,32,33,34,35,46,8,9
سالانه 20,20,20,20
سامانه 1,1,1,10,10,10,11,11,11,12,12,12,13,13,13,14,14,14,15,15,15,16,16,16,17,17,17,18,18,18,19,19,19,2,2,2,20,20,20,21,21,21,22,22,22,23,23,23,24,24,24,25,25,25,26,26,26,27,27,27,29,29,29,3,3,3,31,31,31,32,32,32,33,33,33,34,34,34,35,35,35,47,47,47,47,47,5,5,5,9,9,9
سامانهٔ 34
سامی 13
سانسکریت 13
سایر 12,26
ستون 17,17,17
سختی 47
سخنرانی 13
سرانجام 47
سرتاسر 13
سرعت 26
سرعتی 26
سعید 2
سلطانی 2
سهمی 21
سومین 17
سپتامبر 11,24
سپردن 17
سیامک 12
سیریلیک 13
سیستمی 34
سینهالی 47
سینوس 19
سیکل 19
سیگنال 19
سەرەتایی 9
شامی 13
شانک 33
شاگردان 21
شخصی 13
شرایط 20,46
شرایطش 17
شرطی 11,20
شرقی 13,13,13,13,13,2
شروع 12,15,15,17
شعاع 25
شمارش 22,23,23
شمارشی 13
شمالی 13,47
شمسی 13
شناخت 14
شناختی 34
شورای 20,3,3
شوند 9
شوید 1,1,10,10,11,11,12,12,13,13,14,14,15,15,16,16,17,17,18,18,19,19,2,2,20,20,21,21,22,22,23,23,24,24,25,25,26,26,27,27,29,29,3,3,31,31,32,32,33,33,34,34,35,35,47,47,5,5,9,9
شویم 34
شکست 2
صادق 10
صحیح 12,12,12,12,12,12,12
صحیحی 12
صدری 21
صفجه 10,11,12,13,14,15,16,17,18,19,2,20,21,22,23,24,25,26,31,32,33,34,35,47,9
صفحه 1,1,10,10,10,10,10,10,11,11,11,11,11,12,12,12,12,12,12,13,13,13,13,13,13,14,14,14,14,15,15,15,15,16,16,16,16,16,17,17,17,17,18,18,18,18,18,19,19,19,19,19,19,2,2,2,2,2,2,20,20,20,20,20,20,21,21,21,21,21,22,22,22,22,22,22,23,23,23,23,23,23,24,24,24,24,25,25,25,25,25,26,26,26,26,3,3,30,31,31,31,31,32,32,32,32,32,33,33,33,33,33,33,34,34,34,34,34,34,35,35,35,35,35,35,46,47,47,47,47,5,8,9,9,9,9,9
صفحهٔ 1,1,10,10,10,11,11,11,12,12,12,13,13,13,14,14,15,15,15,16,16,16,17,17,17,18,18,19,19,19,2,2,2,20,20,20,21,21,21,22,22,22,23,23,23,24,24,24,25,25,25,26,26,26,27,27,3,3,31,31,31,32,32,32,33,33,33,34,34,34,35,35,35,47,47,47,5,5,9,9,9
صناعة 2,2
صنعت 20
صنعتی 20
صورت 10,11,12,12,12,12,12,12,12,12,13,14,15,16,16,17,17,17,17,18,19,19,2,20,20,20,20,20,21,22,22,22,22,22,22,23,23,24,25,26,27,29,3,31,32,32,33,34,34,35,46,46,47,9,9
ضرایب 46
ضریب 46
ضریر 2,2
ضعیف 32,32,32,32
طاهر 14
طبیعی 23
طریق 13,26
طریقه 47
طلایی 2
طوري 9
ظاهراً 12
عبارت 10,11,12,12,12,13,14,15,16,17,18,19,2,20,20,21,22,23,24,25,26,27,29,3,31,32,33,34,35,47,9
عبارتست 20
عبارتند 46
عبارتی 12
عباس 10
عبدالحمید 2
عبدالعلی 2
عبری 13
عبور 46
عددنویسی 47
عددنویسی_هندی 47
عددِ 33
عددی 11,13,13,23,47
عراقی 2,2,2
عربستان 13
عربستانی 47,47
عربی 13,13,13,13,13,13,13,13,13,13,13,13,13,13,14,47,47,47
عرصه 1
عرضه 20
علامت 13,17,17,47
علامتگذاری 17
علامتی 1,10,11,12,13,14,15,16,17,18,19,2,20,21,22,23,24,25,26,28,30,31,32,33,34,35,46,8,9
علمی 10,13,21,3,3
علوم 1,1,13,13,3,3,3,3
عملاً 12
عملیات 34
عمود 46
عمومی 10,10,10,10,10,10,20,20
عناصر 25
عناوین 13
عناوینی 17
عنصری 25
عنوان 13,20,20,22,34,46
عوامل 12
عیسی 2,2
غالب 13
غالباً 17
غولدباخ 32
غیرانتفاعی 1,10,11,12,13,14,15,16,17,18,19,2,20,21,22,23,24,25,26,28,30,31,32,33,34,35,46,8,9
غیرممکن 17
فاتحان 13
فارسی 13,13,13,13,14,47
فاصل 18
فاصله 18,18,9,9,9
فاصلهٔ 12
فاکتوریل 11,11,11
فراخوانی 1
فرانسوی 23
فراگیر 47
فردی 12,12,12
فرزند 21
فرضیه 9
فرمول 20,46
فرهنگ 20
فرهنگی 13
فرکانس 19
فضائی 1
فضایی 19,19
فعلاً 12
فمنیستی 20
فهرست 12
فوریهٔ 1,33
فکری 34
فیبوناتچی 10,10,10,10,10,10,10
فیبوناچی 10
فیزیک 22
فیزیکی 19
فیشر 20
قابل 10,11,12,13,14,14,14,15,15,15,16,17,17,17,18,18,18,19,2,20,20,20,21,22,22,23,24,24,25,26,26,31,31,31,32,32,33,34,35,47,9,9
قاضی 2,2
قاعدهٔ 14
قانون 26
قبیل 12
قدرت 20
قدیمه 2
قرآن 13
قرائت 13
قرار 10,12,13,17,17,46,47
قراردادی 47
قرمز 46
قرون 2,2,2,2,2
قسمتی 34
قضیه 11,12,12,12,12,12,12,22,33
قضیهٔ 12,12,12
قضیۀ 33
قطعی 9
قلاب 18,18
قلصادی 2
قلقشندی 2
قمری 13
كردند 9
كوچك 9
لائو 47
لازم 17
لاگرانژ 46,46
لحاظ 35
لزوما 13
لطفاً 14,15,18,31
للأعداد 23
لویی 46
لگاریتم 22,22,22,22,22,22
مؤثر 20
مارس 18,21
مالایالم 47,47
مالی 20,20,20,20,20
مانند 12,13,13,13,14,46,46,9
ماننده 23
ماهانه 20,20,20
مايِر 9
ماکزیموم 46
مایایی 13
مباحث 26
مباحثی 19
مبتنی 31
مبحث 12
مبلغ 20,20,20,20,20,20,20,20
مبلغی 20,20,20
متاخر 14
متحاب 14
متحده 3
متخصص 34,34
متصل 1,10,11,12,13,14,15,16,17,18,19,2,20,21,22,23,24,25,26,31,32,33,34,35,47,9
متعادل 14,14,14,14
متعارف 20
متعلق 1,10,11,12,13,14,15,16,17,18,19,2,20,21,22,23,24,25,26,28,30,31,32,33,34,35,46,8,9
متغیر 20
متغیّرهای 35
متفاوت 13,25,46,47
متفکران 20
متناسب 26
مثال 17,17,17,17,20,46
مثبت 12,12,17,17
مثبتی 12,12
مثلاً 12,22,35
مجدی 2
مجرد 29
مجله 10
مجموع 12,12,12,12,12,12,12,12,14,14
مجهول 26
محاسبات 15,20
محاسباتی 26,26,26
محاسبه 17,17,17,20,20
محاورات 21
محتاج 34
محتوای 10,11,12,13,14,15,16,17,18,19,2,20,21,22,23,24,25,26,31,32,33,34,35,47,9
محتویات 10,11,12,13,14,14,15,16,17,18,19,2,20,21,22,23,24,25,26,31,32,33,34,35,47,9
محدود 15,18,18
محدوده 16,23
محدودیت 46
محسوب 26,9
محلی 13,13,13,29
محمد 18,2,2,2,2
محیط 20,25
مخالف 12
مخترعان 47
مختصات 16,16
مختلط 35
مختلف 22,46,47
مختلفی 20,22
مخزن 1,10,11,12,13,14,15,16,17,18,19,2,20,21,22,23,24,25,26,31,32,33,34,35,47,9
مدتی 20,20
مدیریت 1
مراجعه 35
مراحل 34
مربوط 1,13,34
مربوطه 46
مرتبط 16,17
مرحله 26,34,34,34
مرداد 26,9
مردم 13,13
مرور 34
مسئله 34,34,34,34,34,34,34,34,34,34,34,34,34,9,9
مسئلهٔ 34
مسائل 1
مسافت 26,26
مساوی 22,46
مسایل 10,11,9
مستقیم 26,26
مستند 20
مستنصریه 2
مسطَّح 35
مسلمان 13,2
مسلمانان 13
مسکوت 15
مسیر 46,46,46,46
مسیرهای 46
مسیری 34
مشابه 13,13,13,29
مشاهده 13,16,17,2,20,21,23,34,47
مشتق 17,17,17
مشخص 20
مشهور 23
مصرف 20
مصری 47
مضارب 12,12,12
مضرب 12
مطالب 15,18,31
مطالعه 18,18,18
مطرح 15,26,33,33,34,9
مطلوبیت 20
مطمئن 34
مظفر 2
معادلات 46,46
معادله 10,12,20,20,35,46,46,46
معادلهٔ 12,20
معاذ 2
معرفی 13,13,14,14
معرّفی 14,14
معلوم 12
معلوماتی 34
معمول 20
معمولاً 1,17,20,20,20,25
معمولی 34
معني 9
معین 20,20,20,22
مغربی 2
مغولی 47
مفهوم 13
مقادیر 46
مقالات 14,16,17
مقاله 14,14,35
مقایسه 34,47,47
مقداد 22
مقدار 12,16,17,26,26,26,46,46
مقداری 26
مقسوم 12,12,12,12,14
مقیاس 20
مماس 46
ممکن 14,15,18,31,33
منابع 15,18,18,31
مناسب 34,34
منبع 15,18,26,26,31,31,31
منتشر 13,13
منتظم 21,21
منتقل 13
منتهی 18
منحنی 35,35,35,35,35
منسوب 21
منطقی 26
منظور 20
منفعة 2,2
منفی 17
منگلولد 24
منگولد 24
مهار 34
مهری 47
مهمی 35,9
مهندس 18,18
مواردی 34
موازی 14,46,46,46
موجود 11,13,34,47
مورخان 14
مورد 12,13,13,20,20,47
موسی 13,13,2,47
موضوع 15
موضوعات 1
موقت 20
موقعیت 13,34
مکعب 16
مکهی 13
میان 17
میانی 13
میخی 47
میروند 13
میزند 22
میلاد 21,47
میلادی 32,32,47,47
میلیون 9
مینارد 20,20,20
مینگ 32
مینیمم 46
میکناسی 2
ناقص 12,12
نامتناهی 9,9,9
نامشخص 15
نامی 13
نامیدن 32
نامیده 24
ناکامل 31
ناکمتر 12,12
نبود 13
نبودند 13
نتایج 12
نتيجه 9
نتیجه 10,12,12,12,12,12,12,12,16,17,20,26,46
نحوه 17,17
نخستین 14,14,17,20,47,47
نداند 34
ندهد 20
نرفته 34
نزدیک 23,25
نسبت 12,12,12,20,20,26
نسخه 1,10,11,12,13,14,15,16,17,18,19,2,2,20,21,22,23,24,25,26,3,31,32,33,34,35,47,9
نشان 12,12,24,46,9,9,9,9,9
نشانی 1,1,1,1,10,10,11,11,12,13,13,14,15,16,16,17,18,19,2,20,20,21,21,22,22,23,24,25,25,26,27,29,29,3,31,32,33,34,35,35,47,47,5,5,9
نشده 10,11,31,47,9
نشریات 20,20,20
نصیرالدین 2,2
نظام 47
نظریه 21
نظیر 17
نقاط 46
نقطه 13,25,46
نماد 22,22,23,23,24
نمادهای 13,47,47
نمادهایی 13
نمایش 10,13,13,2,22,22,22,22,23,23
نمایی 17
نمودند 47
نمونهٔ 26
نهايت 9
نهایت 15
نوار 10,11,12,13,14,15,16,17,18,19,2,20,21,22,23,24,25,26,27,29,3,31,32,33,34,35,47,9
نوامبر 2,26,35,46
نوشت 12,46
نوشتار 15,18,31
نوشتاری 47,47,47
نوشتن 13,13,13,18,47,47,47
نوشته 20,21,26,47,47,47
نوعی 24,35
نوین 13
نکته 20
نگارش 47,47
نگاه 34
نیاز 1,46
نیازمند 14,14,14,34,34,34
نیروی 20
نیست 1,10,11,12,12,13,14,15,16,17,18,19,2,20,21,22,23,24,25,26,27,3,31,32,33,33,34,35,47,5,9,9
نینداخته 34
نیوتن 15,15
نیوتنی 15
هائم 2
هترایی 47
هرچند 1,10,11,12,13,14,15,16,17,18,19,2,20,21,22,23,24,25,26,27,29,3,31,32,33,34,35,46,47,5,9
هزینه 20,20
هستند 46
هستیم 46
هفدهم 14
هفلگات 32,32
همان 10,14,26,26,32
همراه 20,20,29,47
همهٔ 1,10,10,11,11,12,12,13,13,14,14,15,15,16,16,17,17,18,18,19,19,2,2,20,20,21,21,22,22,23,23,24,24,25,25,26,26,3,3,31,31,32,32,33,33,34,34,35,35,47,47,5,9,9
همچنان 20
همچنین 1,17
همکاری 20,20
همیشه 9
همین 1,10,11,12,13,14,15,16,17,18,19,2,20,21,22,23,24,25,26,27,29,3,31,32,33,34,35,47,5,9
هندو 13
هندوستان 13,13,13
هندی 13,13,2,47
هندیان 47
هنوز 14
واحد 16,19,26,26,26,26,26,46,9
وارد 1,1,1,1,10,10,10,11,11,11,12,12,12,13,13,13,14,14,14,15,15,15,16,16,16,17,17,17,18,18,18,19,19,19,2,2,2,20,20,20,21,21,21,22,22,22,23,23,23,24,24,24,25,25,25,26,26,26,27,27,27,29,29,29,3,3,3,31,31,31,32,32,32,33,33,33,34,34,34,35,35,35,47,47,47,47,47,5,5,5,9,9,9
واری 19
واضح 12
واقع 12,20,31
واقعیت 12
والفیزز 22
وامی 20
واژگان 13,13,13,13,13,13,16,16,2,2,25,25,26,26,8
وجهی 21,21
وجود 1,12,13,13,13,13,13,13,13,13,13,13,13,13,13,13,13,13,13,13,13,13,13,15,15,16,16,16,16,16,16,16,16,16,17,17,17,17,17,17,17,17,17,17,18,18,18,2,2,2,2,2,2,2,2,2,2,2,2,2,2,2,2,20,20,20,20,20,20,20,20,20,20,20,20,20,20,20,20,20,20,20,20,20,20,21,21,21,21,21,21,21,21,21,22,22,23,23,23,25,3,3,3,3,3,3,3,3,3,3,3,3,3,3,31,32,32,34,34,34,34,34,34,34,35,46,47,47,47,47,47,47,47,47,47,47,47,47,47,47,47,47,47,9,9,9,9,9,9,9
وقتی 17,34
ويلسون 11
ویرایش 1,10,11,12,13,13,14,15,16,16,17,17,18,19,2,2,20,20,21,21,22,23,24,25,26,30,31,32,33,34,34,35,46,47,8,9
ویلسون 11,11,11,11,11,27
ویژه 1,10,11,12,13,14,15,16,17,18,19,2,20,21,22,23,24,25,26,3,31,32,33,34,35,47,47,9
ویژگی 14
ویکی 1,10,11,12,13,14,15,16,17,18,19,2,20,21,22,23,24,25,26,3,31,32,33,34,35,47,5,9
يافت 9
يعني 9
يِلديريم 9,9
٢٠٠٤ 9
پاداش 20
پادشاه 47
پادشاهی 3
پارامتر 17,17
پاره 25
پاسیفیک 3
پایان 20,20
پایدار 1,10,11,12,13,14,15,16,17,18,19,2,20,21,22,23,24,25,26,3,31,32,33,34,35,47,9
پایه 13,18
پذیرش 47
پرداخت 20,20,20,20,20,20,20,20,20,20,20,20
پرداخته 14
پرداختی 20,20
پلکانی 20
پهلوی 47
پویا 17,20
پينتز 9
پگون 47
پیتمن 47
پیدا 35
پیرامون 1,1,10,10,10,11,11,11,12,12,12,13,13,13,14,14,14,15,15,15,16,16,16,17,17,17,18,18,18,19,19,19,2,2,2,20,20,20,21,21,21,22,22,22,23,23,23,24,24,24,25,25,25,26,26,26,27,27,29,3,3,31,31,31,32,32,32,33,33,33,34,34,34,35,35,35,47,47,47,5,5,9,9,9
پیشرفته 13
پیشین 10,11,12,13,13,14,15,16,17,18,19,2,20,21,22,23,24,25,26,31,32,33,34,35,47,9
پیوند 1,1,10,10,10,10,10,11,11,11,12,12,12,13,13,13,13,13,13,14,14,14,15,15,15,16,16,16,17,17,18,18,18,19,19,19,2,2,20,20,20,21,21,21,22,22,22,23,23,24,24,25,25,25,26,26,29,3,3,31,31,32,32,33,33,33,34,34,34,35,35,35,47,47,47,47,47,5,8,9,9
پیوندهای 10,11,13,16,17,18,19,2,20,21,22,23,24,25,26,31,32,33,34,35,47,9
چالش 15,18,31
چراکه 9
چقدر 9,9
چنان 25
چندین 14,22
چنین 20
چهار 13
چهارم 47
چونکه 17
چگونگی 1,10,11,12,13,14,15,16,17,18,19,2,20,21,22,23,24,25,26,3,31,32,33,34,35,47,9
چیدمان 14
ژانویه 13,21
ژانویهٔ 30
ژانگ 9
ژاپنی 13
ژوئن 10
ژوئیهٔ 12,14,8
کاربرد 17,17,20,22,22,22,22,22
کاربردهای 35
کاربری 1,1,10,10,11,11,12,12,13,13,14,14,15,15,16,16,17,17,18,18,19,19,2,2,20,20,21,21,22,22,23,23,24,24,25,25,26,26,27,27,29,29,3,3,31,31,32,32,33,33,34,34,35,35,47,47,5,5,9,9
کاشف 13
کافی 12
کامل 32,47
کاملاً 46
کاملی 34
کانونش 25
کاهش 20
کتاب 13,14,14,21
کتابی 17
کرامر 33,33,33
کران 18,18
کراندار 18
کرانی 12
کردن 1,10,11,12,13,14,15,16,17,18,19,2,20,20,21,22,23,24,25,26,27,29,3,31,32,33,34,35,46,46,47,9
کرده 14,14,14,17,20,34
کردیم 34
کشانده 15
کشور 3
کشورهای 13
کشوری 3
کشیده 15,18,31
کلاسیک 21
کلمه 32
کمانک 18,18
کمتر 22,9
کمکی 46
کمیت 19,19,26
کناری 10,11,12,13,14,15,16,17,18,19,2,20,21,22,23,24,25,26,27,29,3,31,32,33,34,35,47,9
کنرا 47
کنید 14
کنیم 12,46
کوچک 12,12,12,12,23,33
کوچکتر 12,12
کیلومتر 26,26
گجراتی 47
گذاردن 15
گرادیان 46,46,46
گرایی 20
گردد 20,20
گرفت 13
گرفتند 47
گرفته 20,20
گرمکهی 47
گروه 10
گرچه 1,10,11,12,13,13,14,15,16,17,18,19,2,20,21,22,23,24,25,26,27,29,3,31,32,33,34,35,47,5,9
گسترش 13,17
گفتاوردهای 34
گفته 13
گلدباخ 32,32,32
گلدستن 9
گوئیم 26
گودرزی 18
گوناگون 1,14
گوناگونی 14
گونه 11
گوپتا 47
گویا 14
گویند 10
یادکرد 1,10,11,12,13,14,15,15,16,17,18,18,19,2,20,21,22,23,24,25,26,3,31,31,32,33,34,35,47,9
یادگار 47
یاری 34
یافت 13,13,31
یافتن 12,26,34,46
یحیی 2
یسیدرو 20
یعنی 12,12,12,18,18,18,20,20,20,32,34,46
یوسف 2
یونان 21,21,21,21,21
یونانی 2
یکای 19
یکبار 34
یکدستی 14
یکدیگر 13,26
یکسال 20
یکسان 14
