آخرین 38
آرامی 43
آزاد 4
آشوب 43
آغاز 43,43,43,43,43
آلبانیای 47
آلمانی 43
آمده 36,37,37,38,41,49
آموخت 43
آنالیز 1,1,43,43,43,43,43,43
آنتی 49
آنسون 42
آوانگاری 47
آوریل 4,5
آگاهی 49
آیتم 27,28,29,36,37,38,39,4,40,41,42,43,44,45,46,48,49,5,50,51
ابتدا 36,43,43,43
ابزاری 43
ابعاد 43
اتحادهای 28,28,28,28
اتصال 42
اتفاقی 43
اتونوموس 39
اثبات 43,43,43,43,43,43,43,43
اجازهٔ 43
اجباری 28,29,36,37,38,39,4,40,41,42,43,44,45,46,48,49,50,51
اجتماع 4,4,4
اجتماع_ 4
اجزاء 39,39,39
اجسام 43
احتمالاً 43
اختصار 39
اختلاف 43
اختیاری 28,36,37,38,39,4,40,41,42,43,44,45,46,48,49,50,51
اخلاقی 43
اخیر 27,27,28,28,29,29,36,36,37,37,38,38,39,39,4,4,40,40,41,41,42,42,43,43,44,44,45,45,46,46,48,48,49,49,50,50,51,51
اخیراً 41,43
ادامه 36,38,43,43,43,49
ادوین 41
ارائه 43,43
ارتباط 41,43,43,43
ارتباطات 43,43
ارتباطاتی 43,43
ارتباطش 43
ارتباطشان 43
ارجاع 27,27
ارزش 38,38,38,38,38
ارزیابی 41,41,41
ارمن_لوران 5
اروپا 43
ازای 4,41
ازین 43,43,43
اساس 43,43,43,43,43
اساسی 28,50
استاندارد 28,43,43,43,43,43,43,44
استثنایی 41,41
استدلال 43,43
استراوس 51
استفاده 1,27,28,28,28,28,28,28,29,3,36,36,36,37,37,37,37,37,38,38,38,39,39,39,4,4,40,40,41,41,41,42,42,42,43,43,43,43,43,43,43,43,43,43,43,43,43,43,43,43,43,43,44,45,46,48,49,5,50,50,51
استم 40,41,41
استوار 43,43
استیون 42
اسلام 43
اسلامی 43,43,43,43
اسناد 43
اسپلاین 42,6
اسکولم 43
اشاره 27,38,43,43,48,5
اشتراک 4,43
اشتراکی 43
اشتقاق 41
اشکال 43
اشیاء 43,43,43,43,43,43
اشیای 43
اصلی 28,29,36,36,37,38,39,4,40,40,40,41,41,41,41,41,41,41,42,43,43,43,43,43,44,45,46,48,49,50,51
اصول 43,43,43,43,43,43,43,43,43,43,43,43,43,43
اضافه 41,41,43
اضلاع 43
اطراف 40,40
اطلاعات 28,29,36,37,38,39,4,40,41,42,43,43,43,44,45,46,48,49,50,51
اطلاعاتی 43
اعتقادی 43
اعداد 38,38,38,38,38,43,43,43,43,43,43,43,43,43,43,43,43,43,43,43,43,43,43,43,43,43,43,48,48,48,48,5
اعشار 43
اعشاری 38
اعضای 3,4,4
اعمال 43,43
اغلب 29,38,43,43,43
افزایش 43,45
افزوده 43
افنا 43
اقتصادی 43
اقیانوس 43
الاقوامی 3
الحاق 4
الخوارزمی 43
الدوال 49
الدولي 3
الدین 43
الزامات 43
الزاماً 43
الفبای 47
الفروق 39
النفیس 43
الگو 28,28,28,28,3,3,39,39,4,4,43,43,43,43,43,43,47,47,47,47,47,49,49,50,50
الگوریتم 36,41
الگوهایی 43
الگوی 27,36,36,37,37,38,38,40,40,40,41,41,42,42,42,48,48,48,49,49,5,5,5,51
امروز 43,43
امروزه 43
امور 3,3
امکان 28,29,36,37,38,39,4,40,41,42,43,43,43,43,43,44,45,46,48,49,50,51,6
امیل 39
امین 45
انبار 47,47
انتخاب 4
انتخابی 42
انتروپی 43
انتشار 43
انتشارات 44
انتقال 43
انتهایی 41,41
انتگرال 28,28,28,28,28,28,43,43,43,49,49,49,49,49,50
انجام 28,36,36,36,37,37,38,39,4,40,41,41,42,43,43,43,43,44,45,46,48,49,50,51,6
انجمن 27,27,43
اندازه 40,43,43
انسان 43
انواع 45
انگارش 43
انگلیسی 27,27
اهمیت 43
اوایل 29,43,43
اولین 38,38,43,43,43
اولیه 43,43
اویلر 39
اکتبر 39,48
اکتشافات 43
اکثریت 43
اکنون 43,43,43,43
ایتالیایی 47,47,47
ایجاد 29,29,37,40,41,41,42,42,43,43
ایلامی 47
اینجا 43
اینکه 43,48
اینگونه 36
بابلیان 43
بازبینی 1
بازگشت 43,43
بازگشتی 40,40,41,41,41,43
باستان 43,43,43
باشد 4,43,43,43,43,44,48,48
باشند 43,43,43,43,45,48
باشیم 4
باقی 41
بالا 4
بالاتر 43
باید 28
ببرید 41
بتوان 43,43
بحران 43
بخشالی 43
بخصوص 43,43
بدست 36,36,36,36,37,37,37,38,40,41,43,43
بدهند 41
بدون 1,27,27,27,40,41,43,44,44,45
برآورده 1
برابر 38,44,44
برای 27,27,28,28,28,29,29,3,3,36,36,36,37,37,37,37,38,38,38,39,39,39,39,39,39,4,4,4,4,40,40,40,41,41,41,41,41,41,42,42,42,42,42,43,43,43,43,43,43,43,43,43,43,43,43,43,43,43,43,43,43,43,43,43,43,43,44,44,45,45,46,46,47,48,48,48,49,49,49,5,50,50,50,50,51
برخط 43
برخی 43,43,43
بردار 43,43
برداری 29
برده 43
بررسی 1,43,43
برروی 4
برسند 43
برطبق 27
بروز 43,43
بزرگ 4,43,43
بزرگتر 38
بسازید 28,36,37,38,39,4,40,41,42,43,44,45,46,48,49,50,51,6
بسامانی 4
بسیار 38
بسیاری 1,43,43,43,43,43,43,43
بشری 43
بشمرند 43
بعدی 36,37
بنابراین 44
بندی 43
بنیادی 28,29,43
بنیادینی 43,43
بنیان 43
بنیانی 43
بهبود 37,45,45
بهره 43
بهینه 40
بودن 43,43
بودند 43
بوده 43,43,48
بولی 43
بکار 42
بگیریم 43
بیان 29,43
بیرون 43
بیستم 29,43
بیشتر 27,27,28,29,3,36,36,37,37,38,38,39,39,4,4,40,40,41,41,42,42,43,43,43,43,44,44,45,45,46,47,48,48,49,49,5,5,50,50,51
تأثیر 43
تأسیس 43,43,43
تابع 36,37,37,39,39,39,45
تابعی 43,43,43
تاخیر 39
تاریخ 1
تاریخی 43,43
تانسوری 4,43
تبادل 43
تببین 43
تبدیل 28,38,41
تجاری 27,3,36,37,38,39,4,40,41,42,43,44,45,47,48,49,5,50
تجربی 43
تجرید 43,43,43
تجریدی 43
تحریک 43
تحقیق 43
تحقیقات 43,43,43
تحقیقاتی 43,43
تحلیلی 43,43
تخصصی 43
ترتیب 36,38,4,41
ترویج 3
ترکیب 43,43,43
ترکیبی 37,42,42
تسویر 43
تشکیل 29,29,43
تصادفی 28,29,36,37,38,39,4,40,41,42,43,44,45,46,48,49,50,51
تصاویر 1,27,28,29,36,37,38,39,4,40,41,42,43,44,45,46,48,49,5,50,51
تصریح 4
تصور 43
تصویرسنجی 3
تطبیق 37,42
تعاریف 43,43
تعداد 41
تعدادشان 43
تعدادی 43,43
تعریف 4,40,41,41,41,43,43,50
تعریفی 43
تعلق 43
تعمیم 43
تعیین 43
تغییر 28,28,43,43
تغییرات 27,28,29,36,37,38,39,4,40,41,42,43,43,43,43,44,45,46,48,49,50,51
تغییراتش 43
تفاضل 39,39,39,39,39
تفاضلات 39,39,39,39
تفریق 43
تقریب 39,39,39,43
تقریبی 36,39
تقسیم 38,39,43,43,45
تكاملات 49
تلاش 41
تلفن 27,3,36,37,38,39,4,40,41,42,43,44,45,47,48,49,5,50
تلقی 43,43
تمام 41,41,41,41,43,43,43
تمامی 43
تمایز 29
تمرکز 43,43
تناظر 45
تنسور 28,50
تنها 36,43
توابع 28,28,28,28,39,43,43,43,43,49,49,49,49,49
توافق 43
توان 28,38
توانایی 43
توانی 39
توجه 28,37,43,45
توسط 37,40,41,41,41,43,43,43,43
توسعه 3,36,40,41,43,43,43,43,43,43,43,43,43
توسعهٔ 43
توصیف 43,43,43,43,43,43
تولم 39
تولید 41
تونی 41
توپولوژی 43,43,43,43,43,43,43
تکرار 40,40,41
تکرارهای 40
تکوین 43
تکین 43
تیلور 39
تەواوکاری 49
ثابت 41,45
ثمربخشی 43
جامع 43
جانشینی_مثلثاتی 28
جایزه 41,43,43,43
جایزهٔ 43
جایگزین 42
جبری 29,29,39,43,43,43,43
جدال 43
جدول 36,37
جدید 40,40,41,41,41,43,43,43,47
جدیدی 41,43,43
جزئیات 27,3,36,37,38,39,4,40,41,42,43,43,44,45,47,48,49,5,50
جستارهای 38,39,43
جستجویی 43
جعبه 5,5
جمعیت 39
جمله 43,43,43,43
جهان 38,43,43,43,43
جهانی 3,3,43,43,43
جواب 43
جواد 44
جوایز 43,43
جیمز 41
حاصل 41
حالت 36,41,43
حالی 43,43,43,43
حجمی 43
حداقل 41,43
حداکثر 43
حدود 28,43,43
حرفه 43
حساب 28,28,28,36,36,37,37,37,38,38,38,39,39,39,39,39,39,4,4,4,40,40,41,41,42,42,42,43,43,43,43,43,43,43,43,43,43,43,44,44,44,45,45,46,46,48,48,48,49,49,50,50,50,51,51,51,6
حسابان 28,28,50,50
حسابی 43
حقایق 43,43
حقیقت 43
حقیقی 43,43,43
حلقه 29
حوزه 29
حیاتی 43
حیوانات 43
خارج 28,38,4,50
خالص 3,3
خدمات 43
خصوص 27,28,29,36,37,38,39,4,40,41,42,43,44,45,46,48,49,5,50,51
خصوصیات 29
خواص 4,43,43,43,43
خوانده 41,43
خواهد 36,36,37,38,39,41,42,44
خواهند 36
خواهیم 36,39
خوبی 43
خویش 43,43,43
خیام 43
خیلی 43
دائماً 38
داخلی 43
دادن 43
دادند 43
داده 1,27,28,29,3,36,36,36,37,38,39,4,40,40,41,41,42,43,43,43,44,45,46,48,49,5,50,51
دارای 1,27,28,28,36,36,36,37,37,38,38,39,39,39,39,40,40,41,41,41,42,42,44,44,44,47,48,48,49,49,5,5,5,50,50,50,51
دارد 1,1,27,28,29,36,37,38,38,39,4,4,40,41,42,43,43,43,43,44,45,46,48,49,5,50,51
دارند 43,43,43,43,43
داشت 28,43
داشته 4,43,43,48
دانش 3,3,43
دانشنامه 43
دانشنامهٔ 1,27,28,28,29,3,36,36,37,37,38,38,39,39,4,4,40,40,41,41,42,42,43,43,43,44,44,45,45,46,46,48,48,49,49,5,5,50,50,51,6
دانیل 40
درآمده 43
درآورد 43
دربارهٔ 27,28,28,28,29,3,36,37,38,39,39,4,4,40,41,42,43,43,43,43,43,44,45,46,47,47,47,48,49,49,5,50,50,51
درجه 40
درست 43
درستی 43,43
درون 36,43
درونیابی 36,36,36,36,36,36,36,36,37,37,37,37,37,37,37,42
درونیابی_دوخطی 36
درونیابی_دومکعبی 37
درگیر 43
دریافت 27
دسامبر 40,41,42
دستاوردهای 43,43,43,43
دستاوردهایی 43
دسترس 27,28,3,36,37,38,39,4,40,41,42,43,44,45,47,48,49,5,50
دستنویس 43
دسته 43,43,43,45,48,48,48
دستگاه 38,38,38,43,43,43,43
دعوت 28,36,37,38,39,4,40,41,42,43,44,45,46,48,49,50,51,6
دقیق 1,28,43
دلار 43
دلتای 39
دلخواه 4,41,41,41
دلیل 41,43
دنبال 43,43,43,43
دنباله 43
دنیای 43
دهدهی 38,38,38
دهنده 41
دهیم 4
دوخطی 36,36,42
دوران 43
دوره 43,43
دورهٔ 43
دوقلو 43
دومکعبی 37,41,41,42
دومی 40
دچار 43
دیجیتالی 43,43,43
دیروز 41
دیفرانسیل 1,28,28,28,28,39,39,39,39,39,39,39,39,39,39,39,43,43,43,43,43,43,43,43,43,43,43,50,50
دینامیکی 43
دیوید 39,39
دیگر 1,1,27,28,28,29,29,29,36,36,36,36,37,37,38,38,39,39,4,4,40,41,41,42,42,42,43,43,43,43,43,43,43,43,43,43,43,43,43,43,43,44,44,45,46,46,48,49,5,50,50,51
دیگران 43
دیگری 43
ذخیره 43
رابطهٔ 43
رازهای 43
راست 38,40
رافائل 43
راهنمایی 45
رایانه 40,40,41,41,43,43
رزاقی 38
رسته 29
رسید 43
رفتار 43
رفتن 27
رنسانس 43
روابط 28,43
روابطی 43
روبیک 29
روزانه 38
روش_تفاضل_محدود 39
روشی 46
روند 37,40,40,41,43
رونگ 39
رویدادهای 28,29,36,37,38,39,4,40,41,42,43,44,45,46,48,49,50,51
رویه 40,40,40,40,41,41,42,42,42
رویه_زیربخش_دو 40
رویه_زیربخش_کتمول 41
رویه_کونز 42
ریاضی 1,1,41,43,43,43,43,43,43,43,43,43,43,43,46
ریاضیات 1,37,43,43,43,43,43,43,43,43,43,43,43,43,43,43,43,43,43,43,43,43,43,43,43,43,43,43,43,43,43,43,43,43,43,43,43,43,43,43,43,43,43,43,43,43,43,43,43,43,43,43,43,43,43,45,45
ریاضیاتی 29,3,43,43,43,43,43,43,43,43,43,43,43,43,43,43
ریاضیدان 27,43,43,43,43,43,48,5
ریاضیدانان 43,43,43,43,43
ریمانی 43
زاده 27,48,5
زاویه 43,44
زاویهٔ 44,44
زبان 28,28,28,36,36,39,39,39,43,43,43,44,44,44,44,50,50
زمان 43,43,43,43,43,43
زمانمند 43
زمانی 43,43,43
زمینه 41
زمینهٔ 43
زیاد 43
زیادی 40,41,43,45
زیبایی 41
زیربخش 40,40,40,40,40,40,41,41,41,41,41,41
زیرمجموعه 4
سابین 40,40
ساخت 28,36,37,38,39,4,40,40,41,41,42,43,43,43,43,43,43,44,45,46,48,49,50,51,6
ساختار 29,29,29,43,43,43,43,43,43,43
ساختارهای 43,43,43
ساخته 40,41,43
ساختی 4
ساده 40,43
سازمان 27,3,3,36,37,38,39,4,40,41,42,43,44,45,47,48,49,5,50
سازه 29
سازگاری 43,43
سازی 41,43,43
ساعت 27,28,3,36,37,38,39,4,40,41,42,43,44,45,47,48,49,5,50
سالانه 43
سامانه 28,28,28,36,36,36,37,37,37,38,38,38,39,39,39,4,4,4,40,40,40,41,41,41,42,42,42,43,43,43,44,44,44,45,45,45,46,46,46,48,48,48,49,49,49,50,50,50,51,51,51,6,6
سرآغاز 43
سراسر 43
سرعت 43
سرنویس 43,43
سرواژهٔ 44
سروکار 38,43
سریع 43,43
سطحی 37,40
سلسله 43
سنجش 3
سوترا 43
سوریوک 43
سپتامبر 44,5,5
سکانت 44,44
سیستم 38,43,43,43,43,43
سینا 39,39
سینوس 43
شاخه 43,43,43,43
شامل 28,28,28,29,41,43,43,43,43,43,43,43,43,43,43,43,43
شاگرد 27
شاید 43
شباهت 43
شبکه 40,40,40,40,41,41,41,41
شتابداری 43
شدند 43,43
شدهٔ 43
شرایط 40,41
شرایطی 43
شروع 43,43
شمارش 43
شمردن 43
شناخت 43
شناخته 43,43,43,43,48
شناختی 43
شناساگر 45
شناساگر_ 45
شناساگرهای 45,45
شناساگرهایی 45
شهودگرایانه 43
شواهد 43
شورای 3,3,39
شوید 28,28,36,36,37,37,38,38,39,39,4,4,40,40,41,41,42,42,43,43,44,44,45,45,46,46,48,48,49,49,50,50,51,51,6
شگفت 1
شیمی 43
شیوه 40,40,40,41,41,41
صافتر 41
صافتری 41
صافی 40
صحیح 38,43,43,43,44
صفجه 1,27,28,29,3,36,37,38,39,4,40,41,42,43,44,45,46,48,49,5,50,51
صفحه 1,1,1,1,27,27,27,27,27,28,28,28,28,28,29,29,29,29,3,3,3,3,36,36,36,36,36,36,37,37,37,37,37,38,38,38,38,38,39,39,39,39,39,4,4,4,4,4,40,40,40,40,40,40,41,41,41,41,41,41,42,42,42,42,43,43,43,43,43,43,44,44,44,44,44,45,45,45,45,46,46,46,47,48,48,48,48,49,49,49,49,49,49,5,5,5,5,5,50,50,50,50,50,51,51,51
صفحهٔ 1,27,28,28,28,29,29,29,3,36,36,36,37,37,37,38,38,38,39,39,39,4,4,4,40,40,40,41,41,41,42,42,42,43,43,43,44,44,44,45,45,46,46,48,48,48,49,49,49,49,5,50,50,50,51,51,51
صنعت 43
صورت 28,36,37,37,38,39,39,4,40,40,41,41,42,43,43,43,43,44,45,46,48,49,5,50,51,6
صورتی 37,43
صوری 29,43,43,43,43,43,43
ضرایب 37,39,43
ضرایب_لاگرانژ 46
ضروری 43
ضلعی 41
ضمنی 43
طبعیت 43
طبیعت 43,43,43
طبیعی 4,43,43,43,43,48
طراحی 42
طرفین 39
طریق 43,43
طلایی 43
طوری 48
ظاهر 38,42,43,43,43,43,43
ظهور 43
عبارات 28
عبارت 28,28,28,28,29,36,37,38,39,4,40,41,42,43,43,43,44,45,46,48,49,5,50,50,51,6
عبارتی 50
عددی 38,38,39,39,39,39,39,43,43,43,43,48,48,48,48
عربی 43
علامتی 27,3,36,37,38,39,4,40,41,42,43,44,45,47,48,49,5,50
علاوه 43,43
علمی 3,3,3,3,3,43
علوم 3,3,43,43,43,43,43,43,43,43
عملاً 43
عملی 43,43,43
عملیات 43,43,43,43
عملیاتش 43
عملیاتی 43
عمومی 1,40,41
عناصر 43
عنوان 41,43,43,43,43,43,43,43,43,43,43,43,43,43
غیرانتفاعی 27,3,36,37,38,39,4,40,41,42,43,44,45,47,48,49,5,50
غیرخطی 39
غیردولتی 3
غیرقابل 43
فارس 43
فراخوانی 1
فرانسوا_پروت 48
فرانسوی 48,5
فراهم 29
فرایض 43
فردریش 43
فرهنگ 44
فریدریش 43
فزاینده 43
فشرده 43
فضاهای 29,43,43
فضایی 42
فعالیت 3,43
فعالیتی 43
فعلی 40
فلسفه 43
فهرست_انتگرال_توابع_گویا 49
فهرستی 49,49
فوریه 38
فوریهٔ 49,5,50
فیثاغورث 43
فیثاغورثی 43
فیزیک 3
فیزیکی 43,43
فیلد 43
فیلدز 43
قابل 1,27,27,28,29,3,36,37,38,38,39,39,4,4,40,41,41,42,42,43,43,43,44,45,45,46,46,48,48,49,5,50,50,51,51
قابلیت 43
قاعده 50
قاعده_ضرب 50
قانونمند 42
قبلی 41
قدردانی 43,43
قدیم 43
قرار 38,43
قرمز 36
قسمت 38,4,43
قضایا 43,43
قضایای 43,43,43,43
قضیای 43
قضیه 43,43,43,43,43,43
قضیه_اردیش 51
قضیهٔ 43
قطری 4,40
قطعی 43
قلمرو 43,43
قلمروهای 43,43,43,43
قواعد 43,43
قوانین 28
قیاسی 43
لاگرانژ 46
لایبنیدز 50
لاینحل 43
لاینحلی 43
لحاظ 43
لزوماً 40
لطفاً 27,37,45
لفروق 39
لوران 5
لویی 39,39
لیاپونوف 39
لیست 43,43,43,43
لیندلف 39
لیندلوف 39
لیپشیتز 39
مؤسسات 3
ماتریس 41,43
مارتین 4
مارس 28,3,36
ماریا 39,39
ماشین 42
مالکوم 40
مالیات 43
مانند 37,38,38,4
مباحثی 43
مبانی 1
مبنای 38,38,38,41
متحد 29
متحول 43
متداول 38
مترپذیری 43
متشکل 37
متصل 27,28,29,3,36,37,38,39,4,4,40,41,41,42,43,44,45,46,48,49,5,50,51
متعدد 43,43
متعددی 43
متعدی 4
متعلق 27,3,36,37,38,39,4,40,41,42,43,44,45,47,48,49,5,50
متغیر 36,36,39,43
متغیره 43
متغیرهٔ 43
متفاوت 47,47
متمدن 38
متمرکز 43
متمم 4,4,4,4
متناهی 43
متوالی 38
متوسط 41,41,41
متون 43
متیو 5
مثال 43,43,43
مثالی 43
مثلاً 43
مثلث 43
مثلثات 43
مثلثاتی 28,28
مجانبی 39
مجدد 36
مجرد 43,43,43
مجموعه 4,4,4,4,4,4,43,43,43,43,43,43,43
مجموعهٔ 4,43,43,43
محاسبات 43
محاسباتی 43,43
محاسبه 28,43,43,43
محاسبهٔ 43
محاسبۀ 50,50
محتواگرا 43
محتوای 1,27,28,29,3,36,37,37,38,39,4,40,41,42,43,44,45,45,46,48,49,5,50,51
محتویات 1,27,28,29,3,36,37,38,39,4,40,41,42,43,44,45,46,48,49,5,50,51
محدب 43
محدود 39,39,39,41
محلی 43,43
مخالف 44
مختلط 39,43,43,43,43,5
مختلف 29,43,43,43
مخرج 44
مخزن 27,28,29,3,36,37,38,39,4,40,41,42,43,44,45,46,48,49,5,50,51
مدال 43,43
مدرسه 27
مدرن 38,43,43,43,43,43
مدعی 43
مدنظر 36
مدول 29
مراتب 43
مربع 36,37,37,42
مربوط 1,1,43,43,43,43,43,43,43,43,43
مرتبط 28,41,41,43,43,43,43,43,43,50
مرجع 43,43
مرحله 43
مردم 43
مرکز 41
مرکزی 43
مسئله 41,43,43,43,43
مسئلهٔ 43
مسائل 43,43,43,43,43,43,43,43,43,43
مسائلی 43
مساحت 43,43
مستحکم 43,43,43
مستقیم 4,41,41
مستقیماً 40
مستند 39
مسطح 41
مسندات 43,43
مسیح 43
مشابه 43,43
مشابهی 43,43
مشاهده 28,28,3,39,4,43,43,43,43,47,47,47,49,50
مشبکه 29
مشترک 29,43
مشتق 37,39,50
مشتقات 37,39
مشخص 36,36,37,37,43
مشهور 43
مصوب 44
مضرب 4
مطالب 27
مطالعات 29,43
مطالعاتی 43,43
مطالعه 29,43,43,43,43,43,43,43,43,43,43,43,43,43,43
مطالعهٔ 43,43,43,43,43,43,43
مطلب 43
مطلق 43
معادل 39
معادلات 1,37,39,39,39,39,39
معادله 37
معادلی 43
معرفی 43,43,43
معروف 43,43
معروفی 43
معروفیت 43
معمول 37
معمولاً 43,43
معمولی 36,37
معنا 43
معنایی 43
معکوس 28,43,44
معین 28
مفاهیم 1,43,43,43
مفاهیمی 43,43
مفهوم 1,43,43,43,43
مفهومی 29
مقادیر 36,37,37,37
مقالات 28,43,43,50
مقاله 37,45
مقایسهٔ 43
مقدار 28,36,36,37,43,50
مقدارهای 36
مقدماتی 43,43
ممکن 27,41,43,43
منابع 27
مناسب 39
منبع 27
منتخبی 43
منتشر 43,43
منجر 43,43,43
منحنی 42,43
مندی 43
منطق 43,43,43,43,43,43,43,43,43,43,43,43,43
منظور 28,43
منیفلد 43
مهمی 1,43
مهندسی 43
موجود 43
موجودات 1
مورد 36,38,38,43,43,43,43,43
مورس 43
موضعی 46
موضوع 4,4,4,4,4,4,4,4,43
موضوعات 28,43,43,43,43
موضوعاتی 1
موضوعه 43,43,43,43,43,43,43,43,43
موضوعی 43
مکانی 38,38
مکانیک 43
مکتب 43
مکعب 29
مکعبی 37,41,42
میخائیل 43
میخی 47,47
میدان 29,43
میرشکاری 44
میلاد 43,43,43,43,43
میلادی 43,43
میلیون 43,43
ناتمام 43
ناتمامیت 43
نادرستی 43
ناشمارا 4
ناشناخته 36,37
ناشی 1
نامتناهی 43
نامعقول 43
نامعین 39
نامگذاری 42
نامیده 39
ناپذیر 43
ناکامل 43
نایل 43
نباشد 37
نباید 36,44
نتایج 43
نتیجه 28,36,39
نجوم 43
نحوی 43
نزدیک 37
نزدیکی 43
نسبتاً 43
نسخه 27,28,29,36,37,38,39,4,40,41,42,43,44,45,46,48,49,5,50,51
نشان 36,4,4,4,4,41,41,43,43,43,43,43
نشانی 28,28,36,37,37,38,39,4,40,41,42,43,44,44,45,46,48,49,50,51,6
نشده 43
نظام 43,43,43
نظری 43,43
نظریه 29,4,4,4,43,43,43,43,43,43,43,43,43,43,43,43,43,43,43,43,43,43,43,43,43,43
نظریهٔ 43,43
نقاط 36,36,37,40,41,41,41,41,41,41,42,43
نقطه 36,36,36,37,39,41,41,41,41,41,41,41,43
نمادهای 43
نمایانگر 40
نمایش 4,43,44,47
نمایی 28,39,41
نمودند 43
نمونه 28
نهایت 43,43
نهایی 36
نوآورانه 43
نوار 28,36,37,38,39,4,40,41,42,43,44,45,46,48,49,5,50,51,6
نوامبر 36,37,40,45,47
نورث 43
نوزدهم 43,43
نوشت 37
نوشتار 27
نوشتن 43
نوعی 40
نوین 43
نگاه 49
نیاز 43
نیازمند 37,37,37,45,45,45
نیایند 43
نیست 28,29,36,37,38,39,4,40,40,41,42,43,44,45,46,48,49,50,51
نیکا 43
نیکولسون 39
نەخشە 49
هاوس 27
هایشان 29
هردو 43,43
هرمن 5
هرمیت 42
هرنقطه 41
هرچند 28,36,37,38,39,4,40,41,42,43,44,45,46,48,49,50,51,6
هرچه 43
هرگاه 43
هزار 43
هزاره 43
هزارهٔ 43
هزینه 43
هستند 36,42,43,43,43,43,45,48
همانطوری 36
همجوار 37
همراه 29,39,39,39,41
همزمان 43
همسایه 37,41,45
همهٔ 1,27,27,28,28,29,29,36,36,37,37,38,38,39,39,4,4,40,40,41,41,42,42,43,43,44,44,45,45,46,46,48,48,49,49,5,50,50,51,51
همواره 28
همچنین 38,43,43,43,43,43
همگرایی 39
همین 28,36,37,37,38,39,4,40,41,42,43,44,45,46,48,49,50,51,6
هندسه 43,43,43,43,43,43,43,43,43
هندسی 43
هندی 43
هنوز 43,43,43,43,43
هنگامی 38
هومومورفیسم 29
هیلبرت 43
وابسته 39,39
واحد 36,37,37,42
وادی 43
وارد 28,28,28,36,36,36,37,37,37,38,38,38,39,39,39,4,4,4,40,40,40,41,41,41,42,42,42,43,43,43,44,44,44,45,45,45,46,46,46,48,48,48,49,49,49,50,50,50,51,51,51,6,6
وارون 28,49,49
واقعی 43
واژگان 28,28,36,36,39,39,39,44,44,50,50,50
وبگاه 43
وجهی 40,41,41,41,41,41
وجود 1,1,27,28,28,28,28,28,28,28,28,28,28,28,28,3,3,3,3,3,3,3,3,3,3,3,3,3,36,37,39,39,39,39,39,39,39,39,39,39,39,39,39,39,39,39,39,4,4,4,4,4,4,4,4,4,4,4,4,4,4,4,4,41,43,43,43,43,43,43,43,43,43,43,43,43,43,43,43,43,43,43,43,43,43,43,43,43,43,43,43,43,43,43,43,43,43,43,43,43,43,43,43,43,43,43,43,43,43,44,47,47,47,47,47,47,47,47,47,47,47,47,47,47,47,47,47,47,47,47,47,47,47,47,47,47,47,47,47,47,47,47,47,47,47,47,47,47,47,47,47,47,47,47,47,47,47,47,47,47,47,47,47,47,47,47,47,47,47,47,47,47,47,47,47,47,48,48,49,5,50,50,50,50,50,50,50,50,50
وزنهای 41
وسیعی 29
وسیله 43,43,43
وصله 42
وقتی 44
ولهلم 39,39
ويلسون 27
ویرایش 27,28,28,28,3,3,36,37,37,38,39,39,4,4,40,41,42,43,43,43,43,44,45,45,47,47,47,47,48,49,49,5,50,50
ویستن 43
ویژه 27,28,29,36,37,38,39,4,40,41,42,43,44,45,46,48,49,5,50,51
ویژگی 4
ویکی 27,28,29,36,37,38,39,4,40,41,42,43,44,45,46,48,49,50,51
پارسی 43
پاسخ 36
پالایش 40,41,41,41
پالایه 40,40
پاگواش 3
پایان 43
پایدار 27,28,29,36,37,38,39,4,40,41,42,43,44,45,46,48,49,5,50,51
پایه 38,4,4,4,40,43,43
پایهٔ 38,38,38,38
پایگاه 43,43
پدیدار 43
پدیده 43
پذیری 43,43
پرتقال 43
پرداخت 43
پروت 48,48,48,48,48
پرچم 47,47
پرگار 43
پلیمپتون 43
پیامد 43
پیامدهای 43
پیدا 43,43,43
پیرامون 1,27,28,28,28,29,29,3,36,36,36,37,37,37,38,38,38,39,39,39,4,4,4,40,40,40,41,41,41,42,42,42,43,43,43,44,44,44,45,45,45,46,46,46,48,48,48,49,49,49,5,50,50,50,51,51,51,6
پیرس 43
پیشتر 43
پیشرفت 43,43,43
پیشین 1,27,28,29,3,36,37,38,39,4,40,40,41,42,43,44,45,46,48,49,5,50,51
پیوسته 37,43
پیوند 1,27,27,28,28,28,29,29,29,36,36,36,37,37,37,38,38,39,39,4,4,40,40,40,41,41,41,42,42,43,43,43,43,43,43,43,44,44,44,45,45,46,46,47,48,48,49,49,5,5,50,50,51,51
پیوندهای 1,27,28,29,3,36,37,38,39,4,40,41,42,43,44,45,46,48,49,5,50,51
پیچیدگی 43,43
پیکارد 39,39,39
چارچوب 43
چارچوبی 29,29,43
چالش 27
چراکه 44
چرتکه 43
چندوجهی 41
چندین 43
چنین 43,43,43,43
چهار 37,37,37,40,42,42,42,43,43
چهارگوش 40
چگونه 43
چگونگی 27,28,29,36,37,38,39,4,40,41,42,43,44,45,46,48,49,5,50,51
چینی 38,47,47
ژئودزی 3
ژانویه 43
ژانویهٔ 38,42,43
ژوئن 27,37
ژورنال 43
کاربرد 43
کاربردهای 37,41,43,43,43,43
کاربردهایشان 43
کاربردی 1,43,43,43,43,43
کاربری 28,28,36,36,37,37,38,38,39,39,4,4,40,40,41,41,42,42,43,43,44,44,45,45,46,46,48,48,49,49,50,50,51,51,6
کاردینال 43
کارهای 27,41,43,43,43,48,5
کامل 39,43,43,49
کاملاً 43
کامپیوتر 43,43,43
کامپیوتری 40,41,42
کانتور 43
کاوش 43
کتاب 43,43
کتابخانه 39
کتابی 28,43
کتمول 40,41,41,41,41
کرانه 4
کردن 1,28,28,36,37,37,38,39,4,40,41,41,42,43,43,44,45,46,48,49,5,50,51,6
کردنشان 43
کرده 43,43,43,43
کرنک 39
کریپکه 43
کسینوس 43,44
کشفیات 43,43,43
کشیده 27
کلارک 40,41,41,41,41,41
کمال 43
کمبریج 27
کمیت 43,43,43,43,43,43,43,43
کناری 28,36,37,38,39,4,40,41,42,43,44,45,46,48,49,5,50,51,6
کنترل 39
کنترلی 40
کننده 43
کنونی 43
کنید 36,37
کوانتومی 43
کوتا 39
کونز 42,42,42,42
کوهن 4
کوچک 38
کوچکتر 38
گالرکین 39
گالوا 43
گذار 43
گرجی 47
گردایه 43,43
گرفت 43
گرفتن 43
گرفته 43,43
گروه 29
گرچه 28,36,37,38,39,4,40,41,42,43,44,45,46,48,49,50,51
گسترده 43
گسسته 43
گفتاوردهای 43
گفته 38
گلدباخ 43
گنتزن 43
گودل 43
گوشه 37,42,42
گونه 43,43
گویا 43,43,49,49
گویند 43
یادکرد 27,27,28,29,36,37,38,39,4,40,41,42,43,44,45,46,48,49,5,50,51
یادگیرنده 45,45
یادگیری 45
یافت 4,43
یافتن 43,46
یافتند 43
یافته 43,43
یحیی 43
یعنی 4,43
یونان 43,43,43
یکجا 43
یکسان 37
یکنواخت 40,41
