آدامار 52
آرمانی 6
آرگومان 29,29,53,53,53
آزاد 30
آزمون 54,54,54,54
آفین 59,59,59,59
آفینی 59,59,59,59,59,59,59
آمار 58,58
آمارگیر 58
آمده 30,6,8
آموزش 54
آنجا 54,54
آنگاه 53,54,58,8,8,8,8,8,8,8,8
آورد 54
آوردن 54
آورده 54,6
آورید 6
آوریل 51,57,58
آکادمی 58,58
آیتم 30,52,53,54,55,56,57,58,59,6,60,7,8
ابتدا 54,58
ابتدایی 8
ابعادشان 59
اتحاد 54,54,54
اتصال 6,6,6,6,6,6,6,6
اتصالی 6
اثبات 51,52,52,52
اجباری 30,52,53,54,55,56,57,58,59,6,60,7,8
اجتماع 30,59,7,8,8,8
اجتماعی 1,59
اجزای 56
احتمال 52,52,58,8,8,8,8,8,8,8,8,8,8,8,8
احتمالات 58,8
احتمالاتی 8
احتمالی 8
اختلاف 6
اختیاری 30,52,53,54,55,56,57,58,59,6,60,7,8
اخیر 30,30,52,52,53,53,54,54,55,55,56,56,57,57,58,58,59,59,6,6,60,60,7,7,8,8
اداره 54
ارائه 54,58,59,6
ارتباط 59,59
ارتباطی 59
ارزی 52
ارزیابی 60,60
ارشیا 54
ارضا 6
ارضای 6
اساس 54,54
اساسی 7
استاد 53
استادیار 58
استاندارد 29,29,29,30,52,54,56,59,59,60
استخراج 8
استراوس 51
استفاده 30,52,52,52,52,53,54,54,55,55,56,56,57,58,59,59,59,6,6,6,6,6,6,60,60,60,7,8,8,8,8
استکهلم 58,58
اسفند 55
اسپلاین 6,6,6,6,6,6,6
اسپیلاین 6
اشاره 58,59
اشتراک 30
اشیاء 59
اصل_جمع 7
اصلی 1,1,29,29,30,30,52,53,54,55,56,57,58,58,59,59,6,60,7,8
اصول 7,8,8,8
اصول_احتمال 8
اطلاعات 1,1,30,52,53,54,55,56,57,58,59,6,60,7,8
اطلاق 30
اطمینان 6
اعتبارسنجی 1
اعداد 30,52,52,52,52,52,52,52,52,52,52,52,52,52,52,52,53,53,53,55,55,55,55,55,55,55,57,58,59,8
اعدادی 30
اعلام 59
اغلب 59
افتادن 1
الأعداد 52
الحاق 30
القزوینی 53
الگو 1,1,1,29,29,29,29,30,53,56,8,8
الگوی 51,53,53,53,56,56,56,57,57,58,58,7,7
امروزی 55
امنیت 1
امکان 30,52,53,54,55,56,57,58,59,60,7,8
امین 52,53,58
انتخاب 54,59
انتشارات 60
انتهای 6,6
انتهایی 6
انجام 30,30,30,30,52,53,54,55,55,56,57,58,58,59,6,60,7,8
انجمن 53
انحنا 6,6
انحنای 6
اندازه 52,56,6
انسان 1
انواع 29,54
اهمیت 54,54
اوایل 58
اولین 58
اولیه 8,8,8,8
اوّل 54
اکتبر 52,57,58,60
ایجاد 6,6
ایده 52,52,59,59,59,59,59
اینجا 8
اینچنینی 52
اینگونه 59
باریک 6
باریکی 6
بازه 54
باشد 52,52,52,53,53,54,54,54,54,54,58,59,59,59,59,59,59,6,7,8,8,8,8,8
باشند 30,30,6,8
باشید 6
باشیم 59,59
باعث 6
بالا 6,8,8,8,8
باید 52,54,54,54
بتوان 54
بتوانیم 6
بخشی 6
بدست 54,59,6,6,6
بدنهٔ 6
بدون 53,53
بدین 52,7
بدیهی 59,8
برابر 54,54,54,54,54,6
برای 29,30,30,51,52,52,52,53,53,53,54,54,54,54,54,54,54,54,55,55,55,55,55,55,56,56,57,57,58,58,59,59,59,59,59,59,59,59,6,6,6,6,6,6,6,6,6,6,60,60,60,60,7,7,7,8
برخوردار 54
برخی 59
بردارهای 6
برداری 54
بررسی 52,54
برروی 30
برقرار 59,59,6
برنارد 52
برویم 7
بزرگ 52,52,59
بزرگی 56
بسازید 30,52,53,54,55,56,57,58,59,60,7,8
بستر 59
بسته 59,59,59,59,59,59
بسیار 52,58
بسیاری 58,58
بعدی 58,6
بلکه 59
بنابراین 52,6,6,6,6
بنیادی 59
بنیادین 59
به 54,54,54
بهایی 8
بهتر 6
بهشتی 53
بودن 52,59,59,6
بچسبند 6
بگیرید 55
بگیریم 54
بیاد 6
بیافزائید 55
بیان 52,52,6
بیانگر 54,54
بیشتر 29,30,51,52,52,53,53,54,54,55,55,56,56,57,57,58,58,59,59,6,6,60,60,7,7,8
بیمه 58
تئوری 58,58,58
تابع 29,29,52,52,52,52,52,54,6,6,6
تانسوری 30
تبدیل 54,54
تجاری 29,51,52,53,54,55,56,57,58,59,6,60,7
تجزیه 54,54
تحقیق 58
تحقیقات 53,53,58,58
تحلیل 58
تحلیلی 1,29
تحویل 59,59,59,59,59
ترتیب 30,54,58
ترکیبی 7
ترکیبیات 7
تشخیص 1,6
تشریح 6
تشکیل 6,6
تصادفی 30,52,52,52,53,54,55,56,57,58,58,59,6,60,7,8,8
تصاویر 30,52,53,54,55,56,57,58,59,6,60,7,8
تصویری 59,59,59,59,59,59,59,59,59,59,59
تعاریف 59,59
تعداد 52,52,54
تعریف 59,59,59,59,59,59,59,59,59,59,59,60,60
تعمیم 52,52,52,59
تعیین 30,56,59
تغییر 6
تغییرات 30,52,53,54,55,56,57,58,59,6,60,7,8
تفاوت 59
تقریباً 6,6
تقریبی 54
تقسیم 30,54,54
تلفن 29,51,52,53,54,55,56,57,58,59,6,60,7
تمام 55,59,59,59,6,6
تمرکز 6
تناسب 56
تناظری 59,59
تنسوری 29
تنها 30,57,6,6,6
توابع 52,59,59,59,59,6
توان 52,52,52,59,59,59,59,59,59,7,7,8
تواند 59
توانند 59
توانیم 7,8
توجه 52,57,59,60
توخالی 56
توزیع 1,52,52,54,58
توسط 51,52,53,53,53,59,59,59,6
توسعه 1,1
توصیف 52
تولید 56,59
توپولوژی 59,59,59,59
تکرار 52
تکراری 53,53,53
تکین 59,59
ثابت 54,54,54,8
جالب 6
جایگزین 55
جبری 1,29,29,54,59,59,59,59,59,59,59,59,59,59,59,59,59,59,59,59,59,59,59,59,59,59,59,59,59,59,59,59,59
جداگانه 52
جدید 59
جدیدی 59
جزئیات 29,51,52,53,54,55,56,57,58,59,6,60,7
جستارهای 29
جمشید 53
جمع_ 30
جمله 54,54,59,59,59,59,59,59,59,59,59,59,59
جمهوری 3
جنبه 59
جهانی 29
جواب 54,54,54,54,54,54,54,59
جوابی 54
جواد 60
حائز 54
حاصل 30,30,30,30,30,30,54,54,54,54,54,7
حالت 30,54,54,54
حالی 52,57,59,59,59,6
حداکثر 52,52,52,52
حدسی 51,53
حدسیه 53
حدود 52,52,52
حدوداً 52
حرکت 6
حساب 30,30,52,52,52,53,53,53,54,54,55,55,56,56,57,57,58,58,58,59,59,59,6,60,60,60,7,7,8,8
حساس 60
حقیقت 6,6,6
حقیقی 54,54,59
حلقه 59,59,59,59,59
حمید 53,53
حوالی 6
خارج 30,59,59
خارجی 29,58,58
خاصی 54
خدمت 58
خرابی 1
خصوص 30,52,53,54,55,56,57,58,59,6,60,7,8
خوارزمی 54
خواهد 53,6,6
خواهند 6
خواهید 6
خوبی 6
خورده 59
داخل 59
داخلی 56
دادن 54,54,6,6,6,6,6,6
داده 1,1,30,30,52,53,54,55,56,56,57,58,59,59,6,6,6,6,6,6,6,60,7,8
دارای 1,29,29,30,51,51,52,52,53,53,53,53,54,54,54,54,54,55,56,56,56,57,57,58,58,58,58,58,59,59,59,6,6,6,6,6,6,6,60,60,7,7,8,8
دارد 30,52,53,54,54,54,55,56,57,58,59,59,6,60,7,8
دارند 6
داریم 7,8,8,8
داشت 52,57,58,6
داشته 30,54,54,59,59,59,59,6,6,6
دانشنامهٔ 29,30,30,51,52,52,52,53,53,54,54,55,55,56,56,57,57,58,58,59,59,59,6,60,60,7,7,8,8
دانشگاه 58,58
دانیم 52,52,8
دایرۀ 56
درآوریم 54
درباره 52,52,53,53,53,58,8
دربارهٔ 1,1,29,29,29,30,30,52,53,53,54,55,56,56,57,58,59,6,60,7,8,8
درجات 6
درجه 54,54,54,54,54,54,54,54,54,54,54,54,54,54,54,54,54,54,54,54,54,54,54,54,59,6,6,6,6,6,6,6,6,6,6,6,6,6
درجهٔ 6
درجی 54
درست 53,53
درستی 6
درسی 54
درصورتی 54
درون 6,6,6,6
دسترس 29,51,52,53,54,55,56,57,58,59,6,60,7
دستگاه 59
دعوت 30,52,53,54,55,56,57,58,59,60,7,8
دقیق 52,6,6
دلایل 6
دلتا 54,54
دلخواه 6
دنبال 8
دنیا 58
دهند 59
دهنده 8
دهیم 30,6
دودویی 55
دونات 56
دکتر 53,53
دیفرانسیل 1,1,29
دیوار 6
دیواری 6
دیگر 30,30,51,52,52,53,54,54,54,54,55,56,56,57,57,58,58,59,59,59,6,6,6,6,6,60,7,8
دیگری 54,54,54,8
راحت 59
راست 6,6,6
راهنمایی 54
راهی 6
رایانه 55
رشته 58
روشی 55
روندی 8
رویداد 60
رویدادهای 30,52,53,54,55,56,57,58,59,6,60,7,8
رویه 59
ریاضی 1,30,53,53,53,53,53,54,57,58,58,8
ریاضیات 51,54,54,54,54,6,6
ریاضیدان 58
ریاضیدانان 59
ریشه 54,54,59
ریلکس 6,6,6
ریمان 52
زائیهٔ 6
زاده 54,58
زاریسکی 59,59,59,59
زاهدی 53
زاویه 56
زبان 30,52,52,52,54,54,56,56,56,58,58,59,59,59,60,60,60,60,8
زتای 52
زمان 60,60
زمانی 54,54,6,6,6
زمینه 58
زیاد 30,54
زیادی 55,58,6
زیرا 6
زیرشاخه 1
زیرمجموعه 59
ساتر 53,53
ساخت 30,52,53,54,55,56,57,58,59,59,59,60,7,8
ساختار 29,29
ساختن 54
ساخته 53,53
ساده 52,6
سادگی 30
سازمان 29,51,52,53,54,55,56,57,58,59,6,60,7
ساعت 29,51,52,53,54,55,56,57,58,59,6,60,7
ساقه 56
سامانه 30,30,30,52,52,52,53,53,53,54,54,54,55,55,55,56,56,56,57,57,57,58,58,58,59,59,59,6,60,60,60,60,7,7,7,8,8,8
ستپامبر 58
سرواژهٔ 60
سمتی 6
سنتی 59
سهولت 30
سوئد 58,58
سوئدی 58
سوار 6
سوالات 59
سونسکا 58
سپتامبر 53,55,58
سیستم 60,60
شاخص 60
شامل 60
شبکه 1
شرایط 6,60
شرطی 8
شروع 6,8
شرکت 58
شمارشی 7
شمارنده 52
شماره 30
شناسایی 59,60,60
شناسی 6,6
شهریور 7
شهودی 52,59
شورای 29
شوند 59,6
شوید 30,30,52,52,53,53,54,54,55,55,56,56,57,57,58,58,59,59,6,60,60,7,7,8,8
شکاف 52
شکلی 6
شیمی 58
صحیح 52,52,52,52,52,52,52,52,55,55,57
صحیحی 57
صفجه 30,52,53,54,55,56,57,58,59,6,60,7,8
صفحه 29,30,30,30,30,51,52,52,52,52,52,53,53,53,53,53,53,54,54,54,54,54,55,55,55,55,56,56,56,56,56,56,57,57,57,57,58,58,58,58,58,59,59,59,59,59,6,6,6,6,6,6,60,60,60,60,7,7,7,7,8,8,8,8,8
صفحهٔ 30,30,30,52,52,52,53,53,53,54,54,54,55,55,56,56,56,57,57,58,58,58,59,59,59,6,6,6,60,60,60,7,7,8,8,8
صورت 1,29,29,30,30,30,51,51,52,52,52,53,54,54,54,54,54,54,54,54,54,55,56,57,57,58,59,59,59,59,59,59,6,6,60,7,8,8
صورتِ 30
صورتی 30,54,54,54,6,6
صوری 52
ضابطه 6
ضرایب 54,59
ضرایبی 6
ضربشان 54
ضریب 54,54,54,59
ضریبِ 30
ضلعی 6,6
طبیعی 52,59,59
طراحی 1,55,6
طریق 59,59,7,7
طریقی 54
طوری 6
عامل 60
عبارت 1,30,52,53,54,54,55,56,57,58,59,59,60,7,8
عبارتند 8
عبارتی 54,58,59,6
عددی 55,57,57,59
علاقه 58
علامتی 29,51,52,53,54,55,56,57,58,59,6,60,7
علوم 1,3,3,3
علیرضا 7
علیه 30
عمومی 54,54,55,55
عنصر 60,60
عنوان 29,30,52,58,58,58,59
عیسی 53
غیراستاندارد 1
غیرانتفاعی 29,51,52,53,54,55,56,57,58,59,6,60,7
غیره 60
فاکتورگیری 54,54,54
فراخوانی 53,53,53
فرمول 54
فرهنگ 60
فرهنگستان 30
فشار 6
فشرده 6
فضای 8,8,8,8,8,8,8,8,8
فعالیت 58
فیروزبخت 53
فیزیکی 6
قابل 30,52,52,53,54,55,55,56,57,57,58,58,59,6,60,60,60,7,7,8
قالب 6
قدری 30
قرادادی 6
قرار 30,30,30,54,54,6,6,6,6,60
قرارداد 59,6
قسمت 30,53,59,59,6
قضیه 52,52,52,58,59,59
قضیه_اعداد_اول 52
قضیه_فیروزبخت 53
قطار 6
قطاری 6
قطاع 56
قوانین 8,8,8,8
لگاریتم 52
مؤلفه 56
مؤلفین 59
مارس 29,58,59,6,6
مانند 57,60
مانیک 59
مباحث 8
مبحثی 8
مبنای 54,55
مترون 60
متری 6
متصل 30,30,52,53,54,55,56,57,58,59,6,6,60,7,8
متعاقباً 6
متعلق 29,51,52,53,54,55,56,57,58,59,6,60,7
متغیر 54,54
متغیره 59
متغیرهای 58
متفاوت 30
متفاوتی 30
متقارن 29
متمم 30,59,8,8,8,8
مثال 29,51,52,59,6,6,6
مثالی 59,6,6
مثبت 52,52,54,54,54
مجانبی 52
مجبور 6
مجرد 29
مجزای 7
مجموع 30,51,54,54,54
مجموعه 59,59,59,59,59,59,59,59,59,59,59,59,59,59,59,59,59,59,59,59,59,59,59,59,59,7,8,8,8,8
مجموعهٔ 56
مجهز 59
مجوز 59,59
محتوای 30,52,53,54,55,56,57,58,59,6,60,7,8
محتویات 30,52,53,54,55,56,57,58,59,6,60,7,8
محدود 54
محدوده 55
محسن 53
محلی 29,29
محمد 53,53
محمدتقی 53
مخالف 6
مختصات 59
مختلط 59,59
مختلفی 54
مخرج 30,30,30,30,30,30,30
مخرجی 30
مخزن 30,52,53,54,55,56,57,58,59,6,60,7,8
مدار 1,55
مدرن 59
مذکور 6
مربع 54,54,54,54,54,54,54
مربوط 59
مرتب 54
مرتبط 29
مرتبطه 59
مروری 59
مرکزی 59
مسائل 51,54,6
مساحت 56
مساوی 52
مستقل 52,6
مستقیم 30
مستند 29
مشابه 29,29,6,6,6
مشابهی 59
مشاهده 1,1,29,29,30,53,56,6,8
مشترک 30,30,54
مشتق 6,6,6,6,6,6,6,6,6,6,6,6,6
مشتقات 6,6,6,6,6,6
مشخص 56,6
مشغول 58
مصنوعی 1
مصوب 60
مضاعف 54
مضرب 30
مضروب 30
مطابق 6,6
مطابقت 6,6,6,6,6,6,6
مطالعه 29,29,59
مطرح 51,53
مظفر 53
معادلات 53,53,54,59
معادله 52,52,52,54,54,54,54,54,54,54,54,54,54,54,54,54,54,54,54,54,54,54,54,54,54,54,54,54,54,54,54,54,54,6,6,6
معادله_درجه_دو 54
معادلهٔ 54,54,54,54,54
معایب 55
معرفی 52,58
معروف 54,54
معلوم 59
معمولاً 54,54,6,8
معمولِ 60
معناست 7
معنای 60
معنی 52,54,59,60
معکوس 52
مفرد 52
مفهوم 59,59
مفهومی 59
مفید 6,60
مقادیر 54,54
مقادیرش 59
مقالات 58
مقاله 58
مقدار 54,54
مقداری 54
مقدماتی 53
مقسوم 30
ممکن 59
مناسبی 54
منتج 54
منحنی 6,6,6,6,6,6,6,6,6,6,6,6,6,6,6,6,6,6,6,6,6,6
منحی 6
منظور 56,6,6
منفی 54,6
منیفلد 59,59
موارد 57
مواقعی 6
موجود 29
مورد 30,30,54,54,54,58,59,60,60
موسی 53,53
موضوعی 29
موقعی 54
مولد 52
مکان 59,59
مکمل 55,55,55,8
مکمل_یک 55
میان 52,52,52,56,6
میانگین 52
میانی 6,6,6,6
میدان 59,59
میدانی 59
میرشکاری 60
میزان 52,56
میلادی 59
ناتهی 59
ناخالص 56
نادری 53,53,53,53
ناسازگار 8,8,8
ناشی 6
نامیده 6
ناپدید 59,59,59
ناپذیر 59,59,59
ناپذیری 59,59
ناگاتا 59
نتایج 59,8
نتایجی 8
نتوان 59
نتیجه 52,54,57,59,6,7,8
نتیجهٔ 30,30,30
نخواهند 6
ندارد 54
ندارند 6
نزدیک 52
نزدیکتر 54
نزدیکی 6
نسبت 56
نسخه 30,52,53,54,55,56,57,58,59,6,60,7,8
نشان 59,6,6,6,6,6,8
نشانی 1,30,52,53,53,54,55,56,57,58,59,59,60,7,8
نشده 51
نصیرالدین 53
نضطهٔ 6
نظریه 52,52,52,52,59
نقاط 59,59,59,6,6,6,6,6,6,6,6,6
نقاطی 59,59,6
نقطه 59,59,59,6,6,6
نقطهٔ 6,6,6,6,6,6
نقطهی 6
نماد 54
نمایش 54,55,55,56,57,6
نمودار 54,56,56,56,56
نمودار_دایرهای 56
نمودارهای 56,56
نموداری 56,56
نمونه 6,7,8,8,8,8,8,8
نهایت 54
نهایی 30,30
نوار 1,30,52,53,54,55,56,57,58,59,6,6,60,7,8
نوارهای 6
نوشت 8
نویسیم 30
نکته 54,54,54,54
نگردیده 51
نگهداری 1
نیازمند 59
نیازی 59
نیست 30,52,53,54,55,56,57,58,59,59,6,6,60,7,8
نیستند 6
نیمهصحیح 57
نیوتون 54
هارالد_کرامر 58
هایش 59
هایی 59,59
هرچند 30,52,53,54,55,56,57,58,59,60,7,8
هرگونه 60
هستند 52,54,59,6,8,8
هستید 6
همان 59,6,6
همانگونه 6,6,6,6
همدیگر 6
همراه 29,29
همزمان 59
همهٔ 30,30,52,52,53,53,54,54,55,55,56,56,57,57,58,58,59,59,6,6,60,60,7,7,8,8
هموار 6,6
هموارتر 6,6
همواره 54,54,6
همچنین 59
همگن 59,59,59
همگنی 59
همگی 57
همین 30,52,53,54,55,56,57,58,59,60,7,8
هندسه 59,59
هندسی 29,54,59,59
هنوز 6
هواپیما 6
هیلبرت 59,59
وابسته 58,58,58,6
واحد 29,55
وارد 30,30,30,52,52,52,53,53,53,54,54,54,55,55,55,56,56,56,57,57,57,58,58,58,58,59,59,59,6,60,60,60,7,7,7,8,8,8
واریته 59,59,59,59,59,59,59,59,59,59,59,59,59,59,59,59,59,59,59,59,59,59,59,59,59
واریته_جبری 59
واضح 59
واقع 54
واقعی 6
واژه 6
واژگان 52,52,54,54,56,56,58,58,59,59,59,60,60,60,8
وجود 1,1,1,1,1,1,1,1,29,29,29,29,29,29,29,29,29,3,3,3,3,3,3,30,30,30,30,30,30,51,52,54,54,55,56,56,56,59,59,59,6,8,8,8,8,8,8,8,8,8
ورودی 6,6
وضعیت 60,60
وضعیتی 60
ویرایش 1,1,29,29,29,51,52,53,53,54,55,56,56,57,58,59,6,60,7,8
ویند 59
ویژه 30,52,53,54,55,56,57,58,59,6,60,7,8
ویژگی 60,60
ویکی 30,52,53,54,55,56,57,58,59,6,60,7,8
پارا 6,60
پارامتر 60,60
پارامتری 6
پاسخ 53,53,53
پانویس 59
پایدار 30,52,53,54,55,56,57,58,59,6,60,7,8
پایین 6,8,8,8
پذیر 59
پراسنجه 60
پرانتز 54
پردازش 1
پرسیدن 59
پرنتیس 8
پروفسور 58
پروژه 60
پشتیبانی 1
پوسین 52
پژوهش 3
پیدا 30,52,54,54,6
پیرامون 30,30,30,52,52,52,53,53,53,54,54,54,55,55,55,56,56,56,57,57,57,58,58,58,59,59,59,6,6,60,60,60,60,7,7,7,8,8,8
پیروی 56
پیشامد 8,8,8,8
پیشامدهای 8,8,8
پیشامدهایی 8
پیشامدی 8,8
پیشین 30,52,53,54,55,56,57,58,59,6,60,7,8
پیوسته 6,6,6
پیوستگی 6
پیوند 29,30,30,52,52,53,53,53,54,54,54,54,54,55,55,56,56,56,57,57,58,58,59,59,59,6,6,6,60,60,7,7,8,8,8,8,8
پیوندهای 30,52,53,54,55,56,57,58,59,6,60,7,8
پیچیدگی 1
پیکربندی 1
چارلز 52
چسباندن 59,6
چسبانده 6
چقدر 6
چنان 54,6
چنانچه 55
چندجمله 59
چندین 1,59
چنین 59,59,6,8
چگالی 52
چگونگی 30,52,53,54,55,56,57,58,59,6,60,7,8
ژانویهٔ 54
ژوئیهٔ 7
کابین 6
کارایی 54,60
کاربری 30,30,52,52,53,53,54,54,54,55,55,56,56,57,57,58,58,59,59,6,60,60,7,7,8,8
کارهای 58
کاسته 30
کافی 30,52,52
کامل 54,54,54,54,54
کامپیوتر 1
کتاب 54
کتابخانه 29
کدام 30
کرامر 58,58,58,58
کران 8
کرانه 30
کردن 1,30,52,53,54,54,54,54,54,55,55,56,56,57,58,59,6,60,7,8
کرده 30,30,59
کریتیو 59,59
کسرهای 30,30
کشیده 6
کلمهٔ 6
کلمو 58
کمان 56
کمتر 52
کناری 1,30,52,53,54,55,56,57,58,59,60,7,8
کنترل 29,6
کنترلی 6,6
کنند 59
کننده 60
کنکور 7
کنید 59,59,59,6,6
کنیم 30,54,54,59,59,59,8
کوچکتر 52,54,59
گذاشتن 30
گذشتن 6
گذشته 6
گرفته 60
گروف 58
گروه 29
گرچه 30,52,53,54,55,56,57,58,59,6,60,7,8
گسترش 59
گفته 54,54,54
گوشه 6
گوناگون 56
گونه 55,59
گویای 51
گویند 59,59,59
گیرد 59
یابی 6,6,6,6
یادکرد 30,52,53,54,55,56,57,58,59,6,60,7,8
یافتن 54
یعنی 54,59,59,59,59,6,7
یونانی 60
یکدیگر 30,30,6,6,6
یکسان 30,6,6
یکنواخت 6,6
یکپارچه 1,1
یگانه 53,53
